[gd_scene load_steps=64 format=3 uid="uid://bltv4krvinfxe"]

[ext_resource type="PackedScene" uid="uid://d061qvawp8f1b" path="res://game/levels/dstar_e/dstar_eStatic.tscn" id="1_6cq2n"]
[ext_resource type="PackedScene" uid="uid://dww4vwaw3iel4" path="res://game/assets/maps_with_npcs/dstar_e/map.gltf" id="2_0a4kb"]
[ext_resource type="Script" path="res://game/components/levelchange_activator/levelchange_activator.gd" id="2_w8xdv"]
[ext_resource type="PackedScene" uid="uid://uh1porxrhyvj" path="res://game/tools/object_position_marker.tscn" id="3_bplp7"]
[ext_resource type="Environment" uid="uid://dnqtk4w0akkfw" path="res://game/assets/world_environments/dragonstar.tres" id="3_gk7ho"]
[ext_resource type="PackedScene" uid="uid://dddrothxl62m" path="res://game/tools/character_position_marker.tscn" id="3_swkkx"]
[ext_resource type="PackedScene" uid="uid://dxs33r70qir5m" path="res://game/actors/characters/generated_characters/164_monsters__penelope/164_monsters__penelope.tscn" id="6_wdv2c"]
[ext_resource type="PackedScene" uid="uid://ck4agvlmmfbyo" path="res://game/actors/characters/generated_characters/852_dstar_e__wylia/852_dstar_e__wylia.tscn" id="7_4ii1q"]
[ext_resource type="PackedScene" uid="uid://46ycmp7vc74o" path="res://game/actors/characters/generated_characters/282_dstar_e__uwa/282_dstar_e__uwa.tscn" id="8_a7p1c"]
[ext_resource type="PackedScene" uid="uid://dap8lki3fgebf" path="res://game/actors/characters/generated_characters/282_dstar_e__hasturt/282_dstar_e__hasturt.tscn" id="9_28gh1"]
[ext_resource type="PackedScene" uid="uid://c07kq605otv2t" path="res://game/actors/characters/generated_characters/852_dstar_e__yvette/852_dstar_e__yvette.tscn" id="10_iksns"]
[ext_resource type="PackedScene" uid="uid://ojva0ive062q" path="res://game/actors/characters/generated_characters/280_dstar_e__dolic/280_dstar_e__dolic.tscn" id="11_d8ftc"]
[ext_resource type="PackedScene" uid="uid://i1y531tyf4eb" path="res://game/actors/characters/generated_characters/280_dstar_e__trent/280_dstar_e__trent.tscn" id="12_5h0sd"]
[ext_resource type="PackedScene" uid="uid://dkb3vh1tqgi8g" path="res://game/actors/characters/generated_characters/4212_dstar_e__dse_skyrim_soldier/4212_dstar_e__dse_skyrim_soldier.tscn" id="13_5dlal"]
[ext_resource type="PackedScene" uid="uid://cqvatmm17yp7e" path="res://game/actors/characters/generated_characters/165_monsters__seraphidis/165_monsters__seraphidis.tscn" id="15_o43yw"]
[ext_resource type="PackedScene" uid="uid://bodpcye7qccmo" path="res://game/actors/characters/generated_characters/112_dstar_e__old_trinket/112_dstar_e__old_trinket.tscn" id="16_vu0hh"]
[ext_resource type="PackedScene" uid="uid://84qlourqnlo2" path="res://game/actors/characters/generated_characters/163_monsters__clever_sed/163_monsters__clever_sed.tscn" id="17_ubs8v"]
[ext_resource type="PackedScene" uid="uid://df4wnh5ggoavq" path="res://game/actors/characters/generated_characters/203_monsters__assault_rat/203_monsters__assault_rat.tscn" id="18_nl15o"]
[ext_resource type="PackedScene" uid="uid://11cxspeap5av" path="res://game/actors/characters/generated_characters/4244_dstar_e__dse_skyrim_archer/4244_dstar_e__dse_skyrim_archer.tscn" id="19_4nwic"]
[ext_resource type="PackedScene" uid="uid://swkblqqukpmu" path="res://game/actors/characters/generated_characters/222_dstar_e__dragonstar_g/222_dstar_e__dragonstar_g.tscn" id="20_mhrf6"]
[ext_resource type="PackedScene" uid="uid://bywbtwceohgwp" path="res://game/actors/characters/generated_characters/164_dstar_e__girrada/164_dstar_e__girrada.tscn" id="21_svytu"]
[ext_resource type="PackedScene" uid="uid://cctkdhiuhuhsx" path="res://game/actors/characters/generated_characters/853_dstar_e__dominus/853_dstar_e__dominus.tscn" id="22_44vud"]
[ext_resource type="PackedScene" uid="uid://cf4crxo5cg1qi" path="res://game/actors/characters/generated_characters/853_dstar_e__prisoner/853_dstar_e__prisoner.tscn" id="23_7cuib"]
[ext_resource type="PackedScene" uid="uid://ckeji4hefedt2" path="res://game/actors/characters/generated_characters/4212_dstar_e__m_skyrimhq/4212_dstar_e__m_skyrimhq.tscn" id="24_8yqrl"]
[ext_resource type="PackedScene" uid="uid://cdio03heykhe1" path="res://game/actors/characters/generated_characters/853_dstar_e__pit_boss/853_dstar_e__pit_boss.tscn" id="25_gl1sc"]
[ext_resource type="PackedScene" uid="uid://b6o8a2emero7g" path="res://game/actors/characters/generated_characters/4207_dstar_e__monster01/4207_dstar_e__monster01.tscn" id="26_f4hi1"]
[ext_resource type="PackedScene" uid="uid://bgg3wnqkreffw" path="res://game/actors/characters/generated_characters/4212_dstar_e__monster02/4212_dstar_e__monster02.tscn" id="27_77nxg"]
[ext_resource type="PackedScene" uid="uid://bg6kd3cmknj3c" path="res://game/actors/characters/generated_characters/222_dstar_e__monster03/222_dstar_e__monster03.tscn" id="28_6gs76"]
[ext_resource type="PackedScene" uid="uid://b7dewlqvwfqrs" path="res://game/actors/characters/generated_characters/4212_dstar_e__monster04/4212_dstar_e__monster04.tscn" id="29_jkgnn"]
[ext_resource type="PackedScene" uid="uid://cd5jysosra31d" path="res://game/actors/characters/generated_characters/4207_dstar_e__monster05/4207_dstar_e__monster05.tscn" id="30_wep23"]
[ext_resource type="PackedScene" uid="uid://c7aq78rqxab5f" path="res://game/actors/characters/generated_characters/853_dstar_e__pitfans/853_dstar_e__pitfans.tscn" id="31_2x7ld"]
[ext_resource type="PackedScene" uid="uid://dyq8t54t4er38" path="res://game/actors/characters/generated_characters/852_dstar_e__pitfans/852_dstar_e__pitfans.tscn" id="32_csfgl"]
[ext_resource type="PackedScene" uid="uid://b1l0yuoi4tiim" path="res://game/actors/characters/generated_characters/163_dstar_e__thief_trainer/163_dstar_e__thief_trainer.tscn" id="33_f8g3r"]
[ext_resource type="PackedScene" uid="uid://c4hlxk8wesmb2" path="res://game/actors/characters/generated_characters/4207_dstar_e__thief_raider/4207_dstar_e__thief_raider.tscn" id="34_25m5d"]
[ext_resource type="PackedScene" uid="uid://c8d6kepv4ragj" path="res://game/actors/characters/generated_characters/207_dstar_e__thief_ace_archer/207_dstar_e__thief_ace_archer.tscn" id="35_hkkbw"]
[ext_resource type="PackedScene" uid="uid://s5433gcpdsbg" path="res://game/actors/characters/generated_characters/221_dstar_e__dse_dragonstar_archer/221_dstar_e__dse_dragonstar_archer.tscn" id="36_lou80"]
[ext_resource type="PackedScene" uid="uid://cqtsbsc3x7gv7" path="res://game/actors/characters/generated_characters/222_dstar_e__dse_dragonstar_guard/222_dstar_e__dse_dragonstar_guard.tscn" id="37_b67vl"]
[ext_resource type="PackedScene" uid="uid://0scbs7ggsyb2" path="res://game/actors/characters/generated_characters/4212_monsters__skyrim_soldier/4212_monsters__skyrim_soldier.tscn" id="38_d5j8e"]
[ext_resource type="PackedScene" uid="uid://cje7gch7teyth" path="res://game/actors/characters/generated_characters/852_dstar_e__cure01/852_dstar_e__cure01.tscn" id="39_oxjfh"]
[ext_resource type="PackedScene" uid="uid://cmjlqy1apm1og" path="res://game/actors/characters/generated_characters/852_dstar_e__money10/852_dstar_e__money10.tscn" id="40_oure3"]
[ext_resource type="PackedScene" uid="uid://cva6ierbw57xv" path="res://game/actors/characters/generated_characters/852_dstar_w__f_citizen_fine/852_dstar_w__f_citizen_fine.tscn" id="41_u6yri"]
[ext_resource type="PackedScene" uid="uid://btajp3htxrvae" path="res://game/actors/characters/generated_characters/207_monsters__ace_archer/207_monsters__ace_archer.tscn" id="42_4mjrb"]
[ext_resource type="PackedScene" uid="uid://84ukdj0i6b0m" path="res://game/actors/characters/generated_characters/4207_monsters__raider/4207_monsters__raider.tscn" id="43_cc3j4"]
[ext_resource type="PackedScene" uid="uid://boap3b7wtoku1" path="res://game/actors/characters/generated_characters/853_dstar_w__m_citizen/853_dstar_w__m_citizen.tscn" id="44_7wuyg"]
[ext_resource type="PackedScene" uid="uid://bwxo8a1sfnm8x" path="res://game/actors/characters/generated_characters/118_monsters__bandit_mage/118_monsters__bandit_mage.tscn" id="45_cckno"]
[ext_resource type="PackedScene" uid="uid://cu2lt1bpva8tu" path="res://game/actors/characters/generated_characters/4003_monsters__shardwolf/4003_monsters__shardwolf.tscn" id="46_6uk32"]
[ext_resource type="PackedScene" uid="uid://54lkupu21pu3" path="res://game/actors/characters/generated_characters/852_dstar_e__bread01/852_dstar_e__bread01.tscn" id="47_md83o"]
[ext_resource type="PackedScene" uid="uid://csbo05ahiasfn" path="res://game/actors/characters/generated_characters/852_dstar_e__talk01/852_dstar_e__talk01.tscn" id="48_vc2hx"]
[ext_resource type="PackedScene" uid="uid://lfo0yxenuc0y" path="res://game/actors/characters/generated_characters/852_dstar_e__cure02/852_dstar_e__cure02.tscn" id="49_6jwlk"]
[ext_resource type="PackedScene" uid="uid://245t1tkix8bn" path="res://game/actors/characters/generated_characters/222_monsters__dragonstar_guard/222_monsters__dragonstar_guard.tscn" id="50_puoor"]
[ext_resource type="PackedScene" uid="uid://xgpubh4asctk" path="res://game/actors/characters/generated_characters/275_monsters__umbric_rats/275_monsters__umbric_rats.tscn" id="51_1k7ss"]
[ext_resource type="PackedScene" uid="uid://cak3fdr8a70g3" path="res://game/actors/characters/generated_characters/853_dstar_e__talk02/853_dstar_e__talk02.tscn" id="52_l08qa"]
[ext_resource type="PackedScene" uid="uid://bo2b1auo8c65q" path="res://game/actors/characters/generated_characters/853_dstar_w__m_citizen_fine/853_dstar_w__m_citizen_fine.tscn" id="53_p45jw"]
[ext_resource type="PackedScene" uid="uid://dnc5vwceh77dp" path="res://game/actors/characters/generated_characters/852_dstar_e__money11/852_dstar_e__money11.tscn" id="54_1u8pi"]
[ext_resource type="PackedScene" uid="uid://cqo3syj25ucp" path="res://game/actors/characters/generated_characters/852_dstar_e__money12/852_dstar_e__money12.tscn" id="55_qn8a4"]
[ext_resource type="PackedScene" uid="uid://dj54kjr7bfee" path="res://game/actors/characters/generated_characters/4244_monsters__skyrim_archer/4244_monsters__skyrim_archer.tscn" id="56_v7qrp"]
[ext_resource type="PackedScene" uid="uid://bq14w7sp5vbfw" path="res://game/actors/characters/generated_characters/107_monsters__bandit_thug/107_monsters__bandit_thug.tscn" id="57_yqjwc"]
[ext_resource type="PackedScene" uid="uid://ca2j4l43iqe6" path="res://game/actors/characters/generated_characters/853_dstar_e__bread03/853_dstar_e__bread03.tscn" id="58_6q73v"]
[ext_resource type="PackedScene" uid="uid://cidbtto3kkwoa" path="res://game/actors/characters/generated_characters/4212_dstar_e__m_skyrimhq_watch/4212_dstar_e__m_skyrimhq_watch.tscn" id="59_fvvn1"]
[ext_resource type="PackedScene" uid="uid://bt4d4ownk3rpq" path="res://game/actors/characters/generated_characters/4244_dstar_e__m_skyrimhq_ace/4244_dstar_e__m_skyrimhq_ace.tscn" id="60_nm2pn"]
[ext_resource type="PackedScene" uid="uid://wwx6e3bh8fm" path="res://game/actors/characters/generated_characters/166_dstar_e__tanyin_aldwyr/166_dstar_e__tanyin_aldwyr.tscn" id="61_bk3hm"]

[sub_resource type="BoxMesh" id="BoxMesh_i3mve"]
size = Vector3(0.1, 0.1, 0.1)

[sub_resource type="BoxShape3D" id="BoxShape3D_u34mr"]
size = Vector3(3, 5, 1)

[node name="dstar_e" type="Node3D"]

[node name="StaticTerrain" type="Node3D" parent="." groups=["static_terrain"]]

[node name="dstar_e" parent="StaticTerrain" instance=ExtResource("1_6cq2n")]
transform = Transform3D(1, 0, 0, 0, 1, 0, 0, 0, 1, 0.5, -10, 0)

[node name="npc_placement" type="Node3D" parent="StaticTerrain"]
visible = false

[node name="map" parent="StaticTerrain/npc_placement" instance=ExtResource("2_0a4kb")]

[node name="actors" type="Node3D" parent="."]

[node name="named_characters" type="Node3D" parent="actors"]

[node name="opponents" type="Node3D" parent="actors"]

[node name="164_placeholder3" parent="actors/opponents" instance=ExtResource("6_wdv2c")]
transform = Transform3D(0.956265, 0, 0.292503, 0, 1, 0, -0.292503, 0, 0.956265, 15.5, -3.75, 48.5)

[node name="852_placeholder16" parent="actors/opponents" instance=ExtResource("7_4ii1q")]
transform = Transform3D(-1, 0, -8.74228e-08, 0, 1, 0, 8.74228e-08, 0, -1, -41.5, -3, -61.5)

[node name="282_placeholder3" parent="actors/opponents" instance=ExtResource("8_a7p1c")]
transform = Transform3D(0.998776, 0, 0.0494537, 0, 1, 0, -0.0494537, 0, 0.998776, -45.5, -3, -56.8906)

[node name="282_placeholder4" parent="actors/opponents" instance=ExtResource("9_28gh1")]
transform = Transform3D(-1, 0, -8.74228e-08, 0, 1, 0, 8.74228e-08, 0, -1, -28.5, -3, -61.5)

[node name="852_placeholder17" parent="actors/opponents" instance=ExtResource("10_iksns")]
transform = Transform3D(0.998776, 0, 0.0494537, 0, 1, 0, -0.0494537, 0, 0.998776, -34.5, -3, -57.2812)

[node name="280_placeholder3" parent="actors/opponents" instance=ExtResource("11_d8ftc")]
transform = Transform3D(0.609579, 0, 0.792726, 0, 1, 0, -0.792726, 0, 0.609579, -23.5, -3, -57.5)

[node name="280_placeholder4" parent="actors/opponents" instance=ExtResource("12_5h0sd")]
transform = Transform3D(-0.814793, 0, -0.579752, 0, 1, 0, 0.579752, 0, -0.814793, -57.5, -3, -61.5)

[node name="4212_placeholder25" parent="actors/opponents" instance=ExtResource("13_5dlal")]
transform = Transform3D(0.304308, 0, -0.952574, 0, 1, 0, 0.952574, 0, 0.304308, 55.9844, -3.5, 3.46094)

[node name="4212_placeholder26" parent="actors/opponents" instance=ExtResource("13_5dlal")]
transform = Transform3D(0.327776, 0, -0.944755, 0, 1, 0, 0.944755, 0, 0.327776, 56.375, -3.5, -0.242188)

[node name="165_placeholder2" parent="actors/opponents" instance=ExtResource("15_o43yw")]
transform = Transform3D(0.912874, 0, 0.408243, 0, 1, 0, -0.408243, 0, 0.912874, -40.5, 4.25, -46.6719)

[node name="112_placeholder2" parent="actors/opponents" instance=ExtResource("16_vu0hh")]
transform = Transform3D(0.135634, 0, -0.990759, 0, 1, 0, 0.990759, 0, 0.135634, 21.5, -3, -29.5)

[node name="163_placeholder3" parent="actors/opponents" instance=ExtResource("17_ubs8v")]
transform = Transform3D(0.737045, 0, -0.675844, 0, 1, 0, 0.675844, 0, 0.737045, -42.5, -3, 61.1094)

[node name="203_placeholder14" parent="actors/opponents" instance=ExtResource("18_nl15o")]
transform = Transform3D(-1, 0, -8.74228e-08, 0, 1, 0, 8.74228e-08, 0, -1, -23.5, -3.25, -6.5)

[node name="203_placeholder15" parent="actors/opponents" instance=ExtResource("18_nl15o")]
transform = Transform3D(-1, 0, -8.74228e-08, 0, 1, 0, 8.74228e-08, 0, -1, -24.5, -3, -15.5)

[node name="203_placeholder16" parent="actors/opponents" instance=ExtResource("18_nl15o")]
transform = Transform3D(-0.999694, 0, -0.0247344, 0, 1, 0, 0.0247344, 0, -0.999694, -36.5, -2.25, -5.5)

[node name="203_placeholder17" parent="actors/opponents" instance=ExtResource("18_nl15o")]
transform = Transform3D(-1, 0, -8.74228e-08, 0, 1, 0, 8.74228e-08, 0, -1, -38.5, -3, -8.5)

[node name="203_placeholder18" parent="actors/opponents" instance=ExtResource("18_nl15o")]
transform = Transform3D(-1, 0, -8.74228e-08, 0, 1, 0, 8.74228e-08, 0, -1, -42.5, -3, -14.5)

[node name="203_placeholder19" parent="actors/opponents" instance=ExtResource("18_nl15o")]
transform = Transform3D(-1, 0, -8.74228e-08, 0, 1, 0, 8.74228e-08, 0, -1, -36.5, -3, -13.5)

[node name="4212_placeholder27" parent="actors/opponents" instance=ExtResource("13_5dlal")]
transform = Transform3D(-1, 0, -8.74228e-08, 0, 1, 0, 8.74228e-08, 0, -1, -35.5, -3, -31.5)

[node name="4212_placeholder28" parent="actors/opponents" instance=ExtResource("13_5dlal")]
transform = Transform3D(-0.999694, 0, -0.0247344, 0, 1, 0, 0.0247344, 0, -0.999694, -43.5, -3, -29.5)

[node name="4244_placeholder13" parent="actors/opponents" instance=ExtResource("19_4nwic")]
transform = Transform3D(-0.998776, 0, -0.0494537, 0, 1, 0, 0.0494537, 0, -0.998776, -41.5, -3, -34.5)

[node name="4244_placeholder14" parent="actors/opponents" instance=ExtResource("19_4nwic")]
transform = Transform3D(-1, 0, -8.74228e-08, 0, 1, 0, 8.74228e-08, 0, -1, -20.5, -3, -42.5)

[node name="4244_placeholder15" parent="actors/opponents" instance=ExtResource("19_4nwic")]
transform = Transform3D(-1, 0, -8.74228e-08, 0, 1, 0, 8.74228e-08, 0, -1, -21.5, -3, -46.5)

[node name="4212_placeholder29" parent="actors/opponents" instance=ExtResource("13_5dlal")]
transform = Transform3D(-0.408242, 0, -0.912874, 0, 1, 0, 0.912874, 0, -0.408242, -58.5, -3, -50.5)

[node name="4212_placeholder30" parent="actors/opponents" instance=ExtResource("13_5dlal")]
transform = Transform3D(-0.998776, 0, -0.0494537, 0, 1, 0, 0.0494537, 0, -0.998776, -60.5, -3, -48.5)

[node name="222_placeholder17" parent="actors/opponents" instance=ExtResource("20_mhrf6")]
transform = Transform3D(0.0370969, 0, 0.999312, 0, 1, 0, -0.999312, 0, 0.0370969, 47.5, -3, -52.5)

[node name="222_placeholder18" parent="actors/opponents" instance=ExtResource("20_mhrf6")]
transform = Transform3D(0.999694, 0, -0.0247347, 0, 1, 0, 0.0247347, 0, 0.999694, 43.5938, -3, -47.5)

[node name="164_placeholder4" parent="actors/opponents" instance=ExtResource("21_svytu")]
transform = Transform3D(-1, 0, -8.74228e-08, 0, 1, 0, 8.74228e-08, 0, -1, 56.5, -3, -58.5)

[node name="853_placeholder14" parent="actors/opponents" instance=ExtResource("22_44vud")]
transform = Transform3D(-1, 0, -8.74228e-08, 0, 1, 0, 8.74228e-08, 0, -1, 45.5, -3, -59.5)

[node name="853_placeholder15" parent="actors/opponents" instance=ExtResource("23_7cuib")]
transform = Transform3D(0.0370971, 0, -0.999312, 0, 1, 0, 0.999312, 0, 0.0370971, 19.5, -3, -51.5)

[node name="853_placeholder16" parent="actors/opponents" instance=ExtResource("23_7cuib")]
transform = Transform3D(-1, 0, -8.74228e-08, 0, 1, 0, 8.74228e-08, 0, -1, 19.5, -3, -45.5)

[node name="853_placeholder17" parent="actors/opponents" instance=ExtResource("23_7cuib")]
transform = Transform3D(-0.208718, 0, 0.977976, 0, 1, 0, -0.977976, 0, -0.208718, 31.5, -3, -51.5)

[node name="853_placeholder18" parent="actors/opponents" instance=ExtResource("23_7cuib")]
transform = Transform3D(-0.0864711, 0, 0.996254, 0, 1, 0, -0.996254, 0, -0.0864711, 31.5, -3, -38.5)

[node name="4212_placeholder31" parent="actors/opponents" instance=ExtResource("24_8yqrl")]
transform = Transform3D(-0.589785, 0, -0.807561, 0, 1, 0, 0.807561, 0, -0.589785, 22.5, -3, -42.5)

[node name="4212_placeholder32" parent="actors/opponents" instance=ExtResource("24_8yqrl")]
transform = Transform3D(-0.800204, 0, -0.599728, 0, 1, 0, 0.599728, 0, -0.800204, 26.5, -3, -47.5)

[node name="853_placeholder19" parent="actors/opponents" instance=ExtResource("25_gl1sc")]
transform = Transform3D(-0.0123684, 0, -0.999924, 0, 1, 0, 0.999924, 0, -0.0123684, -20.7188, -3, 23.5)

[node name="4207_placeholder12" parent="actors/opponents" instance=ExtResource("26_f4hi1")]
transform = Transform3D(-0.880093, 0, -0.474802, 0, 1, 0, 0.474802, 0, -0.880093, -63.5, -3.5, -45.5)

[node name="4212_placeholder33" parent="actors/opponents" instance=ExtResource("27_77nxg")]
transform = Transform3D(-0.880093, 0, -0.474802, 0, 1, 0, 0.474802, 0, -0.880093, -63.5, -3.5, -46.5)

[node name="222_placeholder19" parent="actors/opponents" instance=ExtResource("28_6gs76")]
transform = Transform3D(-0.880093, 0, -0.474802, 0, 1, 0, 0.474802, 0, -0.880093, -63.5, -3.5, -47.5)

[node name="4212_placeholder34" parent="actors/opponents" instance=ExtResource("29_jkgnn")]
transform = Transform3D(-0.880093, 0, -0.474802, 0, 1, 0, 0.474802, 0, -0.880093, -63.5, -3.5, -48.5)

[node name="4207_placeholder13" parent="actors/opponents" instance=ExtResource("30_wep23")]
transform = Transform3D(-0.880093, 0, -0.474802, 0, 1, 0, 0.474802, 0, -0.880093, -63.5, -3.5, -49.5)

[node name="853_placeholder20" parent="actors/opponents" instance=ExtResource("31_2x7ld")]
transform = Transform3D(-0.0864711, 0, 0.996254, 0, 1, 0, -0.996254, 0, -0.0864711, -22.5, -3.75, 15.5)

[node name="853_placeholder21" parent="actors/opponents" instance=ExtResource("31_2x7ld")]
transform = Transform3D(-0.0864711, 0, 0.996254, 0, 1, 0, -0.996254, 0, -0.0864711, -22.5, -3.75, 11.5)

[node name="852_placeholder18" parent="actors/opponents" instance=ExtResource("32_csfgl")]
transform = Transform3D(0.304308, 0, -0.952574, 0, 1, 0, 0.952574, 0, 0.304308, -34.3984, -3.75, 14.5)

[node name="852_placeholder19" parent="actors/opponents" instance=ExtResource("32_csfgl")]
transform = Transform3D(-1, 0, -8.74228e-08, 0, 1, 0, 8.74228e-08, 0, -1, -29.5, -3.75, 8.5)

[node name="163_placeholder4" parent="actors/opponents" instance=ExtResource("33_f8g3r")]
transform = Transform3D(0.160098, 0, 0.987101, 0, 1, 0, -0.987101, 0, 0.160098, -42.5, -3, 49.6719)

[node name="4207_placeholder14" parent="actors/opponents" instance=ExtResource("34_25m5d")]
transform = Transform3D(0.589785, 0, 0.807561, 0, 1, 0, -0.807561, 0, 0.589785, -52.5, -3, 51.5)

[node name="4207_placeholder15" parent="actors/opponents" instance=ExtResource("34_25m5d")]
transform = Transform3D(0.589785, 0, -0.807561, 0, 1, 0, 0.807561, 0, 0.589785, -59.5, -3, 51.5)

[node name="207_placeholder10" parent="actors/opponents" instance=ExtResource("35_hkkbw")]
transform = Transform3D(0.891567, 0, 0.452888, 0, 1, 0, -0.452888, 0, 0.891567, -55.2344, -3, 52.1875)

[node name="207_placeholder11" parent="actors/opponents" instance=ExtResource("35_hkkbw")]
transform = Transform3D(0.56963, 0, -0.821901, 0, 1, 0, 0.821901, 0, 0.56963, -57.5, -3, 46.7188)

[node name="221_placeholder9" parent="actors/opponents" instance=ExtResource("36_lou80")]
transform = Transform3D(-0.999694, 0, -0.0247344, 0, 1, 0, 0.0247344, 0, -0.999694, 3.5, -3.5, -5.5)

[node name="222_placeholder20" parent="actors/opponents" instance=ExtResource("37_b67vl")]
transform = Transform3D(-0.999694, 0, -0.0247344, 0, 1, 0, 0.0247344, 0, -0.999694, 5.5, -3.375, -7.5)

[node name="222_placeholder21" parent="actors/opponents" instance=ExtResource("37_b67vl")]
transform = Transform3D(-0.999694, 0, -0.0247344, 0, 1, 0, 0.0247344, 0, -0.999694, 6.5, -3, -13.5)

[node name="222_placeholder22" parent="actors/opponents" instance=ExtResource("37_b67vl")]
transform = Transform3D(-0.999694, 0, -0.0247344, 0, 1, 0, 0.0247344, 0, -0.999694, 8.5, -3, -16.5)

[node name="222_placeholder23" parent="actors/opponents" instance=ExtResource("37_b67vl")]
transform = Transform3D(-0.999694, 0, -0.0247344, 0, 1, 0, 0.0247344, 0, -0.999694, 3.5, -3, -17.5)

[node name="221_placeholder10" parent="actors/opponents" instance=ExtResource("36_lou80")]
transform = Transform3D(-1, 0, -8.74228e-08, 0, 1, 0, 8.74228e-08, 0, -1, 7.5, -3, -28.5)

[node name="221_placeholder11" parent="actors/opponents" instance=ExtResource("36_lou80")]
transform = Transform3D(-1, 0, -8.74228e-08, 0, 1, 0, 8.74228e-08, 0, -1, 3.5, -3, -26.5)

[node name="221_placeholder12" parent="actors/opponents" instance=ExtResource("36_lou80")]
transform = Transform3D(-1, 0, -8.74228e-08, 0, 1, 0, 8.74228e-08, 0, -1, 8.5, -3, -37.5)

[node name="221_placeholder13" parent="actors/opponents" instance=ExtResource("36_lou80")]
transform = Transform3D(-1, 0, -8.74228e-08, 0, 1, 0, 8.74228e-08, 0, -1, 6.5, -3, -33.5)

[node name="222_placeholder24" parent="actors/opponents" instance=ExtResource("37_b67vl")]
transform = Transform3D(-1, 0, -8.74228e-08, 0, 1, 0, 8.74228e-08, 0, -1, 4.5, -3, -36.5)

[node name="222_placeholder25" parent="actors/opponents" instance=ExtResource("37_b67vl")]
transform = Transform3D(-1, 0, -8.74228e-08, 0, 1, 0, 8.74228e-08, 0, -1, 6.5, -3, -45.5)

[node name="222_placeholder26" parent="actors/opponents" instance=ExtResource("37_b67vl")]
transform = Transform3D(-1, 0, -8.74228e-08, 0, 1, 0, 8.74228e-08, 0, -1, 4.5, -3, -41.5)

[node name="222_placeholder27" parent="actors/opponents" instance=ExtResource("37_b67vl")]
transform = Transform3D(-1, 0, -8.74228e-08, 0, 1, 0, 8.74228e-08, 0, -1, 1.5, -3, -44.5)

[node name="222_placeholder28" parent="actors/opponents" instance=ExtResource("37_b67vl")]
transform = Transform3D(-1, 0, -8.74228e-08, 0, 1, 0, 8.74228e-08, 0, -1, 7.5, -3, -51.5)

[node name="222_placeholder29" parent="actors/opponents" instance=ExtResource("37_b67vl")]
transform = Transform3D(-1, 0, -8.74228e-08, 0, 1, 0, 8.74228e-08, 0, -1, 3.5, -3, -52.5)

[node name="4212_placeholder35" parent="actors/opponents" instance=ExtResource("38_d5j8e")]
transform = Transform3D(-1, 0, -8.74228e-08, 0, 1, 0, 8.74228e-08, 0, -1, -11.5, -3, -6.5)

[node name="4244_placeholder16" parent="actors/opponents" instance=ExtResource("19_4nwic")]
transform = Transform3D(-0.999694, 0, -0.0247344, 0, 1, 0, 0.0247344, 0, -0.999694, -11.5, -3, -15.0625)

[node name="4244_placeholder17" parent="actors/opponents" instance=ExtResource("19_4nwic")]
transform = Transform3D(-0.999694, 0, -0.0247344, 0, 1, 0, 0.0247344, 0, -0.999694, -9.5, -3, -17.5)

[node name="4244_placeholder18" parent="actors/opponents" instance=ExtResource("19_4nwic")]
transform = Transform3D(-0.999694, 0, 0.0247345, 0, 1, 0, -0.0247345, 0, -0.999694, -15.5, -3, -25.5)

[node name="4212_placeholder36" parent="actors/opponents" instance=ExtResource("13_5dlal")]
transform = Transform3D(-0.999694, 0, 0.0247345, 0, 1, 0, -0.0247345, 0, -0.999694, -9.5, -3, -26.5)

[node name="4212_placeholder37" parent="actors/opponents" instance=ExtResource("13_5dlal")]
transform = Transform3D(-0.999694, 0, 0.0247345, 0, 1, 0, -0.0247345, 0, -0.999694, -12.5, -3, -29.5)

[node name="4212_placeholder38" parent="actors/opponents" instance=ExtResource("13_5dlal")]
transform = Transform3D(-0.999694, 0, 0.0247345, 0, 1, 0, -0.0247345, 0, -0.999694, -10.5, -3, -34.5)

[node name="4212_placeholder39" parent="actors/opponents" instance=ExtResource("13_5dlal")]
transform = Transform3D(-0.999694, 0, 0.0247345, 0, 1, 0, -0.0247345, 0, -0.999694, -14.5, -3, -37.5)

[node name="4212_placeholder40" parent="actors/opponents" instance=ExtResource("13_5dlal")]
transform = Transform3D(-1, 0, -8.74228e-08, 0, 1, 0, 8.74228e-08, 0, -1, -9.5, -3, -43.5)

[node name="4244_placeholder19" parent="actors/opponents" instance=ExtResource("19_4nwic")]
transform = Transform3D(-1, 0, -8.74228e-08, 0, 1, 0, 8.74228e-08, 0, -1, -14.5, -3, -41.5)

[node name="4244_placeholder20" parent="actors/opponents" instance=ExtResource("19_4nwic")]
transform = Transform3D(-1, 0, -8.74228e-08, 0, 1, 0, 8.74228e-08, 0, -1, -14.5, -3, -45.5)

[node name="4244_placeholder21" parent="actors/opponents" instance=ExtResource("19_4nwic")]
transform = Transform3D(-1, 0, -8.74228e-08, 0, 1, 0, 8.74228e-08, 0, -1, -13.5, -3, -50.5)

[node name="4244_placeholder22" parent="actors/opponents" instance=ExtResource("19_4nwic")]
transform = Transform3D(-1, 0, -8.74228e-08, 0, 1, 0, 8.74228e-08, 0, -1, -11.5, -3, -53.5)

[node name="4212_placeholder41" parent="actors/opponents" instance=ExtResource("13_5dlal")]
transform = Transform3D(-1, 0, -8.74228e-08, 0, 1, 0, 8.74228e-08, 0, -1, -8.5, -3, -50.5)

[node name="222_placeholder30" parent="actors/opponents" instance=ExtResource("37_b67vl")]
transform = Transform3D(0.327776, 0, -0.944755, 0, 1, 0, 0.944755, 0, 0.327776, 5.5, -3.5, 2.5)

[node name="221_placeholder14" parent="actors/opponents" instance=ExtResource("36_lou80")]
transform = Transform3D(-0.147877, 0, 0.989006, 0, 1, 0, -0.989006, 0, -0.147877, -1.79688, -3.5, 4.5)

[node name="221_placeholder15" parent="actors/opponents" instance=ExtResource("36_lou80")]
transform = Transform3D(0.327776, 0, -0.944755, 0, 1, 0, 0.944755, 0, 0.327776, 7.5, -3.5, 0.5)

[node name="221_placeholder16" parent="actors/opponents" instance=ExtResource("36_lou80")]
transform = Transform3D(-0.147877, 0, 0.989006, 0, 1, 0, -0.989006, 0, -0.147877, -1.79688, -3.5, 0.5)

[node name="852_placeholder20" parent="actors/opponents" instance=ExtResource("39_oxjfh")]
transform = Transform3D(0.507124, 0, -0.861873, 0, 1, 0, 0.861873, 0, 0.507124, 54.4219, -3, -30.6953)

[node name="852_placeholder21" parent="actors/opponents" instance=ExtResource("40_oure3")]
transform = Transform3D(0.280653, 0, -0.959809, 0, 1, 0, 0.959809, 0, 0.280653, 43.125, -3, -32.0625)

[node name="852_placeholder22" parent="actors/opponents" instance=ExtResource("41_u6yri")]
transform = Transform3D(-0.999694, 0, 0.0247345, 0, 1, 0, -0.0247345, 0, -0.999694, -23.5, -3, -28.5)

[node name="4212_placeholder42" parent="actors/opponents" instance=ExtResource("13_5dlal")]
transform = Transform3D(-0.999694, 0, 0.0247345, 0, 1, 0, -0.0247345, 0, -0.999694, -20.5, -3, -25.5)

[node name="4212_placeholder43" parent="actors/opponents" instance=ExtResource("13_5dlal")]
transform = Transform3D(-0.999694, 0, 0.0247345, 0, 1, 0, -0.0247345, 0, -0.999694, -20.5, -3, -29.5)

[node name="203_placeholder20" parent="actors/opponents" instance=ExtResource("18_nl15o")]
transform = Transform3D(-0.999694, 0, 0.0247345, 0, 1, 0, -0.0247345, 0, -0.999694, -20.5, -3, -33.5)

[node name="203_placeholder21" parent="actors/opponents" instance=ExtResource("18_nl15o")]
transform = Transform3D(-0.999694, 0, 0.0247345, 0, 1, 0, -0.0247345, 0, -0.999694, -20.5, -3, -37.5)

[node name="203_placeholder22" parent="actors/opponents" instance=ExtResource("18_nl15o")]
transform = Transform3D(-0.999694, 0, 0.0247345, 0, 1, 0, -0.0247345, 0, -0.999694, -22.375, -3, -35.7188)

[node name="207_placeholder12" parent="actors/opponents" instance=ExtResource("42_4mjrb")]
transform = Transform3D(-1, 0, -8.74228e-08, 0, 1, 0, 8.74228e-08, 0, -1, 46.5, -3, -7.5)

[node name="4207_placeholder16" parent="actors/opponents" instance=ExtResource("43_cc3j4")]
transform = Transform3D(-1, 0, -8.74228e-08, 0, 1, 0, 8.74228e-08, 0, -1, 42.5, -3, -5.5)

[node name="4207_placeholder17" parent="actors/opponents" instance=ExtResource("43_cc3j4")]
transform = Transform3D(-1, 0, -8.74228e-08, 0, 1, 0, 8.74228e-08, 0, -1, 49.5, -3, -8.5)

[node name="852_placeholder23" parent="actors/opponents" instance=ExtResource("41_u6yri")]
transform = Transform3D(0.56963, 0, -0.821901, 0, 1, 0, 0.821901, 0, 0.56963, 42.5, -3, -13.5)

[node name="853_placeholder22" parent="actors/opponents" instance=ExtResource("44_7wuyg")]
transform = Transform3D(-0.855535, 0, -0.517745, 0, 1, 0, 0.517745, 0, -0.855535, 44.5, -3, -16.5)

[node name="4207_placeholder18" parent="actors/opponents" instance=ExtResource("43_cc3j4")]
transform = Transform3D(-1, 0, -8.74228e-08, 0, 1, 0, 8.74228e-08, 0, -1, 33.5, -3, -8.5)

[node name="207_placeholder13" parent="actors/opponents" instance=ExtResource("42_4mjrb")]
transform = Transform3D(-1, 0, -8.74228e-08, 0, 1, 0, 8.74228e-08, 0, -1, 29.5, -3, -5.5)

[node name="118_placeholder8" parent="actors/opponents" instance=ExtResource("45_cckno")]
transform = Transform3D(-1, 0, -8.74228e-08, 0, 1, 0, 8.74228e-08, 0, -1, 31.5, -3, -6.5)

[node name="4003_placeholder14" parent="actors/opponents" instance=ExtResource("46_6uk32")]
transform = Transform3D(-1, 0, -8.74228e-08, 0, 1, 0, 8.74228e-08, 0, -1, 32.5, -3, -13.5)

[node name="4003_placeholder15" parent="actors/opponents" instance=ExtResource("46_6uk32")]
transform = Transform3D(-1, 0, -8.74228e-08, 0, 1, 0, 8.74228e-08, 0, -1, 30.5, -3, -15.5)

[node name="4003_placeholder16" parent="actors/opponents" instance=ExtResource("46_6uk32")]
transform = Transform3D(-1, 0, -8.74228e-08, 0, 1, 0, 8.74228e-08, 0, -1, 21.5, -3, -5.5)

[node name="4207_placeholder19" parent="actors/opponents" instance=ExtResource("43_cc3j4")]
transform = Transform3D(-1, 0, -8.74228e-08, 0, 1, 0, 8.74228e-08, 0, -1, 24.5, -3, -6.5)

[node name="852_placeholder24" parent="actors/opponents" instance=ExtResource("47_md83o")]
transform = Transform3D(-0.880093, 0, -0.474802, 0, 1, 0, 0.474802, 0, -0.880093, 15.5, -3, -6.5)

[node name="853_placeholder23" parent="actors/opponents" instance=ExtResource("44_7wuyg")]
transform = Transform3D(-0.327776, 0, -0.944755, 0, 1, 0, 0.944755, 0, -0.327776, 13.5, -3, -5.5)

[node name="852_placeholder25" parent="actors/opponents" instance=ExtResource("41_u6yri")]
transform = Transform3D(0.0370971, 0, -0.999312, 0, 1, 0, 0.999312, 0, 0.0370971, -53.5, -3, -14.5)

[node name="4212_placeholder44" parent="actors/opponents" instance=ExtResource("38_d5j8e")]
transform = Transform3D(-1, 0, -8.74228e-08, 0, 1, 0, 8.74228e-08, 0, -1, -54.5, -3, -16.5)

[node name="118_placeholder9" parent="actors/opponents" instance=ExtResource("45_cckno")]
transform = Transform3D(-1, 0, -8.74228e-08, 0, 1, 0, 8.74228e-08, 0, -1, 55.5, -3, 14.5)

[node name="118_placeholder10" parent="actors/opponents" instance=ExtResource("45_cckno")]
transform = Transform3D(-1, 0, -8.74228e-08, 0, 1, 0, 8.74228e-08, 0, -1, 48.5, -3, 15.5)

[node name="4003_placeholder17" parent="actors/opponents" instance=ExtResource("46_6uk32")]
transform = Transform3D(-1, 0, -8.74228e-08, 0, 1, 0, 8.74228e-08, 0, -1, 49.5, -3, 11.5)

[node name="4003_placeholder18" parent="actors/opponents" instance=ExtResource("46_6uk32")]
transform = Transform3D(0.374097, 0, 0.92739, 0, 1, 0, -0.92739, 0, 0.374097, 56.5, -3, 7.5)

[node name="852_placeholder26" parent="actors/opponents" instance=ExtResource("48_vc2hx")]
transform = Transform3D(0.998776, 0, -0.0494539, 0, 1, 0, 0.0494539, 0, 0.998776, 22.5, -3, 10.5)

[node name="203_placeholder23" parent="actors/opponents" instance=ExtResource("18_nl15o")]
transform = Transform3D(-1, 0, -8.74228e-08, 0, 1, 0, 8.74228e-08, 0, -1, 15.5, -3, 17.5)

[node name="203_placeholder24" parent="actors/opponents" instance=ExtResource("18_nl15o")]
transform = Transform3D(-1, 0, -8.74228e-08, 0, 1, 0, 8.74228e-08, 0, -1, 15.5, -3, 15.5)

[node name="203_placeholder25" parent="actors/opponents" instance=ExtResource("18_nl15o")]
transform = Transform3D(-1, 0, -8.74228e-08, 0, 1, 0, 8.74228e-08, 0, -1, 12.5, -3, 15.5)

[node name="203_placeholder26" parent="actors/opponents" instance=ExtResource("18_nl15o")]
transform = Transform3D(-1, 0, -8.74228e-08, 0, 1, 0, 8.74228e-08, 0, -1, 12.5, -3, 17.5)

[node name="852_placeholder27" parent="actors/opponents" instance=ExtResource("49_6jwlk")]
transform = Transform3D(0.956265, 0, 0.292503, 0, 1, 0, -0.292503, 0, 0.956265, 14.5, -3, 10.5)

[node name="4003_placeholder19" parent="actors/opponents" instance=ExtResource("46_6uk32")]
transform = Transform3D(-1, 0, -8.74228e-08, 0, 1, 0, 8.74228e-08, 0, -1, 7.5, -3, 17.5)

[node name="4003_placeholder20" parent="actors/opponents" instance=ExtResource("46_6uk32")]
transform = Transform3D(-1, 0, -8.74228e-08, 0, 1, 0, 8.74228e-08, 0, -1, 6.5, -3, 15.5)

[node name="222_placeholder31" parent="actors/opponents" instance=ExtResource("50_puoor")]
transform = Transform3D(0.855535, 0, 0.517745, 0, 1, 0, -0.517745, 0, 0.855535, 8.5, -3, 9.5)

[node name="222_placeholder32" parent="actors/opponents" instance=ExtResource("50_puoor")]
transform = Transform3D(0.842467, 0, 0.538748, 0, 1, 0, -0.538748, 0, 0.842467, 6.5, -3, 10.5)

[node name="4003_placeholder21" parent="actors/opponents" instance=ExtResource("46_6uk32")]
transform = Transform3D(-0.999694, 0, -0.0247344, 0, 1, 0, 0.0247344, 0, -0.999694, 54.5, -3, 22.5)

[node name="4003_placeholder22" parent="actors/opponents" instance=ExtResource("46_6uk32")]
transform = Transform3D(-0.999694, 0, -0.0247344, 0, 1, 0, 0.0247344, 0, -0.999694, 49.5, -3, 22.5)

[node name="275_placeholder10" parent="actors/opponents" instance=ExtResource("51_1k7ss")]
transform = Transform3D(-0.999694, 0, -0.0247344, 0, 1, 0, 0.0247344, 0, -0.999694, 56.5, -3, 31.5)

[node name="275_placeholder11" parent="actors/opponents" instance=ExtResource("51_1k7ss")]
transform = Transform3D(-0.998776, 0, -0.0494537, 0, 1, 0, 0.0494537, 0, -0.998776, 56.5, -3, 34.5)

[node name="275_placeholder12" parent="actors/opponents" instance=ExtResource("51_1k7ss")]
transform = Transform3D(-0.998776, 0, -0.0494537, 0, 1, 0, 0.0494537, 0, -0.998776, 53.5, -3, 38.5)

[node name="4003_placeholder23" parent="actors/opponents" instance=ExtResource("46_6uk32")]
transform = Transform3D(-0.998776, 0, -0.0494537, 0, 1, 0, 0.0494537, 0, -0.998776, 54.5, -3, 34.5)

[node name="275_placeholder13" parent="actors/opponents" instance=ExtResource("51_1k7ss")]
transform = Transform3D(-1, 0, -8.74228e-08, 0, 1, 0, 8.74228e-08, 0, -1, 46.5, -3, 31.5)

[node name="275_placeholder14" parent="actors/opponents" instance=ExtResource("51_1k7ss")]
transform = Transform3D(-1, 0, -8.74228e-08, 0, 1, 0, 8.74228e-08, 0, -1, 43.5, -3, 31.5)

[node name="275_placeholder15" parent="actors/opponents" instance=ExtResource("51_1k7ss")]
transform = Transform3D(-1, 0, -8.74228e-08, 0, 1, 0, 8.74228e-08, 0, -1, 42.5, -3, 36.5)

[node name="275_placeholder16" parent="actors/opponents" instance=ExtResource("51_1k7ss")]
transform = Transform3D(-1, 0, -8.74228e-08, 0, 1, 0, 8.74228e-08, 0, -1, 43.5, -3, 38.5)

[node name="4207_placeholder20" parent="actors/opponents" instance=ExtResource("43_cc3j4")]
transform = Transform3D(-1, 0, -8.74228e-08, 0, 1, 0, 8.74228e-08, 0, -1, 53.5, -3, 47.5)

[node name="4207_placeholder21" parent="actors/opponents" instance=ExtResource("43_cc3j4")]
transform = Transform3D(-1, 0, -8.74228e-08, 0, 1, 0, 8.74228e-08, 0, -1, 45.5, -3, 48.5)

[node name="207_placeholder14" parent="actors/opponents" instance=ExtResource("42_4mjrb")]
transform = Transform3D(-1, 0, -8.74228e-08, 0, 1, 0, 8.74228e-08, 0, -1, 56.5, -3, 48.5)

[node name="207_placeholder15" parent="actors/opponents" instance=ExtResource("42_4mjrb")]
transform = Transform3D(-1, 0, -8.74228e-08, 0, 1, 0, 8.74228e-08, 0, -1, 42.5, -3, 50.5)

[node name="118_placeholder11" parent="actors/opponents" instance=ExtResource("45_cckno")]
transform = Transform3D(-1, 0, -8.74228e-08, 0, 1, 0, 8.74228e-08, 0, -1, 54.5, -3, 43.5)

[node name="118_placeholder12" parent="actors/opponents" instance=ExtResource("45_cckno")]
transform = Transform3D(-1, 0, -8.74228e-08, 0, 1, 0, 8.74228e-08, 0, -1, 44.5, -3, 42.5)

[node name="853_placeholder24" parent="actors/opponents" instance=ExtResource("52_l08qa")]
transform = Transform3D(0.619337, 0, -0.785125, 0, 1, 0, 0.785125, 0, 0.619337, 56.0703, -3, 57.5547)

[node name="853_placeholder25" parent="actors/opponents" instance=ExtResource("53_p45jw")]
transform = Transform3D(-0.208718, 0, 0.977976, 0, 1, 0, -0.977976, 0, -0.208718, 49.5, -3, 55.5)

[node name="852_placeholder28" parent="actors/opponents" instance=ExtResource("41_u6yri")]
transform = Transform3D(0.374097, 0, -0.92739, 0, 1, 0, 0.92739, 0, 0.374097, 45.5, -3, 57.5)

[node name="4003_placeholder24" parent="actors/opponents" instance=ExtResource("46_6uk32")]
transform = Transform3D(-1, 0, -8.74228e-08, 0, 1, 0, 8.74228e-08, 0, -1, 38.0156, -3, 56.5)

[node name="852_placeholder29" parent="actors/opponents" instance=ExtResource("54_1u8pi")]
transform = Transform3D(-0.999694, 0, -0.0247344, 0, 1, 0, 0.0247344, 0, -0.999694, 27.5, -3, 55.5)

[node name="4212_placeholder45" parent="actors/opponents" instance=ExtResource("38_d5j8e")]
transform = Transform3D(-1, 0, -8.74228e-08, 0, 1, 0, 8.74228e-08, 0, -1, 24.5, -3, 44.5)

[node name="4212_placeholder46" parent="actors/opponents" instance=ExtResource("38_d5j8e")]
transform = Transform3D(-1, 0, -8.74228e-08, 0, 1, 0, 8.74228e-08, 0, -1, 22.5, -3, 47.5)

[node name="852_placeholder30" parent="actors/opponents" instance=ExtResource("55_qn8a4")]
transform = Transform3D(-1, 0, -8.74228e-08, 0, 1, 0, 8.74228e-08, 0, -1, 11.5, -3, 35.5)

[node name="4207_placeholder22" parent="actors/opponents" instance=ExtResource("43_cc3j4")]
transform = Transform3D(-1, 0, -8.74228e-08, 0, 1, 0, 8.74228e-08, 0, -1, 21.5, -3, 29.5)

[node name="207_placeholder16" parent="actors/opponents" instance=ExtResource("42_4mjrb")]
transform = Transform3D(-1, 0, -8.74228e-08, 0, 1, 0, 8.74228e-08, 0, -1, 18.5, -3, 30.5)

[node name="4003_placeholder25" parent="actors/opponents" instance=ExtResource("46_6uk32")]
transform = Transform3D(-1, 0, -8.74228e-08, 0, 1, 0, 8.74228e-08, 0, -1, 18.5, -3, 27.5)

[node name="118_placeholder13" parent="actors/opponents" instance=ExtResource("45_cckno")]
transform = Transform3D(-1, 0, -8.74228e-08, 0, 1, 0, 8.74228e-08, 0, -1, 12.5, -3, 27.5)

[node name="4212_placeholder47" parent="actors/opponents" instance=ExtResource("38_d5j8e")]
transform = Transform3D(-1, 0, -8.74228e-08, 0, 1, 0, 8.74228e-08, 0, -1, -15.5, -3, 14.5)

