[gd_scene load_steps=24 format=3 uid="uid://uejnrhew02bo"]

[ext_resource type="PackedScene" uid="uid://bqvucp0j3cusd" path="res://game/levels/crypt1/crypt1Static.tscn" id="1_ln3x1"]
[ext_resource type="PackedScene" uid="uid://berrkgfa3fg1y" path="res://game/assets/maps_with_npcs/crypt1/map.gltf" id="2_2466f"]
[ext_resource type="Script" path="res://game/components/levelchange_activator/levelchange_activator.gd" id="2_r2guh"]
[ext_resource type="Environment" uid="uid://dhku8dhhyvp0u" path="res://game/assets/world_environments/interior.tres" id="3_bqwq6"]
[ext_resource type="PackedScene" uid="uid://dddrothxl62m" path="res://game/tools/character_position_marker.tscn" id="3_hvyjk"]
[ext_resource type="PackedScene" uid="uid://uh1porxrhyvj" path="res://game/tools/object_position_marker.tscn" id="5_5v0a5"]
[ext_resource type="PackedScene" uid="uid://djyaufk1d2rqf" path="res://game/actors/characters/generated_characters/104_monsters__azra_zombie/104_monsters__azra_zombie.tscn" id="5_q1ax8"]
[ext_resource type="PackedScene" uid="uid://dm8t03he5hva1" path="res://game/actors/characters/generated_characters/105_monsters__nightdead/105_monsters__nightdead.tscn" id="6_qqk24"]
[ext_resource type="PackedScene" uid="uid://cuexjjgni5ssf" path="res://game/actors/characters/generated_characters/223_monsters__dusk_wolves/223_monsters__dusk_wolves.tscn" id="7_re2eg"]
[ext_resource type="PackedScene" uid="uid://c0s6fwn7bv34m" path="res://game/actors/characters/generated_characters/261_monsters__shriekfloater/261_monsters__shriekfloater.tscn" id="8_nm0ck"]
[ext_resource type="PackedScene" uid="uid://bpo7dr1mkykbm" path="res://game/actors/characters/generated_characters/259_monsters__shadow_tentacle/259_monsters__shadow_tentacle.tscn" id="10_edjme"]
[ext_resource type="PackedScene" uid="uid://da23j0n0fmcd6" path="res://game/actors/characters/generated_characters/2000_monsters__crypt_caretaker/2000_monsters__crypt_caretaker.tscn" id="11_5mdsk"]
[ext_resource type="PackedScene" uid="uid://bmd6rgyadrwqc" path="res://game/actors/characters/generated_characters/258_monsters__shadow_ghast/258_monsters__shadow_ghast.tscn" id="12_sgiw4"]
[ext_resource type="PackedScene" uid="uid://b5i6bqh0nmxq4" path="res://game/actors/characters/generated_characters/3203_monsters__mountain_wight/3203_monsters__mountain_wight.tscn" id="13_wh43k"]
[ext_resource type="PackedScene" uid="uid://q7cp7gt3r2tn" path="res://game/actors/characters/generated_characters/272_monsters__tunnel_wight/272_monsters__tunnel_wight.tscn" id="14_ql2u6"]
[ext_resource type="PackedScene" uid="uid://byc1r2vuiprlh" path="res://game/actors/characters/generated_characters/209_monsters__arrow_shade/209_monsters__arrow_shade.tscn" id="15_mesds"]
[ext_resource type="PackedScene" uid="uid://dxwal44x1mbvn" path="res://game/actors/characters/generated_characters/104_crypt1__azra_zombie_q65/104_crypt1__azra_zombie_q65.tscn" id="16_vxlxa"]
[ext_resource type="PackedScene" uid="uid://7w1rurvq6u7b" path="res://game/actors/characters/generated_characters/261_crypt1__shriekfloater_q65/261_crypt1__shriekfloater_q65.tscn" id="17_mcydi"]
[ext_resource type="PackedScene" uid="uid://dic5hwheky43y" path="res://game/actors/characters/generated_characters/103_monsters__flesh_defiler/103_monsters__flesh_defiler.tscn" id="18_7c8yd"]
[ext_resource type="PackedScene" uid="uid://byi0wj4nneppf" path="res://game/actors/characters/generated_characters/89_crypt1__azra/89_crypt1__azra.tscn" id="20_jgipe"]
[ext_resource type="PackedScene" uid="uid://dts3mu8qn88u7" path="res://game/actors/characters/generated_characters/261_crypt1__shriekfloater_special/261_crypt1__shriekfloater_special.tscn" id="21_54kma"]

[sub_resource type="BoxMesh" id="BoxMesh_i3mve"]
size = Vector3(0.1, 0.1, 0.1)

[sub_resource type="BoxShape3D" id="BoxShape3D_th3vl"]
size = Vector3(3, 5, 1)

[node name="crypt1" type="Node3D"]

[node name="StaticTerrain" type="Node3D" parent="." groups=["static_terrain"]]

[node name="crypt1" parent="StaticTerrain" instance=ExtResource("1_ln3x1")]
transform = Transform3D(1, 0, 0, 0, 1, 0, 0, 0, 1, 0, -21.375, 0)

[node name="npc_placement" type="Node3D" parent="StaticTerrain"]
visible = false

[node name="map" parent="StaticTerrain/npc_placement" instance=ExtResource("2_2466f")]

[node name="actors" type="Node3D" parent="."]

[node name="named_characters" type="Node3D" parent="actors"]

[node name="opponents" type="Node3D" parent="actors"]

[node name="104_placeholder9" parent="actors/opponents" instance=ExtResource("5_q1ax8")]
transform = Transform3D(-0.999694, 0, -0.0247344, 0, 1, 0, 0.0247344, 0, -0.999694, -33.9375, -6.3, -52.9844)

[node name="105_placeholder17" parent="actors/opponents" instance=ExtResource("6_qqk24")]
transform = Transform3D(-0.989006, 0, -0.147877, 0, 1, 0, 0.147877, 0, -0.989006, -35.5, -6.3, -31.5)

[node name="223_placeholder5" parent="actors/opponents" instance=ExtResource("7_re2eg")]
transform = Transform3D(-0.998776, 0, -0.0494537, 0, 1, 0, 0.0494537, 0, -0.998776, -35.5, -6.3, -25.5)

[node name="223_placeholder6" parent="actors/opponents" instance=ExtResource("7_re2eg")]
transform = Transform3D(-0.998776, 0, -0.0494537, 0, 1, 0, 0.0494537, 0, -0.998776, -34.5, -6.3, -22.5)

[node name="261_placeholder5" parent="actors/opponents" instance=ExtResource("8_nm0ck")]
transform = Transform3D(-1, 0, -8.74228e-08, 0, 1, 0, 8.74228e-08, 0, -1, -35.5, -6.3, -17.5)

[node name="105_placeholder18" parent="actors/opponents" instance=ExtResource("6_qqk24")]
transform = Transform3D(-0.997248, 0, -0.0741429, 0, 1, 0, 0.0741429, 0, -0.997248, 45.5312, -9.3, 21.5)

[node name="105_placeholder19" parent="actors/opponents" instance=ExtResource("6_qqk24")]
transform = Transform3D(0.463881, 0, 0.885898, 0, 1, 0, -0.885898, 0, 0.463881, 42.9688, -9.3, 22.7969)

[node name="105_placeholder20" parent="actors/opponents" instance=ExtResource("6_qqk24")]
transform = Transform3D(0.940629, 0, -0.339436, 0, 1, 0, 0.339436, 0, 0.940629, 36.2812, -7.8, 28.4844)

[node name="105_placeholder21" parent="actors/opponents" instance=ExtResource("6_qqk24")]
transform = Transform3D(-0.940629, 0, 0.339436, 0, 1, 0, -0.339436, 0, -0.940629, 15.5, -9.3, 19.5)

[node name="105_placeholder22" parent="actors/opponents" instance=ExtResource("6_qqk24")]
transform = Transform3D(0.589785, 0, 0.807561, 0, 1, 0, -0.807561, 0, 0.589785, 15.5781, -9.3, 26.5)

[node name="105_placeholder23" parent="actors/opponents" instance=ExtResource("6_qqk24")]
transform = Transform3D(0.922692, 0, -0.385538, 0, 1, 0, 0.385538, 0, 0.922692, 12.5, -9.3, 25.5)

[node name="259_placeholder3" parent="actors/opponents" instance=ExtResource("10_edjme")]
transform = Transform3D(-0.374097, 0, 0.92739, 0, 1, 0, -0.92739, 0, -0.374097, 28.5, -9.3, 7.67188)

[node name="105_placeholder24" parent="actors/opponents" instance=ExtResource("6_qqk24")]
transform = Transform3D(-0.304308, 0, -0.952574, 0, 1, 0, 0.952574, 0, -0.304308, 26.5, -8.55, 1.5)

[node name="105_placeholder25" parent="actors/opponents" instance=ExtResource("6_qqk24")]
transform = Transform3D(-0.485651, 0, 0.874153, 0, 1, 0, -0.874153, 0, -0.485651, 36.5, -8.55, 5.5)

[node name="259_placeholder4" parent="actors/opponents" instance=ExtResource("10_edjme")]
transform = Transform3D(-0.184465, 0, 0.982839, 0, 1, 0, -0.982839, 0, -0.184465, 47.7109, -6.3, -0.5)

[node name="105_placeholder26" parent="actors/opponents" instance=ExtResource("6_qqk24")]
transform = Transform3D(0.351044, 0, 0.936359, 0, 1, 0, -0.936359, 0, 0.351044, 28.5, -6.3, 32.5)

[node name="105_placeholder27" parent="actors/opponents" instance=ExtResource("6_qqk24")]
transform = Transform3D(-1, 0, -8.74228e-08, 0, 1, 0, 8.74228e-08, 0, -1, 6.5, -6.3, 10.5)

[node name="2000_placeholder2" parent="actors/opponents" instance=ExtResource("11_5mdsk")]
transform = Transform3D(-0.0123682, 0, 0.999924, 0, 1, 0, -0.999924, 0, -0.0123682, 55.5, -6.3, -55.5)

[node name="258_placeholder5" parent="actors/opponents" instance=ExtResource("12_sgiw4")]
transform = Transform3D(-0.208718, 0, -0.977976, 0, 1, 0, 0.977976, 0, -0.208718, -28.9219, -10.8, 20.4531)

[node name="258_placeholder6" parent="actors/opponents" instance=ExtResource("12_sgiw4")]
transform = Transform3D(-0.304308, 0, -0.952574, 0, 1, 0, 0.952574, 0, -0.304308, -30.2344, -10.8, 10.5)

[node name="223_placeholder7" parent="actors/opponents" instance=ExtResource("7_re2eg")]
transform = Transform3D(-0.232844, 0, -0.972514, 0, 1, 0, 0.972514, 0, -0.232844, -12.7266, -8.55, 12.8281)

[node name="223_placeholder8" parent="actors/opponents" instance=ExtResource("7_re2eg")]
transform = Transform3D(-0.184465, 0, -0.982839, 0, 1, 0, 0.982839, 0, -0.184465, -12.5, -8.55, 17.5)

[node name="258_placeholder7" parent="actors/opponents" instance=ExtResource("12_sgiw4")]
transform = Transform3D(0.0864712, 0, -0.996254, 0, 1, 0, 0.996254, 0, 0.0864712, -34.0312, -10.8, 19.5469)

[node name="258_placeholder8" parent="actors/opponents" instance=ExtResource("12_sgiw4")]
transform = Transform3D(0.135634, 0, -0.990759, 0, 1, 0, 0.990759, 0, 0.135634, -35.9844, -10.8, 12.8594)

[node name="3203_placeholder2" parent="actors/opponents" instance=ExtResource("13_wh43k")]
transform = Transform3D(0.989006, 0, -0.147877, 0, 1, 0, 0.147877, 0, 0.989006, -7.5, -6.3, 21.5)

[node name="261_placeholder6" parent="actors/opponents" instance=ExtResource("8_nm0ck")]
transform = Transform3D(-1, 0, -8.74228e-08, 0, 1, 0, 8.74228e-08, 0, -1, -7.64062, -6.3, 9.25)

[node name="104_placeholder10" parent="actors/opponents" instance=ExtResource("5_q1ax8")]
transform = Transform3D(-1, 0, -8.74228e-08, 0, 1, 0, 8.74228e-08, 0, -1, -25.5, -6.3, -15.5)

[node name="105_placeholder28" parent="actors/opponents" instance=ExtResource("6_qqk24")]
transform = Transform3D(-1, 0, -8.74228e-08, 0, 1, 0, 8.74228e-08, 0, -1, 6.40625, 2.7, -35.9062)

[node name="105_placeholder29" parent="actors/opponents" instance=ExtResource("6_qqk24")]
transform = Transform3D(-0.999694, 0, -0.0247344, 0, 1, 0, 0.0247344, 0, -0.999694, -12.5781, 2.7, -35.9062)

[node name="105_placeholder30" parent="actors/opponents" instance=ExtResource("6_qqk24")]
transform = Transform3D(-0.999694, 0, -0.0247344, 0, 1, 0, 0.0247344, 0, -0.999694, -9.63281, 2.7, -35.9062)

[node name="105_placeholder31" parent="actors/opponents" instance=ExtResource("6_qqk24")]
transform = Transform3D(-1, 0, -8.74228e-08, 0, 1, 0, 8.74228e-08, 0, -1, 3.40625, 2.7, -35.9062)

[node name="272_placeholder3" parent="actors/opponents" instance=ExtResource("14_ql2u6")]
transform = Transform3D(-1, 0, -8.74228e-08, 0, 1, 0, 8.74228e-08, 0, -1, 0.5, -3.3, -23.5)

[node name="272_placeholder4" parent="actors/opponents" instance=ExtResource("14_ql2u6")]
transform = Transform3D(-1, 0, -8.74228e-08, 0, 1, 0, 8.74228e-08, 0, -1, -5.61719, -3.3, -23.5781)

[node name="209_placeholder3" parent="actors/opponents" instance=ExtResource("15_mesds")]
transform = Transform3D(-0.999694, 0, -0.0247344, 0, 1, 0, 0.0247344, 0, -0.999694, 0.5, 3.7, -56.5)

[node name="209_placeholder4" parent="actors/opponents" instance=ExtResource("15_mesds")]
transform = Transform3D(-0.999694, 0, -0.0247344, 0, 1, 0, 0.0247344, 0, -0.999694, -5.5, 3.7, -56.8125)

[node name="104_placeholder11" parent="actors/opponents" instance=ExtResource("16_vxlxa")]
transform = Transform3D(0.396921, 0, -0.917853, 0, 1, 0, 0.917853, 0, 0.396921, 39.8281, -6.3, 53.2031)

[node name="104_placeholder12" parent="actors/opponents" instance=ExtResource("16_vxlxa")]
transform = Transform3D(0.374097, 0, -0.92739, 0, 1, 0, 0.92739, 0, 0.374097, 39.8281, -6.3, 51.5)

[node name="261_placeholder7" parent="actors/opponents" instance=ExtResource("17_mcydi")]
transform = Transform3D(0.374097, 0, -0.92739, 0, 1, 0, 0.92739, 0, 0.374097, 38.1328, -6.3, 52.4297)

[node name="104_placeholder13" parent="actors/opponents" instance=ExtResource("5_q1ax8")]
transform = Transform3D(-1, 0, -8.74228e-08, 0, 1, 0, 8.74228e-08, 0, -1, -26.5, -6.3, -23.5)

[node name="104_placeholder14" parent="actors/opponents" instance=ExtResource("5_q1ax8")]
transform = Transform3D(-1, 0, -8.74228e-08, 0, 1, 0, 8.74228e-08, 0, -1, -28.5, -6.3, -25.5)

[node name="103_placeholder5" parent="actors/opponents" instance=ExtResource("18_7c8yd")]
transform = Transform3D(-1, 0, -8.74228e-08, 0, 1, 0, 8.74228e-08, 0, -1, -25.5, -6.3, -41.5)

[node name="103_placeholder6" parent="actors/opponents" instance=ExtResource("18_7c8yd")]
transform = Transform3D(-1, 0, -8.74228e-08, 0, 1, 0, 8.74228e-08, 0, -1, -27.5, -6.3, -38.5)

[node name="104_placeholder15" parent="actors/opponents" instance=ExtResource("5_q1ax8")]
transform = Transform3D(-0.989006, 0, -0.147877, 0, 1, 0, 0.147877, 0, -0.989006, -25.5, -6.3, -46.5)

[node name="104_placeholder16" parent="actors/opponents" instance=ExtResource("5_q1ax8")]
transform = Transform3D(-0.992361, 0, -0.12337, 0, 1, 0, 0.12337, 0, -0.992361, -28.5, -6.3, -49.5)

[node name="103_placeholder7" parent="actors/opponents" instance=ExtResource("18_7c8yd")]
transform = Transform3D(-0.999694, 0, -0.0247344, 0, 1, 0, 0.0247344, 0, -0.999694, -28.5, -6.3, -54.5)

[node name="103_placeholder8" parent="actors/opponents" instance=ExtResource("18_7c8yd")]
transform = Transform3D(-1, 0, -8.74228e-08, 0, 1, 0, 8.74228e-08, 0, -1, -28.5, -6.3, -56.5)

[node name="105_placeholder32" parent="actors/opponents" instance=ExtResource("6_qqk24")]
transform = Transform3D(-0.999694, 0, -0.0247344, 0, 1, 0, 0.0247344, 0, -0.999694, 24.5, -6.3, 59.5)

[node name="89_placeholder2" parent="actors/opponents" instance=ExtResource("20_jgipe")]
transform = Transform3D(-0.061803, 0, -0.998088, 0, 1, 0, 0.998088, 0, -0.061803, -21.5, -4.3, 62.5)

[node name="261_placeholder8" parent="actors/opponents" instance=ExtResource("21_54kma")]
transform = Transform3D(-1, 0, -8.74228e-08, 0, 1, 0, 8.74228e-08, 0, -1, -51.1094, -6.8, 35.0625)

[node name="objects" type="Node3D" parent="actors"]

[node name="placeholders" type="Node3D" parent="actors"]
transform = Transform3D(1, 0, 0, 0, 1, 0, 0, 0, 1, 0, -6.8, 0)
visible = false

[node name="104_placeholder" parent="actors/placeholders" instance=ExtResource("3_hvyjk")]
transform = Transform3D(-0.999694, 0, -0.0247344, 0, 1, 0, 0.0247344, 0, -0.999694, -33.9375, 0.5, -52.9844)
type = 2
scriptname = "monsters\\Azra_Zombie.s"

[node name="105_placeholder" parent="actors/placeholders" instance=ExtResource("3_hvyjk")]
transform = Transform3D(-0.989006, 0, -0.147877, 0, 1, 0, 0.147877, 0, -0.989006, -35.5, 0.5, -31.5)
type = 2
scriptname = "monsters\\Nightdead.s"

[node name="223_placeholder" parent="actors/placeholders" instance=ExtResource("3_hvyjk")]
transform = Transform3D(-0.998776, 0, -0.0494537, 0, 1, 0, 0.0494537, 0, -0.998776, -35.5, 0.5, -25.5)
type = 2
scriptname = "monsters\\Dusk_Wolves.s"

[node name="223_placeholder2" parent="actors/placeholders" instance=ExtResource("3_hvyjk")]
transform = Transform3D(-0.998776, 0, -0.0494537, 0, 1, 0, 0.0494537, 0, -0.998776, -34.5, 0.5, -22.5)
type = 2
scriptname = "monsters\\Dusk_Wolves.s"

[node name="261_placeholder" parent="actors/placeholders" instance=ExtResource("3_hvyjk")]
transform = Transform3D(-1, 0, -8.74228e-08, 0, 1, 0, 8.74228e-08, 0, -1, -35.5, 0.5, -17.5)
type = 2
scriptname = "monsters\\Shriekfloater.s"

[node name="301_placeholder" parent="actors/placeholders" instance=ExtResource("5_5v0a5")]
transform = Transform3D(-1, 0, -8.74228e-08, 0, 1, 0, 8.74228e-08, 0, -1, 40.8906, 0.195312, 35.375)
mesh = SubResource("BoxMesh_i3mve")
type = 8
scriptname = "crypt1\\rt_a.s"

[node name="301_placeholder2" parent="actors/placeholders" instance=ExtResource("5_5v0a5")]
transform = Transform3D(-1, 0, -8.74228e-08, 0, 1, 0, 8.74228e-08, 0, -1, 40.8359, -2.80469, 28.1797)
mesh = SubResource("BoxMesh_i3mve")
type = 8
scriptname = "crypt1\\rt_b.s"

[node name="301_placeholder3" parent="actors/placeholders" instance=ExtResource("5_5v0a5")]
transform = Transform3D(0.0247344, 0, 0.999694, 0, 1, 0, -0.999694, 0, 0.0247344, 50.2812, 0.3125, -1.5)
mesh = SubResource("BoxMesh_i3mve")
type = 8
scriptname = "crypt1\\rt_b.s"

[node name="1092_placeholder" parent="actors/placeholders" instance=ExtResource("5_5v0a5")]
transform = Transform3D(0.999694, 0, 0.0247345, 0, 1, 0, -0.0247345, 0, 0.999694, 48.4453, 2.1875, 47.0703)
mesh = SubResource("BoxMesh_i3mve")
type = 11
scriptname = "scrollrt_b.s"

[node name="314_placeholder" parent="actors/placeholders" instance=ExtResource("5_5v0a5")]
transform = Transform3D(0.0123682, 0, 0.999924, 0, 1, 0, -0.999924, 0, 0.0123682, 61.3594, 0.273438, -53.7656)
mesh = SubResource("BoxMesh_i3mve")
type = 8
scriptname = "chest_loot.s"

[node name="105_placeholder2" parent="actors/placeholders" instance=ExtResource("3_hvyjk")]
transform = Transform3D(-0.997248, 0, -0.0741429, 0, 1, 0, 0.0741429, 0, -0.997248, 45.5312, -2.5, 21.5)
type = 2
scriptname = "monsters\\Nightdead.s"

[node name="105_placeholder3" parent="actors/placeholders" instance=ExtResource("3_hvyjk")]
transform = Transform3D(0.463881, 0, 0.885898, 0, 1, 0, -0.885898, 0, 0.463881, 42.9688, -2.5, 22.7969)
type = 2
scriptname = "monsters\\Nightdead.s"

[node name="105_placeholder4" parent="actors/placeholders" instance=ExtResource("3_hvyjk")]
transform = Transform3D(0.940629, 0, -0.339436, 0, 1, 0, 0.339436, 0, 0.940629, 36.2812, -1, 28.4844)
type = 2
scriptname = "monsters\\Nightdead.s"

[node name="105_placeholder5" parent="actors/placeholders" instance=ExtResource("3_hvyjk")]
transform = Transform3D(-0.940629, 0, 0.339436, 0, 1, 0, -0.339436, 0, -0.940629, 15.5, -2.5, 19.5)
type = 2
scriptname = "monsters\\Nightdead.s"

[node name="105_placeholder6" parent="actors/placeholders" instance=ExtResource("3_hvyjk")]
transform = Transform3D(0.589785, 0, 0.807561, 0, 1, 0, -0.807561, 0, 0.589785, 15.5781, -2.5, 26.5)
type = 2
scriptname = "monsters\\Nightdead.s"

[node name="105_placeholder7" parent="actors/placeholders" instance=ExtResource("3_hvyjk")]
transform = Transform3D(0.922692, 0, -0.385538, 0, 1, 0, 0.385538, 0, 0.922692, 12.5, -2.5, 25.5)
type = 2
scriptname = "monsters\\Nightdead.s"

[node name="259_placeholder" parent="actors/placeholders" instance=ExtResource("3_hvyjk")]
transform = Transform3D(-0.374097, 0, 0.92739, 0, 1, 0, -0.92739, 0, -0.374097, 28.5, -2.5, 7.67188)
type = 2
scriptname = "monsters\\Shadow_Tentacle.s"

[node name="105_placeholder8" parent="actors/placeholders" instance=ExtResource("3_hvyjk")]
transform = Transform3D(-0.304308, 0, -0.952574, 0, 1, 0, 0.952574, 0, -0.304308, 26.5, -1.75, 1.5)
type = 2
scriptname = "monsters\\Nightdead.s"

[node name="105_placeholder9" parent="actors/placeholders" instance=ExtResource("3_hvyjk")]
transform = Transform3D(-0.485651, 0, 0.874153, 0, 1, 0, -0.874153, 0, -0.485651, 36.5, -1.75, 5.5)
type = 2
scriptname = "monsters\\Nightdead.s"

[node name="259_placeholder2" parent="actors/placeholders" instance=ExtResource("3_hvyjk")]
transform = Transform3D(-0.184465, 0, 0.982839, 0, 1, 0, -0.982839, 0, -0.184465, 47.7109, 0.5, -0.5)
type = 2
scriptname = "monsters\\Shadow_Tentacle.s"

[node name="105_placeholder10" parent="actors/placeholders" instance=ExtResource("3_hvyjk")]
transform = Transform3D(0.351044, 0, 0.936359, 0, 1, 0, -0.936359, 0, 0.351044, 28.5, 0.5, 32.5)
type = 2
scriptname = "monsters\\Nightdead.s"

[node name="105_placeholder11" parent="actors/placeholders" instance=ExtResource("3_hvyjk")]
transform = Transform3D(-1, 0, -8.74228e-08, 0, 1, 0, 8.74228e-08, 0, -1, 6.5, 0.5, 10.5)
type = 2
scriptname = "monsters\\Nightdead.s"

[node name="71_placeholder" parent="actors/placeholders" instance=ExtResource("5_5v0a5")]
transform = Transform3D(0.0370971, 0, -0.999312, 0, 1, 0, 0.999312, 0, 0.0370971, 61.9688, 2.73438, -56.1094)
mesh = SubResource("BoxMesh_i3mve")
type = 1
scriptname = "torch01\\Nightdead.s"

[node name="71_placeholder2" parent="actors/placeholders" instance=ExtResource("5_5v0a5")]
transform = Transform3D(0.0370969, 0, 0.999312, 0, 1, 0, -0.999312, 0, 0.0370969, 24.0312, 2.73438, -52.5)
mesh = SubResource("BoxMesh_i3mve")
type = 1
scriptname = "torch01\\Nightdead.s"

[node name="71_placeholder3" parent="actors/placeholders" instance=ExtResource("5_5v0a5")]
transform = Transform3D(-1, 0, -8.74228e-08, 0, 1, 0, 8.74228e-08, 0, -1, 30.5, 2.73438, -45.0312)
mesh = SubResource("BoxMesh_i3mve")
type = 1
scriptname = "torch01\\Nightdead.s"

[node name="71_placeholder4" parent="actors/placeholders" instance=ExtResource("5_5v0a5")]
transform = Transform3D(0.0370971, 0, -0.999312, 0, 1, 0, 0.999312, 0, 0.0370971, 36.9688, 2.73438, -52.5)
mesh = SubResource("BoxMesh_i3mve")
type = 1
scriptname = "torch01\\Nightdead.s"

[node name="71_placeholder5" parent="actors/placeholders" instance=ExtResource("5_5v0a5")]
transform = Transform3D(-1, 0, -8.74228e-08, 0, 1, 0, 8.74228e-08, 0, -1, 25.5, 2.77344, -10.0312)
mesh = SubResource("BoxMesh_i3mve")
type = 1
scriptname = "torch01\\Nightdead.s"

[node name="71_placeholder6" parent="actors/placeholders" instance=ExtResource("5_5v0a5")]
transform = Transform3D(-1, 0, -8.74228e-08, 0, 1, 0, 8.74228e-08, 0, -1, 5.03125, 13.6719, -40.0312)
mesh = SubResource("BoxMesh_i3mve")
type = 1
scriptname = "torch01\\Nightdead.s"

[node name="71_placeholder7" parent="actors/placeholders" instance=ExtResource("5_5v0a5")]
transform = Transform3D(-1, 0, -8.74228e-08, 0, 1, 0, 8.74228e-08, 0, -1, -9.96875, 13.6719, -40.0312)
mesh = SubResource("BoxMesh_i3mve")
type = 1
scriptname = "torch01\\Nightdead.s"

[node name="71_placeholder8" parent="actors/placeholders" instance=ExtResource("5_5v0a5")]
transform = Transform3D(-0.0247343, 0, -0.999694, 0, 1, 0, 0.999694, 0, -0.0247343, 12.9688, 13.6719, -39.0312)
mesh = SubResource("BoxMesh_i3mve")
type = 1
scriptname = "torch01\\Nightdead.s"

[node name="71_placeholder9" parent="actors/placeholders" instance=ExtResource("5_5v0a5")]
transform = Transform3D(0.061803, 0, 0.998088, 0, 1, 0, -0.998088, 0, 0.061803, -17.9688, 13.6719, -39.0312)
mesh = SubResource("BoxMesh_i3mve")
type = 1
scriptname = "torch01\\Nightdead.s"

[node name="71_placeholder10" parent="actors/placeholders" instance=ExtResource("5_5v0a5")]
transform = Transform3D(0.997248, 0, -0.0741429, 0, 1, 0, 0.0741429, 0, 0.997248, -9.16406, 13.6719, -60.9844)
mesh = SubResource("BoxMesh_i3mve")
type = 1
scriptname = "torch01\\Nightdead.s"

[node name="71_placeholder11" parent="actors/placeholders" instance=ExtResource("5_5v0a5")]
transform = Transform3D(0.997248, 0, -0.0741429, 0, 1, 0, 0.0741429, 0, 0.997248, 3.83594, 13.6719, -60.9844)
mesh = SubResource("BoxMesh_i3mve")
type = 1
scriptname = "torch01\\Nightdead.s"

[node name="71_placeholder12" parent="actors/placeholders" instance=ExtResource("5_5v0a5")]
transform = Transform3D(-0.0864712, 0, -0.996254, 0, 1, 0, 0.996254, 0, -0.0864712, -32.0156, 2.73438, -55.6953)
mesh = SubResource("BoxMesh_i3mve")
type = 1
scriptname = "torch01\\Nightdead.s"

[node name="71_placeholder13" parent="actors/placeholders" instance=ExtResource("5_5v0a5")]
transform = Transform3D(-0.0864712, 0, -0.996254, 0, 1, 0, 0.996254, 0, -0.0864712, -32.0156, 2.73438, -48.6562)
mesh = SubResource("BoxMesh_i3mve")
type = 1
scriptname = "torch01\\Nightdead.s"

[node name="71_placeholder14" parent="actors/placeholders" instance=ExtResource("5_5v0a5")]
transform = Transform3D(-0.0864712, 0, -0.996254, 0, 1, 0, 0.996254, 0, -0.0864712, -32.0156, 2.73438, -41.5781)
mesh = SubResource("BoxMesh_i3mve")
type = 1
scriptname = "torch01\\Nightdead.s"

[node name="71_placeholder15" parent="actors/placeholders" instance=ExtResource("5_5v0a5")]
transform = Transform3D(-0.0864712, 0, -0.996254, 0, 1, 0, 0.996254, 0, -0.0864712, -32.0156, 2.73438, -32.6172)
mesh = SubResource("BoxMesh_i3mve")
type = 1
scriptname = "torch01\\Nightdead.s"

[node name="71_placeholder16" parent="actors/placeholders" instance=ExtResource("5_5v0a5")]
transform = Transform3D(-0.0864712, 0, -0.996254, 0, 1, 0, 0.996254, 0, -0.0864712, -32.0156, 2.73438, -24.5156)
mesh = SubResource("BoxMesh_i3mve")
type = 1
scriptname = "torch01\\Nightdead.s"

[node name="71_placeholder17" parent="actors/placeholders" instance=ExtResource("5_5v0a5")]
transform = Transform3D(0.0370969, 0, 0.999312, 0, 1, 0, -0.999312, 0, 0.0370969, -30.9844, 2.73438, -24.5)
mesh = SubResource("BoxMesh_i3mve")
type = 1
scriptname = "torch01\\Nightdead.s"

[node name="71_placeholder18" parent="actors/placeholders" instance=ExtResource("5_5v0a5")]
transform = Transform3D(0.0370969, 0, 0.999312, 0, 1, 0, -0.999312, 0, 0.0370969, -30.9844, 2.73438, -32.5)
mesh = SubResource("BoxMesh_i3mve")
type = 1
scriptname = "torch01\\Nightdead.s"

[node name="71_placeholder19" parent="actors/placeholders" instance=ExtResource("5_5v0a5")]
transform = Transform3D(0.0370969, 0, 0.999312, 0, 1, 0, -0.999312, 0, 0.0370969, -30.9844, 2.73438, -41.5)
mesh = SubResource("BoxMesh_i3mve")
type = 1
scriptname = "torch01\\Nightdead.s"

[node name="71_placeholder20" parent="actors/placeholders" instance=ExtResource("5_5v0a5")]
transform = Transform3D(0.0370969, 0, 0.999312, 0, 1, 0, -0.999312, 0, 0.0370969, -30.9844, 2.73438, -48.5)
mesh = SubResource("BoxMesh_i3mve")
type = 1
scriptname = "torch01\\Nightdead.s"

[node name="71_placeholder21" parent="actors/placeholders" instance=ExtResource("5_5v0a5")]
transform = Transform3D(0.0370969, 0, 0.999312, 0, 1, 0, -0.999312, 0, 0.0370969, -30.9844, 2.73438, -55.5)
mesh = SubResource("BoxMesh_i3mve")
type = 1
scriptname = "torch01\\Nightdead.s"

[node name="71_placeholder22" parent="actors/placeholders" instance=ExtResource("5_5v0a5")]
transform = Transform3D(-1, 0, -8.74228e-08, 0, 1, 0, 8.74228e-08, 0, -1, -44.5, 2.8125, -25.0312)
mesh = SubResource("BoxMesh_i3mve")
type = 1
scriptname = "torch01\\Nightdead.s"

[node name="71_placeholder23" parent="actors/placeholders" instance=ExtResource("5_5v0a5")]
transform = Transform3D(0.0370969, 0, 0.999312, 0, 1, 0, -0.999312, 0, 0.0370969, -45.9688, 2.73438, -37.5)
mesh = SubResource("BoxMesh_i3mve")
type = 1
scriptname = "torch01\\Nightdead.s"

[node name="71_placeholder24" parent="actors/placeholders" instance=ExtResource("5_5v0a5")]
transform = Transform3D(0.0370969, 0, 0.999312, 0, 1, 0, -0.999312, 0, 0.0370969, -45.9688, 2.73438, -46.5)
mesh = SubResource("BoxMesh_i3mve")
type = 1
scriptname = "torch01\\Nightdead.s"

[node name="71_placeholder25" parent="actors/placeholders" instance=ExtResource("5_5v0a5")]
transform = Transform3D(0.0370969, 0, 0.999312, 0, 1, 0, -0.999312, 0, 0.0370969, -45.9688, 2.73438, -56.5)
mesh = SubResource("BoxMesh_i3mve")
type = 1
scriptname = "torch01\\Nightdead.s"

[node name="71_placeholder26" parent="actors/placeholders" instance=ExtResource("5_5v0a5")]
transform = Transform3D(0.0370969, 0, 0.999312, 0, 1, 0, -0.999312, 0, 0.0370969, -49.9688, 2.73438, -51.5)
mesh = SubResource("BoxMesh_i3mve")
type = 1
scriptname = "torch01\\Nightdead.s"

[node name="71_placeholder27" parent="actors/placeholders" instance=ExtResource("5_5v0a5")]
transform = Transform3D(0.0370969, 0, 0.999312, 0, 1, 0, -0.999312, 0, 0.0370969, -49.9688, 2.73438, -42.5)
mesh = SubResource("BoxMesh_i3mve")
type = 1
scriptname = "torch01\\Nightdead.s"

[node name="71_placeholder28" parent="actors/placeholders" instance=ExtResource("5_5v0a5")]
transform = Transform3D(0.0370969, 0, 0.999312, 0, 1, 0, -0.999312, 0, 0.0370969, -49.9688, 2.73438, -35.5)
mesh = SubResource("BoxMesh_i3mve")
type = 1
scriptname = "torch01\\Nightdead.s"

[node name="71_placeholder29" parent="actors/placeholders" instance=ExtResource("5_5v0a5")]
transform = Transform3D(0.0370969, 0, 0.999312, 0, 1, 0, -0.999312, 0, 0.0370969, -53.9688, 2.73438, -47.5)
mesh = SubResource("BoxMesh_i3mve")
type = 1
scriptname = "torch01\\Nightdead.s"

[node name="71_placeholder30" parent="actors/placeholders" instance=ExtResource("5_5v0a5")]
transform = Transform3D(0.0370969, 0, 0.999312, 0, 1, 0, -0.999312, 0, 0.0370969, -53.9688, 2.73438, -36.5)
mesh = SubResource("BoxMesh_i3mve")
type = 1
scriptname = "torch01\\Nightdead.s"

[node name="71_placeholder31" parent="actors/placeholders" instance=ExtResource("5_5v0a5")]
transform = Transform3D(0.982839, 0, -0.184465, 0, 1, 0, 0.184465, 0, 0.982839, -50.5, 2.73438, -31.9688)
mesh = SubResource("BoxMesh_i3mve")
type = 1
scriptname = "torch01\\Nightdead.s"

[node name="71_placeholder32" parent="actors/placeholders" instance=ExtResource("5_5v0a5")]
transform = Transform3D(0.982839, 0, -0.184465, 0, 1, 0, 0.184465, 0, 0.982839, -50.5, 2.73438, -27.9688)
mesh = SubResource("BoxMesh_i3mve")
type = 1
scriptname = "torch01\\Nightdead.s"

[node name="71_placeholder33" parent="actors/placeholders" instance=ExtResource("5_5v0a5")]
transform = Transform3D(0.0370969, 0, 0.999312, 0, 1, 0, -0.999312, 0, 0.0370969, -57.9688, 2.73438, -31.5)
mesh = SubResource("BoxMesh_i3mve")
type = 1
scriptname = "torch01\\Nightdead.s"

[node name="71_placeholder34" parent="actors/placeholders" instance=ExtResource("5_5v0a5")]
transform = Transform3D(0.0370969, 0, 0.999312, 0, 1, 0, -0.999312, 0, 0.0370969, -57.9688, 2.73438, -42.5)
mesh = SubResource("BoxMesh_i3mve")
type = 1
scriptname = "torch01\\Nightdead.s"

[node name="71_placeholder35" parent="actors/placeholders" instance=ExtResource("5_5v0a5")]
transform = Transform3D(0.0370969, 0, 0.999312, 0, 1, 0, -0.999312, 0, 0.0370969, -57.9688, 2.73438, -52.5)
mesh = SubResource("BoxMesh_i3mve")
type = 1
scriptname = "torch01\\Nightdead.s"

[node name="71_placeholder36" parent="actors/placeholders" instance=ExtResource("5_5v0a5")]
transform = Transform3D(0.982839, 0, -0.184465, 0, 1, 0, 0.184465, 0, 0.982839, -52.5, 2.73438, -57.9688)
mesh = SubResource("BoxMesh_i3mve")
type = 1
scriptname = "torch01\\Nightdead.s"

[node name="71_placeholder37" parent="actors/placeholders" instance=ExtResource("5_5v0a5")]
transform = Transform3D(0.982839, 0, -0.184465, 0, 1, 0, 0.184465, 0, 0.982839, -52.5, 2.73438, -61.9688)
mesh = SubResource("BoxMesh_i3mve")
type = 1
scriptname = "torch01\\Nightdead.s"

[node name="71_placeholder38" parent="actors/placeholders" instance=ExtResource("5_5v0a5")]
transform = Transform3D(0.0370969, 0, 0.999312, 0, 1, 0, -0.999312, 0, 0.0370969, -61.9688, 2.73438, -49.5)
mesh = SubResource("BoxMesh_i3mve")
type = 1
scriptname = "torch01\\Nightdead.s"

[node name="71_placeholder39" parent="actors/placeholders" instance=ExtResource("5_5v0a5")]
transform = Transform3D(0.0370969, 0, 0.999312, 0, 1, 0, -0.999312, 0, 0.0370969, -61.9688, 2.73438, -40.5)
mesh = SubResource("BoxMesh_i3mve")
type = 1
scriptname = "torch01\\Nightdead.s"

[node name="71_placeholder40" parent="actors/placeholders" instance=ExtResource("5_5v0a5")]
transform = Transform3D(0.0370969, 0, 0.999312, 0, 1, 0, -0.999312, 0, 0.0370969, -61.9688, 2.73438, -31.5)
mesh = SubResource("BoxMesh_i3mve")
type = 1
scriptname = "torch01\\Nightdead.s"

[node name="71_placeholder41" parent="actors/placeholders" instance=ExtResource("5_5v0a5")]
transform = Transform3D(0.0370969, 0, 0.999312, 0, 1, 0, -0.999312, 0, 0.0370969, -61.9688, 2.73438, -23.5)
mesh = SubResource("BoxMesh_i3mve")
type = 1
scriptname = "torch01\\Nightdead.s"

[node name="71_placeholder42" parent="actors/placeholders" instance=ExtResource("5_5v0a5")]
transform = Transform3D(-0.0864712, 0, -0.996254, 0, 1, 0, 0.996254, 0, -0.0864712, -52.0312, 2.73438, -20.5)
mesh = SubResource("BoxMesh_i3mve")
type = 1
scriptname = "torch01\\Nightdead.s"

[node name="71_placeholder43" parent="actors/placeholders" instance=ExtResource("5_5v0a5")]
transform = Transform3D(0.995109, 0, -0.0987864, 0, 1, 0, 0.0987864, 0, 0.995109, -47.5, 2.8125, -16.9688)
mesh = SubResource("BoxMesh_i3mve")
type = 1
scriptname = "torch01\\Nightdead.s"

[node name="71_placeholder44" parent="actors/placeholders" instance=ExtResource("5_5v0a5")]
transform = Transform3D(0.995109, 0, -0.0987864, 0, 1, 0, 0.0987864, 0, 0.995109, -31.5, 2.8125, -61.9688)
mesh = SubResource("BoxMesh_i3mve")
type = 1
scriptname = "torch01\\Nightdead.s"

[node name="71_placeholder45" parent="actors/placeholders" instance=ExtResource("5_5v0a5")]
transform = Transform3D(-0.0864712, 0, -0.996254, 0, 1, 0, 0.996254, 0, -0.0864712, -39.0312, 2.73438, -53.5)
mesh = SubResource("BoxMesh_i3mve")
type = 1
scriptname = "torch01\\Nightdead.s"

[node name="71_placeholder46" parent="actors/placeholders" instance=ExtResource("5_5v0a5")]
transform = Transform3D(-0.0864712, 0, -0.996254, 0, 1, 0, 0.996254, 0, -0.0864712, -39.0312, 2.73438, -38.5)
mesh = SubResource("BoxMesh_i3mve")
type = 1
scriptname = "torch01\\Nightdead.s"

[node name="71_placeholder47" parent="actors/placeholders" instance=ExtResource("5_5v0a5")]
transform = Transform3D(-0.0864712, 0, -0.996254, 0, 1, 0, 0.996254, 0, -0.0864712, -39.0312, 2.73438, -22.5)
mesh = SubResource("BoxMesh_i3mve")
type = 1
scriptname = "torch01\\Nightdead.s"

[node name="71_placeholder48" parent="actors/placeholders" instance=ExtResource("5_5v0a5")]
transform = Transform3D(0.0370969, 0, 0.999312, 0, 1, 0, -0.999312, 0, 0.0370969, 1.03125, 2.77344, 9.5)
mesh = SubResource("BoxMesh_i3mve")
type = 1
scriptname = "torch01\\Nightdead.s"

[node name="71_placeholder49" parent="actors/placeholders" instance=ExtResource("5_5v0a5")]
transform = Transform3D(0.0370969, 0, 0.999312, 0, 1, 0, -0.999312, 0, 0.0370969, 1.03125, 2.77344, 20.5)
mesh = SubResource("BoxMesh_i3mve")
type = 1
scriptname = "torch01\\Nightdead.s"

[node name="71_placeholder50" parent="actors/placeholders" instance=ExtResource("5_5v0a5")]
transform = Transform3D(-0.0741425, 0, -0.997248, 0, 1, 0, 0.997248, 0, -0.0741425, -0.03125, 2.77344, -0.5)
mesh = SubResource("BoxMesh_i3mve")
type = 1
scriptname = "torch01\\Nightdead.s"

[node name="71_placeholder51" parent="actors/placeholders" instance=ExtResource("5_5v0a5")]
transform = Transform3D(0.0370969, 0, 0.999312, 0, 1, 0, -0.999312, 0, 0.0370969, -4.96875, 2.77344, 10.5)
mesh = SubResource("BoxMesh_i3mve")
type = 1
scriptname = "torch01\\Nightdead.s"

[node name="71_placeholder52" parent="actors/placeholders" instance=ExtResource("5_5v0a5")]
transform = Transform3D(0.0370969, 0, 0.999312, 0, 1, 0, -0.999312, 0, 0.0370969, -4.96875, 2.77344, 19.5)
mesh = SubResource("BoxMesh_i3mve")
type = 1
scriptname = "torch01\\Nightdead.s"

[node name="71_placeholder53" parent="actors/placeholders" instance=ExtResource("5_5v0a5")]
transform = Transform3D(-0.0741425, 0, -0.997248, 0, 1, 0, 0.997248, 0, -0.0741425, -0.03125, 2.77344, 30.5)
mesh = SubResource("BoxMesh_i3mve")
type = 1
scriptname = "torch01\\Nightdead.s"

[node name="71_placeholder54" parent="actors/placeholders" instance=ExtResource("5_5v0a5")]
transform = Transform3D(0.999924, 0, 0.0123683, 0, 1, 0, -0.0123683, 0, 0.999924, -19.0859, 2.38281, -2.96875)
mesh = SubResource("BoxMesh_i3mve")
type = 1
scriptname = "torch01\\Nightdead.s"

[node name="71_placeholder55" parent="actors/placeholders" instance=ExtResource("5_5v0a5")]
transform = Transform3D(0.999924, 0, 0.0123683, 0, 1, 0, -0.0123683, 0, 0.999924, -31.0859, 2.38281, -2.96875)
mesh = SubResource("BoxMesh_i3mve")
type = 1
scriptname = "torch01\\Nightdead.s"

[node name="71_placeholder56" parent="actors/placeholders" instance=ExtResource("5_5v0a5")]
transform = Transform3D(0.999924, 0, 0.0123683, 0, 1, 0, -0.0123683, 0, 0.999924, -43.0859, 2.38281, -2.96875)
mesh = SubResource("BoxMesh_i3mve")
type = 1
scriptname = "torch01\\Nightdead.s"

[node name="71_placeholder57" parent="actors/placeholders" instance=ExtResource("5_5v0a5")]
transform = Transform3D(-1, 0, -8.74228e-08, 0, 1, 0, 8.74228e-08, 0, -1, -41.9297, 2.73438, 33.9688)
mesh = SubResource("BoxMesh_i3mve")
type = 1
scriptname = "torch01\\Nightdead.s"

[node name="71_placeholder58" parent="actors/placeholders" instance=ExtResource("5_5v0a5")]
transform = Transform3D(-1, 0, -8.74228e-08, 0, 1, 0, 8.74228e-08, 0, -1, -29.9297, 2.73438, 33.9688)
mesh = SubResource("BoxMesh_i3mve")
type = 1
scriptname = "torch01\\Nightdead.s"

[node name="71_placeholder59" parent="actors/placeholders" instance=ExtResource("5_5v0a5")]
transform = Transform3D(-1, 0, -8.74228e-08, 0, 1, 0, 8.74228e-08, 0, -1, -17.9297, 2.73438, 33.9688)
mesh = SubResource("BoxMesh_i3mve")
type = 1
scriptname = "torch01\\Nightdead.s"

[node name="71_placeholder60" parent="actors/placeholders" instance=ExtResource("5_5v0a5")]
transform = Transform3D(0.990759, 0, -0.135634, 0, 1, 0, 0.135634, 0, 0.990759, -58.9297, 2.73438, -19.9688)
mesh = SubResource("BoxMesh_i3mve")
type = 1
scriptname = "torch01\\Nightdead.s"

[node name="71_placeholder61" parent="actors/placeholders" instance=ExtResource("5_5v0a5")]
transform = Transform3D(-0.061803, 0, -0.998088, 0, 1, 0, 0.998088, 0, -0.061803, -56.0312, 2.73438, -3.5)
mesh = SubResource("BoxMesh_i3mve")
type = 1
scriptname = "torch01\\Nightdead.s"

[node name="71_placeholder62" parent="actors/placeholders" instance=ExtResource("5_5v0a5")]
transform = Transform3D(-0.061803, 0, -0.998088, 0, 1, 0, 0.998088, 0, -0.061803, -56.0312, 2.73438, 10.5)
mesh = SubResource("BoxMesh_i3mve")
type = 1
scriptname = "torch01\\Nightdead.s"

[node name="71_placeholder63" parent="actors/placeholders" instance=ExtResource("5_5v0a5")]
transform = Transform3D(-0.061803, 0, -0.998088, 0, 1, 0, 0.998088, 0, -0.061803, -56.0312, 2.73438, 22.5)
mesh = SubResource("BoxMesh_i3mve")
type = 1
scriptname = "torch01\\Nightdead.s"

[node name="71_placeholder64" parent="actors/placeholders" instance=ExtResource("5_5v0a5")]
transform = Transform3D(0.0247344, 0, -0.999694, 0, 1, 0, 0.999694, 0, 0.0247344, -56.0312, 2.73438, 39.4219)
mesh = SubResource("BoxMesh_i3mve")
type = 1
scriptname = "torch01\\Nightdead.s"

[node name="71_placeholder65" parent="actors/placeholders" instance=ExtResource("5_5v0a5")]
transform = Transform3D(-1, 0, -8.74228e-08, 0, 1, 0, 8.74228e-08, 0, -1, 48.5, 2.73438, 39.9688)
mesh = SubResource("BoxMesh_i3mve")
type = 1
scriptname = "torch01\\Nightdead.s"

[node name="71_placeholder66" parent="actors/placeholders" instance=ExtResource("5_5v0a5")]
transform = Transform3D(-1, 0, -8.74228e-08, 0, 1, 0, 8.74228e-08, 0, -1, 34.5, 2.73438, 39.9688)
mesh = SubResource("BoxMesh_i3mve")
type = 1
scriptname = "torch01\\Nightdead.s"

[node name="71_placeholder67" parent="actors/placeholders" instance=ExtResource("5_5v0a5")]
transform = Transform3D(-1, 0, -8.74228e-08, 0, 1, 0, 8.74228e-08, 0, -1, 15.5, 2.73438, 39.9688)
mesh = SubResource("BoxMesh_i3mve")
type = 1
scriptname = "torch01\\Nightdead.s"

[node name="71_placeholder68" parent="actors/placeholders" instance=ExtResource("5_5v0a5")]
transform = Transform3D(-1, 0, -8.74228e-08, 0, 1, 0, 8.74228e-08, 0, -1, 3.5, 2.73438, 39.9688)
mesh = SubResource("BoxMesh_i3mve")
type = 1
scriptname = "torch01\\Nightdead.s"

[node name="71_placeholder69" parent="actors/placeholders" instance=ExtResource("5_5v0a5")]
transform = Transform3D(-1, 0, -8.74228e-08, 0, 1, 0, 8.74228e-08, 0, -1, -16.5, 2.73438, 39.9688)
mesh = SubResource("BoxMesh_i3mve")
type = 1
scriptname = "torch01\\Nightdead.s"

[node name="71_placeholder70" parent="actors/placeholders" instance=ExtResource("5_5v0a5")]
transform = Transform3D(0.061803, 0, 0.998088, 0, 1, 0, -0.998088, 0, 0.061803, 47.0156, 2.73438, 49.4766)
mesh = SubResource("BoxMesh_i3mve")
type = 1
scriptname = "torch01\\Nightdead.s"

[node name="71_placeholder71" parent="actors/placeholders" instance=ExtResource("5_5v0a5")]
transform = Transform3D(0.0370969, 0, 0.999312, 0, 1, 0, -0.999312, 0, 0.0370969, 47.0156, 2.73438, 55.5156)
mesh = SubResource("BoxMesh_i3mve")
type = 1
scriptname = "torch01\\Nightdead.s"

[node name="1054_placeholder" parent="actors/placeholders" instance=ExtResource("5_5v0a5")]
transform = Transform3D(-1, 0, -8.74228e-08, 0, 1, 0, 8.74228e-08, 0, -1, -9.5, 10.5078, -60.3047)
mesh = SubResource("BoxMesh_i3mve")
type = 11
scriptname = "crypt1\\brazier_end.s"

[node name="1054_placeholder2" parent="actors/placeholders" instance=ExtResource("5_5v0a5")]
transform = Transform3D(-1, 0, -8.74228e-08, 0, 1, 0, 8.74228e-08, 0, -1, -3.89062, 10.5078, -57.5703)
mesh = SubResource("BoxMesh_i3mve")
type = 11
scriptname = "crypt1\\brazier_spd.s"

