{
  "asset": {
    "version": "2.0",
    "generator": "THREE.GLTFExporter"
  },
  "scenes": [
    {
      "nodes": [
        132
      ]
    }
  ],
  "scene": 0,
  "nodes": [
    {
      "mesh": 0
    },
    {
      "mesh": 1
    },
    {
      "mesh": 2
    },
    {
      "mesh": 3
    },
    {
      "mesh": 4
    },
    {
      "mesh": 5
    },
    {
      "mesh": 6
    },
    {
      "mesh": 7
    },
    {
      "mesh": 8
    },
    {
      "mesh": 9
    },
    {
      "mesh": 10
    },
    {
      "mesh": 11
    },
    {
      "mesh": 12
    },
    {
      "mesh": 13
    },
    {
      "mesh": 14
    },
    {
      "mesh": 15
    },
    {
      "mesh": 16
    },
    {
      "mesh": 17
    },
    {
      "mesh": 18
    },
    {
      "mesh": 19
    },
    {
      "mesh": 20
    },
    {
      "mesh": 21
    },
    {
      "mesh": 22
    },
    {
      "mesh": 23
    },
    {
      "matrix": [
        1,
        0,
        0,
        0,
        0,
        1,
        0,
        0,
        0,
        0,
        1,
        0,
        -24.5,
        -10.71875,
        56.5,
        1
      ],
      "mesh": 24
    },
    {
      "matrix": [
        1,
        0,
        0,
        0,
        0,
        1,
        0,
        0,
        0,
        0,
        1,
        0,
        -28.5,
        -10.71875,
        44.5,
        1
      ],
      "mesh": 24
    },
    {
      "matrix": [
        1,
        0,
        0,
        0,
        0,
        1,
        0,
        0,
        0,
        0,
        1,
        0,
        -26.5,
        -10.328125,
        48.5,
        1
      ],
      "mesh": 24
    },
    {
      "matrix": [
        1,
        0,
        0,
        0,
        0,
        1,
        0,
        0,
        0,
        0,
        1,
        0,
        -32.5,
        -10.71875,
        95.5,
        1
      ],
      "mesh": 25
    },
    {
      "matrix": [
        1,
        0,
        0,
        0,
        0,
        1,
        0,
        0,
        0,
        0,
        1,
        0,
        -23.5,
        -11.296875,
        100.5,
        1
      ],
      "mesh": 25
    },
    {
      "matrix": [
        1,
        0,
        0,
        0,
        0,
        1,
        0,
        0,
        0,
        0,
        1,
        0,
        -26.5,
        -10.71875,
        104.5,
        1
      ],
      "mesh": 25
    },
    {
      "matrix": [
        1,
        0,
        0,
        0,
        0,
        1,
        0,
        0,
        0,
        0,
        1,
        0,
        -92.5,
        -10.71875,
        64.5,
        1
      ],
      "mesh": 26
    },
    {
      "matrix": [
        1,
        0,
        0,
        0,
        0,
        1,
        0,
        0,
        0,
        0,
        1,
        0,
        -93.5,
        -10.71875,
        69.5,
        1
      ],
      "mesh": 26
    },
    {
      "matrix": [
        -0.9487371075487709,
        0,
        -0.3160662917174045,
        0,
        0,
        1,
        0,
        0,
        0.3160662917174045,
        0,
        -0.9487371075487709,
        0,
        -87.72265625,
        -11,
        16.5,
        1
      ],
      "mesh": 27
    },
    {
      "matrix": [
        0.9996940572530831,
        0,
        -0.024734427279994954,
        0,
        0,
        1,
        0,
        0,
        0.024734427279994954,
        0,
        0.9996940572530831,
        0,
        -114.5,
        -20.75,
        91.5,
        1
      ],
      "mesh": 28
    },
    {
      "matrix": [
        0.9996940572530831,
        0,
        -0.024734427279994954,
        0,
        0,
        1,
        0,
        0,
        0.024734427279994954,
        0,
        0.9996940572530831,
        0,
        -116.5,
        -20.8125,
        96.5,
        1
      ],
      "mesh": 28
    },
    {
      "matrix": [
        0.9996940572530831,
        0,
        -0.024734427279994954,
        0,
        0,
        1,
        0,
        0,
        0.024734427279994954,
        0,
        0.9996940572530831,
        0,
        -110.5,
        -20.75,
        95.5,
        1
      ],
      "mesh": 29
    },
    {
      "matrix": [
        0.9996940572530831,
        0,
        -0.024734427279994954,
        0,
        0,
        1,
        0,
        0,
        0.024734427279994954,
        0,
        0.9996940572530831,
        0,
        -94.5,
        -20.125,
        103.5,
        1
      ],
      "mesh": 29
    },
    {
      "matrix": [
        0.9996940572530831,
        0,
        -0.024734427279994954,
        0,
        0,
        1,
        0,
        0,
        0.024734427279994954,
        0,
        0.9996940572530831,
        0,
        -98.5,
        -20.625,
        104.5,
        1
      ],
      "mesh": 28
    },
    {
      "matrix": [
        0.9987764162142613,
        0,
        -0.049453719922738996,
        0,
        0,
        1,
        0,
        0,
        0.049453719922738996,
        0,
        0.9987764162142613,
        0,
        -24.5,
        -11.0625,
        102.5,
        1
      ],
      "mesh": 30
    },
    {
      "matrix": [
        0.9987764162142613,
        0,
        -0.049453719922738996,
        0,
        0,
        1,
        0,
        0,
        0.049453719922738996,
        0,
        0.9987764162142613,
        0,
        -25.5,
        -11.28125,
        97.5,
        1
      ],
      "mesh": 30
    },
    {
      "matrix": [
        1,
        0,
        0,
        0,
        0,
        1,
        0,
        0,
        0,
        0,
        1,
        0,
        -30.5,
        -11,
        97.5,
        1
      ],
      "mesh": 30
    },
    {
      "matrix": [
        0.9972476383747747,
        0,
        -0.0741427525516462,
        0,
        0,
        1,
        0,
        0,
        0.0741427525516462,
        0,
        0.9972476383747747,
        0,
        -27.5,
        -11,
        101.5,
        1
      ],
      "mesh": 30
    },
    {
      "matrix": [
        -0.1600982392957977,
        0.35792101509655416,
        -0.9199245081671856,
        0,
        0,
        0.9319455943394346,
        0.36259813732466706,
        0,
        0.9871010858946443,
        0.05805132335761498,
        -0.1492028487732191,
        0,
        -5.109375,
        -11.5,
        51.5,
        1
      ],
      "mesh": 31
    },
    {
      "matrix": [
        1,
        0,
        0,
        0,
        0,
        1,
        0,
        0,
        0,
        0,
        1,
        0,
        -64.5,
        -21,
        118.5,
        1
      ],
      "mesh": 32
    },
    {
      "matrix": [
        1,
        0,
        0,
        0,
        0,
        1,
        0,
        0,
        0,
        0,
        1,
        0,
        -8.5,
        -10.875,
        54.5,
        1
      ],
      "mesh": 32
    },
    {
      "matrix": [
        1,
        0,
        0,
        0,
        0,
        1,
        0,
        0,
        0,
        0,
        1,
        0,
        -6.5,
        -10.875,
        55.5,
        1
      ],
      "mesh": 32
    },
    {
      "matrix": [
        0.6574063133353583,
        0,
        0.7535362892301954,
        0,
        0,
        1,
        0,
        0,
        -0.7535362892301954,
        0,
        0.6574063133353583,
        0,
        -44.5,
        -3.25,
        42.5,
        1
      ],
      "mesh": 32
    },
    {
      "matrix": [
        0.037096911092605156,
        0,
        0.9993116726964553,
        0,
        0,
        1,
        0,
        0,
        -0.9993116726964553,
        0,
        0.037096911092605156,
        0,
        -39.984375,
        -3.25,
        46.625,
        1
      ],
      "mesh": 30
    },
    {
      "matrix": [
        0.9987764162142613,
        0,
        -0.049453719922738996,
        0,
        0,
        1,
        0,
        0,
        0.049453719922738996,
        0,
        0.9987764162142613,
        0,
        -36.421875,
        -3.25,
        45.0625,
        1
      ],
      "mesh": 30
    },
    {
      "matrix": [
        0.9987764162142613,
        0,
        -0.049453719922738996,
        0,
        0,
        1,
        0,
        0,
        0.049453719922738996,
        0,
        0.9987764162142613,
        0,
        -27.40625,
        -9.95703125,
        12.078125,
        1
      ],
      "mesh": 30
    },
    {
      "matrix": [
        0.9987764162142613,
        0,
        -0.049453719922738996,
        0,
        0,
        1,
        0,
        0,
        0.049453719922738996,
        0,
        0.9987764162142613,
        0,
        -25.40625,
        -10.19140625,
        13.078125,
        1
      ],
      "mesh": 30
    },
    {
      "matrix": [
        0.8680794502434017,
        0,
        -0.4964252895100263,
        0,
        0,
        1,
        0,
        0,
        0.4964252895100263,
        0,
        0.8680794502434017,
        0,
        -54.71875,
        -11,
        92.328125,
        1
      ],
      "mesh": 33
    },
    {
      "matrix": [
        0.9996940572530831,
        0,
        -0.024734427279994954,
        0,
        0,
        1,
        0,
        0,
        0.024734427279994954,
        0,
        0.9996940572530831,
        0,
        -57.71875,
        -11,
        92.5,
        1
      ],
      "mesh": 34
    },
    {
      "matrix": [
        -0.828883844276384,
        0,
        0.5594207474679533,
        0,
        0,
        1,
        0,
        0,
        -0.5594207474679533,
        0,
        -0.828883844276384,
        0,
        -62.5,
        -11,
        98.5,
        1
      ],
      "mesh": 33
    },
    {
      "matrix": [
        0.9996940572530831,
        0,
        -0.024734427279994954,
        0,
        0,
        1,
        0,
        0,
        0.024734427279994954,
        0,
        0.9996940572530831,
        0,
        -74.5,
        -11,
        76.5,
        1
      ],
      "mesh": 34
    },
    {
      "matrix": [
        -0.828883844276384,
        0,
        0.5594207474679533,
        0,
        0,
        1,
        0,
        0,
        -0.5594207474679533,
        0,
        -0.828883844276384,
        0,
        -72.5,
        -11,
        97.5,
        1
      ],
      "mesh": 29
    },
    {
      "matrix": [
        -0.9996940572530832,
        0,
        -0.024734427279995138,
        0,
        0,
        1,
        0,
        0,
        0.024734427279995138,
        0,
        -0.9996940572530832,
        0,
        -58.5,
        -10.875,
        84.9453125,
        1
      ],
      "mesh": 35
    },
    {
      "matrix": [
        -0.9996940572530832,
        0,
        -0.024734427279995138,
        0,
        0,
        1,
        0,
        0,
        0.024734427279995138,
        0,
        -0.9996940572530832,
        0,
        -55.5,
        -10.875,
        84.9453125,
        1
      ],
      "mesh": 35
    },
    {
      "matrix": [
        -0.9996940572530832,
        0,
        -0.024734427279995138,
        0,
        0,
        1,
        0,
        0,
        0.024734427279995138,
        0,
        -0.9996940572530832,
        0,
        -72.5,
        -10.875,
        75.9296875,
        1
      ],
      "mesh": 35
    },
    {
      "matrix": [
        1,
        0,
        0,
        0,
        0,
        1,
        0,
        0,
        0,
        0,
        1,
        0,
        -74.5,
        -10.875,
        98.0859375,
        1
      ],
      "mesh": 35
    },
    {
      "matrix": [
        1,
        0,
        0,
        0,
        0,
        1,
        0,
        0,
        0,
        0,
        1,
        0,
        -64.5,
        -10.875,
        99.0859375,
        1
      ],
      "mesh": 35
    },
    {
      "matrix": [
        1,
        0,
        0,
        0,
        0,
        1,
        0,
        0,
        0,
        0,
        1,
        0,
        -107.5,
        -21.5,
        82.5,
        1
      ],
      "mesh": 36
    },
    {
      "matrix": [
        1,
        0,
        0,
        0,
        0,
        1,
        0,
        0,
        0,
        0,
        1,
        0,
        -103.5,
        -21.5,
        66.5,
        1
      ],
      "mesh": 36
    },
    {
      "matrix": [
        1,
        0,
        0,
        0,
        0,
        1,
        0,
        0,
        0,
        0,
        1,
        0,
        -116.5,
        -21.5,
        93.5,
        1
      ],
      "mesh": 36
    },
    {
      "matrix": [
        1,
        0,
        0,
        0,
        0,
        1,
        0,
        0,
        0,
        0,
        1,
        0,
        -99.5,
        -21.5,
        82.5,
        1
      ],
      "mesh": 37
    },
    {
      "matrix": [
        1,
        0,
        0,
        0,
        0,
        1,
        0,
        0,
        0,
        0,
        1,
        0,
        -118.5,
        -21.5,
        75.5,
        1
      ],
      "mesh": 37
    },
    {
      "matrix": [
        1,
        0,
        0,
        0,
        0,
        1,
        0,
        0,
        0,
        0,
        1,
        0,
        -95.5,
        -21.5,
        97.5,
        1
      ],
      "mesh": 37
    },
    {
      "matrix": [
        1,
        0,
        0,
        0,
        0,
        1,
        0,
        0,
        0,
        0,
        1,
        0,
        -105.5,
        -11.5,
        25.5,
        1
      ],
      "mesh": 37
    },
    {
      "matrix": [
        1,
        0,
        0,
        0,
        0,
        1,
        0,
        0,
        0,
        0,
        1,
        0,
        -106.5,
        -11.5,
        41.5,
        1
      ],
      "mesh": 37
    },
    {
      "matrix": [
        1,
        0,
        0,
        0,
        0,
        1,
        0,
        0,
        0,
        0,
        1,
        0,
        -118.5,
        -11.5,
        28.5,
        1
      ],
      "mesh": 37
    },
    {
      "matrix": [
        1,
        0,
        0,
        0,
        0,
        1,
        0,
        0,
        0,
        0,
        1,
        0,
        -113.5,
        -11.5,
        14.5,
        1
      ],
      "mesh": 37
    },
    {
      "matrix": [
        1,
        0,
        0,
        0,
        0,
        1,
        0,
        0,
        0,
        0,
        1,
        0,
        -81.5,
        -11.5,
        31.5,
        1
      ],
      "mesh": 37
    },
    {
      "matrix": [
        1,
        0,
        0,
        0,
        0,
        1,
        0,
        0,
        0,
        0,
        1,
        0,
        -92.5,
        -11.5,
        43.5,
        1
      ],
      "mesh": 37
    },
    {
      "matrix": [
        1,
        0,
        0,
        0,
        0,
        1,
        0,
        0,
        0,
        0,
        1,
        0,
        -80.5,
        -11.5,
        50.5,
        1
      ],
      "mesh": 37
    },
    {
      "matrix": [
        1,
        0,
        0,
        0,
        0,
        1,
        0,
        0,
        0,
        0,
        1,
        0,
        -46.5,
        -11.5,
        8.5,
        1
      ],
      "mesh": 37
    },
    {
      "matrix": [
        1,
        0,
        0,
        0,
        0,
        1,
        0,
        0,
        0,
        0,
        1,
        0,
        -29.5,
        -11.5,
        12.5,
        1
      ],
      "mesh": 37
    },
    {
      "matrix": [
        1,
        0,
        0,
        0,
        0,
        1,
        0,
        0,
        0,
        0,
        1,
        0,
        -66.5,
        -11.5,
        13.5,
        1
      ],
      "mesh": 37
    },
    {
      "matrix": [
        1,
        0,
        0,
        0,
        0,
        1,
        0,
        0,
        0,
        0,
        1,
        0,
        -60.5,
        -11.5,
        26.5,
        1
      ],
      "mesh": 37
    },
    {
      "matrix": [
        1,
        0,
        0,
        0,
        0,
        1,
        0,
        0,
        0,
        0,
        1,
        0,
        -16.5,
        -11.5,
        58.5,
        1
      ],
      "mesh": 36
    },
    {
      "matrix": [
        0.8125,
        0,
        0,
        0,
        0,
        0.8125,
        0,
        0,
        0,
        0,
        0.8125,
        0,
        -17.5,
        -11.5,
        31.5,
        1
      ],
      "mesh": 36
    },
    {
      "matrix": [
        1,
        0,
        0,
        0,
        0,
        1,
        0,
        0,
        0,
        0,
        1,
        0,
        -24.5,
        -11.5,
        42.5,
        1
      ],
      "mesh": 36
    },
    {
      "matrix": [
        0.8125,
        0,
        0,
        0,
        0,
        0.8125,
        0,
        0,
        0,
        0,
        0.8125,
        0,
        -22.5,
        -11.0703125,
        50.5,
        1
      ],
      "mesh": 36
    },
    {
      "matrix": [
        1,
        0,
        0,
        0,
        0,
        1,
        0,
        0,
        0,
        0,
        1,
        0,
        -8.5,
        -11.5,
        39.5,
        1
      ],
      "mesh": 36
    },
    {
      "matrix": [
        1,
        0,
        0,
        0,
        0,
        1,
        0,
        0,
        0,
        0,
        1,
        0,
        -7.5,
        -21.5,
        106.5,
        1
      ],
      "mesh": 37
    },
    {
      "matrix": [
        1,
        0,
        0,
        0,
        0,
        1,
        0,
        0,
        0,
        0,
        1,
        0,
        -15.5,
        -21.5,
        101.5,
        1
      ],
      "mesh": 37
    },
    {
      "matrix": [
        1,
        0,
        0,
        0,
        0,
        1,
        0,
        0,
        0,
        0,
        1,
        0,
        -49.5,
        -11.5,
        98.5,
        1
      ],
      "mesh": 36
    },
    {
      "matrix": [
        1,
        0,
        0,
        0,
        0,
        1,
        0,
        0,
        0,
        0,
        1,
        0,
        -43.5,
        -11.5,
        86.5,
        1
      ],
      "mesh": 36
    },
    {
      "matrix": [
        1,
        0,
        0,
        0,
        0,
        1,
        0,
        0,
        0,
        0,
        1,
        0,
        -24.5,
        -11.5,
        79.5,
        1
      ],
      "mesh": 36
    },
    {
      "matrix": [
        1,
        0,
        0,
        0,
        0,
        1,
        0,
        0,
        0,
        0,
        1,
        0,
        -16.5,
        -11.5,
        87.5,
        1
      ],
      "mesh": 36
    },
    {
      "matrix": [
        1,
        0,
        0,
        0,
        0,
        1,
        0,
        0,
        0,
        0,
        1,
        0,
        -27.5,
        -11.5,
        104.5,
        1
      ],
      "mesh": 36
    },
    {
      "matrix": [
        1,
        0,
        0,
        0,
        0,
        1,
        0,
        0,
        0,
        0,
        1,
        0,
        -24.5,
        -11.5,
        98.5,
        1
      ],
      "mesh": 36
    },
    {
      "matrix": [
        1,
        0,
        0,
        0,
        0,
        1,
        0,
        0,
        0,
        0,
        1,
        0,
        -61.5,
        -10.9140625,
        77.5,
        1
      ],
      "mesh": 36
    },
    {
      "matrix": [
        1,
        0,
        0,
        0,
        0,
        1,
        0,
        0,
        0,
        0,
        1,
        0,
        -67.5,
        -10.9140625,
        87.5,
        1
      ],
      "mesh": 36
    },
    {
      "matrix": [
        1,
        0,
        0,
        0,
        0,
        1,
        0,
        0,
        0,
        0,
        1,
        0,
        -78.5,
        -10.9140625,
        68.5,
        1
      ],
      "mesh": 36
    },
    {
      "matrix": [
        1,
        0,
        0,
        0,
        0,
        1,
        0,
        0,
        0,
        0,
        1,
        0,
        -81.5,
        -10.9140625,
        84.5,
        1
      ],
      "mesh": 36
    },
    {
      "matrix": [
        1,
        0,
        0,
        0,
        0,
        1,
        0,
        0,
        0,
        0,
        1,
        0,
        -85.5,
        -10.9140625,
        79.5,
        1
      ],
      "mesh": 36
    },
    {
      "matrix": [
        1,
        0,
        0,
        0,
        0,
        1,
        0,
        0,
        0,
        0,
        1,
        0,
        -57.046875,
        -7.2421875,
        86.9921875,
        1
      ],
      "mesh": 38
    },
    {
      "matrix": [
        1,
        0,
        0,
        0,
        0,
        1,
        0,
        0,
        0,
        0,
        1,
        0,
        -73.109375,
        -7.2421875,
        78.109375,
        1
      ],
      "mesh": 38
    },
    {
      "matrix": [
        1,
        0,
        0,
        0,
        0,
        1,
        0,
        0,
        0,
        0,
        1,
        0,
        -74.578125,
        -7.2421875,
        95.5390625,
        1
      ],
      "mesh": 38
    },
    {
      "matrix": [
        1,
        0,
        0,
        0,
        0,
        1,
        0,
        0,
        0,
        0,
        1,
        0,
        -64.046875,
        -7.2421875,
        96.9296875,
        1
      ],
      "mesh": 38
    },
    {
      "matrix": [
        1.625,
        0,
        0,
        0,
        0,
        1.625,
        0,
        0,
        0,
        0,
        1.625,
        0,
        -89.5,
        -10.640625,
        11.5,
        1
      ],
      "mesh": 39
    },
    {
      "matrix": [
        1.625,
        0,
        0,
        0,
        0,
        1.625,
        0,
        0,
        0,
        0,
        1.625,
        0,
        -87.5,
        -10.640625,
        11.5,
        1
      ],
      "mesh": 39
    },
    {
      "matrix": [
        1.625,
        0,
        0,
        0,
        0,
        1.625,
        0,
        0,
        0,
        0,
        1.625,
        0,
        -85.5,
        -10.640625,
        13.5,
        1
      ],
      "mesh": 39
    },
    {
      "matrix": [
        1.625,
        0,
        0,
        0,
        0,
        1.625,
        0,
        0,
        0,
        0,
        1.625,
        0,
        -82.5,
        -10.640625,
        10.5,
        1
      ],
      "mesh": 39
    },
    {
      "matrix": [
        1.625,
        0,
        0,
        0,
        0,
        1.625,
        0,
        0,
        0,
        0,
        1.625,
        0,
        -85.5,
        -10.640625,
        9.5,
        1
      ],
      "mesh": 39
    },
    {
      "matrix": [
        1.625,
        0,
        0,
        0,
        0,
        1.625,
        0,
        0,
        0,
        0,
        1.625,
        0,
        -82.5,
        -10.640625,
        14.5,
        1
      ],
      "mesh": 39
    },
    {
      "matrix": [
        1.25,
        0,
        0,
        0,
        0,
        1.25,
        0,
        0,
        0,
        0,
        1.25,
        0,
        -91.5,
        -10.953125,
        15.5,
        1
      ],
      "mesh": 40
    },
    {
      "matrix": [
        1.25,
        0,
        0,
        0,
        0,
        1.25,
        0,
        0,
        0,
        0,
        1.25,
        0,
        -83.984375,
        -10.953125,
        16.109375,
        1
      ],
      "mesh": 40
    },
    {
      "matrix": [
        1.25,
        0,
        0,
        0,
        0,
        1.25,
        0,
        0,
        0,
        0,
        1.25,
        0,
        -81.5,
        -10.953125,
        12.5,
        1
      ],
      "mesh": 40
    },
    {
      "matrix": [
        1.25,
        0,
        0,
        0,
        0,
        1.25,
        0,
        0,
        0,
        0,
        1.25,
        0,
        -88.5,
        -10.953125,
        14.5,
        1
      ],
      "mesh": 40
    },
    {
      "matrix": [
        1.25,
        0,
        0,
        0,
        0,
        1.25,
        0,
        0,
        0,
        0,
        1.25,
        0,
        -91.5,
        -10.953125,
        10.5,
        1
      ],
      "mesh": 40
    },
    {
      "matrix": [
        -0.20012279911974684,
        0,
        1.2338763573683051,
        0,
        0,
        1.25,
        0,
        0,
        -1.2338763573683051,
        0,
        -0.20012279911974684,
        0,
        -84.4609375,
        -10.953125,
        10.328125,
        1
      ],
      "mesh": 40
    },
    {
      "matrix": [
        -0.16009823929579747,
        0,
        0.9871010858946442,
        0,
        0,
        1,
        0,
        0,
        -0.9871010858946442,
        0,
        -0.16009823929579747,
        0,
        -10.4609375,
        -11.5,
        24.328125,
        1
      ],
      "mesh": 41
    },
    {
      "matrix": [
        -0.16009823929579747,
        0,
        0.9871010858946442,
        0,
        0,
        1,
        0,
        0,
        -0.9871010858946442,
        0,
        -0.16009823929579747,
        0,
        -10.4609375,
        -11.5,
        24.328125,
        1
      ],
      "mesh": 41
    },
    {
      "matrix": [
        0.1356338783736255,
        0,
        0.990759027734458,
        0,
        0,
        1,
        0,
        0,
        -0.990759027734458,
        0,
        0.1356338783736255,
        0,
        -16.5,
        -11,
        26.671875,
        1
      ],
      "mesh": 42
    },
    {
      "matrix": [
        0.1356338783736255,
        0,
        0.990759027734458,
        0,
        0,
        1,
        0,
        0,
        -0.990759027734458,
        0,
        0.1356338783736255,
        0,
        -14.453125,
        -11,
        25.5,
        1
      ],
      "mesh": 42
    },
    {
      "matrix": [
        0.1356338783736255,
        0,
        0.990759027734458,
        0,
        0,
        1,
        0,
        0,
        -0.990759027734458,
        0,
        0.1356338783736255,
        0,
        -12.5,
        -11,
        24.5,
        1
      ],
      "mesh": 42
    },
    {
      "matrix": [
        0.1356338783736255,
        0,
        0.990759027734458,
        0,
        0,
        1,
        0,
        0,
        -0.990759027734458,
        0,
        0.1356338783736255,
        0,
        -17.0625,
        -10.984375,
        24.890625,
        1
      ],
      "mesh": 42
    },
    {
      "matrix": [
        0.1356338783736255,
        0,
        0.990759027734458,
        0,
        0,
        1,
        0,
        0,
        -0.990759027734458,
        0,
        0.1356338783736255,
        0,
        -16.71875,
        -11,
        23.15625,
        1
      ],
      "mesh": 42
    },
    {
      "matrix": [
        -0.9319455943394348,
        0,
        -0.3625981373246671,
        0,
        0,
        1,
        0,
        0,
        0.3625981373246671,
        0,
        -0.9319455943394348,
        0,
        -25.5,
        -20.59375,
        117.5,
        1
      ],
      "mesh": 42
    },
    {
      "matrix": [
        0.9996940572530831,
        0,
        -0.024734427279994954,
        0,
        0,
        1,
        0,
        0,
        0.024734427279994954,
        0,
        0.9996940572530831,
        0,
        -29.5,
        -20.25,
        114.5,
        1
      ],
      "mesh": 42
    },
    {
      "matrix": [
        -0.2568273250226678,
        0,
        0.9664573064143603,
        0,
        0,
        1,
        0,
        0,
        -0.9664573064143603,
        0,
        -0.2568273250226678,
        0,
        -30.5,
        -20.9765625,
        120.625,
        1
      ],
      "mesh": 42
    },
    {
      "matrix": [
        -0.9562645670201275,
        0,
        0.2925031245334108,
        0,
        0,
        1,
        0,
        0,
        -0.2925031245334108,
        0,
        -0.9562645670201275,
        0,
        -12.5,
        -20.625,
        105.5,
        1
      ],
      "mesh": 42
    },
    {
      "matrix": [
        -0.03709691109260538,
        0,
        0.9993116726964553,
        0,
        0,
        1,
        0,
        0,
        -0.9993116726964553,
        0,
        -0.03709691109260538,
        0,
        -7.5,
        -21.1875,
        103.5,
        1
      ],
      "mesh": 42
    },
    {
      "matrix": [
        0.08647119949074578,
        0,
        -0.996254350885672,
        0,
        0,
        1,
        0,
        0,
        0.996254350885672,
        0,
        0.08647119949074578,
        0,
        -13.5,
        -20.75,
        100.5,
        1
      ],
      "mesh": 42
    },
    {
      "matrix": [
        -0.16009823929579747,
        0,
        0.9871010858946442,
        0,
        0,
        1,
        0,
        0,
        -0.9871010858946442,
        0,
        -0.16009823929579747,
        0,
        -7.5,
        -20.9375,
        97.5,
        1
      ],
      "mesh": 42
    },
    {
      "matrix": [
        1,
        0,
        0,
        0,
        0,
        1,
        0,
        0,
        0,
        0,
        1,
        0,
        -11.84375,
        -20.9375,
        101.890625,
        1
      ],
      "mesh": 43
    },
    {
      "matrix": [
        -0.9996940572530832,
        0,
        -0.024734427279995138,
        0,
        0,
        1,
        0,
        0,
        0.024734427279995138,
        0,
        -0.9996940572530832,
        0,
        -24.4609375,
        -11.6875,
        99.625,
        1
      ],
      "mesh": 31
    },
    {
      "matrix": [
        0.9996940572530831,
        0,
        -0.024734427279994954,
        0,
        0,
        1,
        0,
        0,
        0.024734427279994954,
        0,
        0.9996940572530831,
        0,
        -67.5,
        -20.21875,
        115.5,
        1
      ],
      "mesh": 42
    },
    {
      "matrix": [
        1,
        0,
        0,
        0,
        0,
        1,
        0,
        0,
        0,
        0,
        1,
        0,
        -62.5,
        -21.1875,
        116.5,
        1
      ],
      "mesh": 42
    },
    {
      "matrix": [
        1,
        0,
        0,
        0,
        0,
        1,
        0,
        0,
        0,
        0,
        1,
        0,
        -64.5,
        -21.34375,
        120.5,
        1
      ],
      "mesh": 43
    },
    {
      "matrix": [
        1,
        0,
        0,
        0,
        0,
        1,
        0,
        0,
        0,
        0,
        1,
        0,
        -63.9140625,
        -8.109375,
        48.9921875,
        1
      ],
      "mesh": 44
    },
    {
      "matrix": [
        1,
        0,
        0,
        0,
        0,
        1,
        0,
        0,
        0,
        0,
        1,
        0,
        64,
        10.625,
        -64,
        1
      ],
      "children": [
        0,
        1,
        2,
        3,
        4,
        5,
        6,
        7,
        8,
        9,
        10,
        11,
        12,
        13,
        14,
        15,
        16,
        17,
        18,
        19,
        20,
        21,
        22,
        23,
        24,
        25,
        26,
        27,
        28,
        29,
        30,
        31,
        32,
        33,
        34,
        35,
        36,
        37,
        38,
        39,
        40,
        41,
        42,
        43,
        44,
        45,
        46,
        47,
        48,
        49,
        50,
        51,
        52,
        53,
        54,
        55,
        56,
        57,
        58,
        59,
        60,
        61,
        62,
        63,
        64,
        65,
        66,
        67,
        68,
        69,
        70,
        71,
        72,
        73,
        74,
        75,
        76,
        77,
        78,
        79,
        80,
        81,
        82,
        83,
        84,
        85,
        86,
        87,
        88,
        89,
        90,
        91,
        92,
        93,
        94,
        95,
        96,
        97,
        98,
        99,
        100,
        101,
        102,
        103,
        104,
        105,
        106,
        107,
        108,
        109,
        110,
        111,
        112,
        113,
        114,
        115,
        116,
        117,
        118,
        119,
        120,
        121,
        122,
        123,
        124,
        125,
        126,
        127,
        128,
        129,
        130,
        131
      ]
    }
  ],
  "bufferViews": [
    {
      "buffer": 0,
      "byteOffset": 0,
      "byteLength": 361104,
      "target": 34962,
      "byteStride": 12
    },
    {
      "buffer": 0,
      "byteOffset": 361104,
      "byteLength": 240736,
      "target": 34962,
      "byteStride": 8
    },
    {
      "buffer": 0,
      "byteOffset": 601840,
      "byteLength": 90276,
      "target": 34963
    },
    {
      "buffer": 0,
      "byteOffset": 692116,
      "byteLength": 162432,
      "target": 34962,
      "byteStride": 12
    },
    {
      "buffer": 0,
      "byteOffset": 854548,
      "byteLength": 108288,
      "target": 34962,
      "byteStride": 8
    },
    {
      "buffer": 0,
      "byteOffset": 962836,
      "byteLength": 40608,
      "target": 34963
    },
    {
      "buffer": 0,
      "byteOffset": 1003444,
      "byteLength": 4752,
      "target": 34962,
      "byteStride": 12
    },
    {
      "buffer": 0,
      "byteOffset": 1008196,
      "byteLength": 3168,
      "target": 34962,
      "byteStride": 8
    },
    {
      "buffer": 0,
      "byteOffset": 1011364,
      "byteLength": 1188,
      "target": 34963
    },
    {
      "buffer": 0,
      "byteOffset": 1012552,
      "byteLength": 35328,
      "target": 34962,
      "byteStride": 12
    },
    {
      "buffer": 0,
      "byteOffset": 1047880,
      "byteLength": 23552,
      "target": 34962,
      "byteStride": 8
    },
    {
      "buffer": 0,
      "byteOffset": 1071432,
      "byteLength": 8832,
      "target": 34963
    },
    {
      "buffer": 0,
      "byteOffset": 1080264,
      "byteLength": 2976,
      "target": 34962,
      "byteStride": 12
    },
    {
      "buffer": 0,
      "byteOffset": 1083240,
      "byteLength": 1984,
      "target": 34962,
      "byteStride": 8
    },
    {
      "buffer": 0,
      "byteOffset": 1085224,
      "byteLength": 744,
      "target": 34963
    },
    {
      "buffer": 0,
      "byteOffset": 1085968,
      "byteLength": 2016,
      "target": 34962,
      "byteStride": 12
    },
    {
      "buffer": 0,
      "byteOffset": 1087984,
      "byteLength": 1344,
      "target": 34962,
      "byteStride": 8
    },
    {
      "buffer": 0,
      "byteOffset": 1089328,
      "byteLength": 504,
      "target": 34963
    },
    {
      "buffer": 0,
      "byteOffset": 1089832,
      "byteLength": 1248,
      "target": 34962,
      "byteStride": 12
    },
    {
      "buffer": 0,
      "byteOffset": 1091080,
      "byteLength": 832,
      "target": 34962,
      "byteStride": 8
    },
    {
      "buffer": 0,
      "byteOffset": 1091912,
      "byteLength": 312,
      "target": 34963
    },
    {
      "buffer": 0,
      "byteOffset": 1092224,
      "byteLength": 10368,
      "target": 34962,
      "byteStride": 12
    },
    {
      "buffer": 0,
      "byteOffset": 1102592,
      "byteLength": 6912,
      "target": 34962,
      "byteStride": 8
    },
    {
      "buffer": 0,
      "byteOffset": 1109504,
      "byteLength": 2592,
      "target": 34963
    },
    {
      "buffer": 0,
      "byteOffset": 1112096,
      "byteLength": 2976,
      "target": 34962,
      "byteStride": 12
    },
    {
      "buffer": 0,
      "byteOffset": 1115072,
      "byteLength": 1984,
      "target": 34962,
      "byteStride": 8
    },
    {
      "buffer": 0,
      "byteOffset": 1117056,
      "byteLength": 744,
      "target": 34963
    },
    {
      "buffer": 0,
      "byteOffset": 1117800,
      "byteLength": 5568,
      "target": 34962,
      "byteStride": 12
    },
    {
      "buffer": 0,
      "byteOffset": 1123368,
      "byteLength": 3712,
      "target": 34962,
      "byteStride": 8
    },
    {
      "buffer": 0,
      "byteOffset": 1127080,
      "byteLength": 1392,
      "target": 34963
    },
    {
      "buffer": 0,
      "byteOffset": 1128472,
      "byteLength": 2112,
      "target": 34962,
      "byteStride": 12
    },
    {
      "buffer": 0,
      "byteOffset": 1130584,
      "byteLength": 1408,
      "target": 34962,
      "byteStride": 8
    },
    {
      "buffer": 0,
      "byteOffset": 1131992,
      "byteLength": 528,
      "target": 34963
    },
    {
      "buffer": 0,
      "byteOffset": 1132520,
      "byteLength": 96,
      "target": 34962,
      "byteStride": 12
    },
    {
      "buffer": 0,
      "byteOffset": 1132616,
      "byteLength": 64,
      "target": 34962,
      "byteStride": 8
    },
    {
      "buffer": 0,
      "byteOffset": 1132680,
      "byteLength": 24,
      "target": 34963
    },
    {
      "buffer": 0,
      "byteOffset": 1132704,
      "byteLength": 2976,
      "target": 34962,
      "byteStride": 12
    },
    {
      "buffer": 0,
      "byteOffset": 1135680,
      "byteLength": 1984,
      "target": 34962,
      "byteStride": 8
    },
    {
      "buffer": 0,
      "byteOffset": 1137664,
      "byteLength": 744,
      "target": 34963
    },
    {
      "buffer": 0,
      "byteOffset": 1138408,
      "byteLength": 20256,
      "target": 34962,
      "byteStride": 12
    },
    {
      "buffer": 0,
      "byteOffset": 1158664,
      "byteLength": 13504,
      "target": 34962,
      "byteStride": 8
    },
    {
      "buffer": 0,
      "byteOffset": 1172168,
      "byteLength": 5064,
      "target": 34963
    },
    {
      "buffer": 0,
      "byteOffset": 1177232,
      "byteLength": 44544,
      "target": 34962,
      "byteStride": 12
    },
    {
      "buffer": 0,
      "byteOffset": 1221776,
      "byteLength": 29696,
      "target": 34962,
      "byteStride": 8
    },
    {
      "buffer": 0,
      "byteOffset": 1251472,
      "byteLength": 11136,
      "target": 34963
    },
    {
      "buffer": 0,
      "byteOffset": 1262608,
      "byteLength": 3552,
      "target": 34962,
      "byteStride": 12
    },
    {
      "buffer": 0,
      "byteOffset": 1266160,
      "byteLength": 2368,
      "target": 34962,
      "byteStride": 8
    },
    {
      "buffer": 0,
      "byteOffset": 1268528,
      "byteLength": 888,
      "target": 34963
    },
    {
      "buffer": 0,
      "byteOffset": 1269416,
      "byteLength": 153792,
      "target": 34962,
      "byteStride": 12
    },
    {
      "buffer": 0,
      "byteOffset": 1423208,
      "byteLength": 102528,
      "target": 34962,
      "byteStride": 8
    },
    {
      "buffer": 0,
      "byteOffset": 1525736,
      "byteLength": 38448,
      "target": 34963
    },
    {
      "buffer": 0,
      "byteOffset": 1564184,
      "byteLength": 1440,
      "target": 34962,
      "byteStride": 12
    },
    {
      "buffer": 0,
      "byteOffset": 1565624,
      "byteLength": 960,
      "target": 34962,
      "byteStride": 8
    },
    {
      "buffer": 0,
      "byteOffset": 1566584,
      "byteLength": 360,
      "target": 34963
    },
    {
      "buffer": 0,
      "byteOffset": 1566944,
      "byteLength": 4224,
      "target": 34962,
      "byteStride": 12
    },
    {
      "buffer": 0,
      "byteOffset": 1571168,
      "byteLength": 2816,
      "target": 34962,
      "byteStride": 8
    },
    {
      "buffer": 0,
      "byteOffset": 1573984,
      "byteLength": 1056,
      "target": 34963
    },
    {
      "buffer": 0,
      "byteOffset": 1575040,
      "byteLength": 7920,
      "target": 34962,
      "byteStride": 12
    },
    {
      "buffer": 0,
      "byteOffset": 1582960,
      "byteLength": 5280,
      "target": 34962,
      "byteStride": 8
    },
    {
      "buffer": 0,
      "byteOffset": 1588240,
