{
  "asset": {
    "version": "2.0",
    "generator": "THREE.GLTFExporter"
  },
  "scenes": [
    {
      "nodes": [
        94
      ]
    }
  ],
  "scene": 0,
  "nodes": [
    {
      "mesh": 0
    },
    {
      "mesh": 1
    },
    {
      "mesh": 2
    },
    {
      "mesh": 3
    },
    {
      "mesh": 4
    },
    {
      "mesh": 5
    },
    {
      "mesh": 6
    },
    {
      "mesh": 7
    },
    {
      "mesh": 8
    },
    {
      "mesh": 9
    },
    {
      "mesh": 10
    },
    {
      "mesh": 11
    },
    {
      "mesh": 12
    },
    {
      "matrix": [
        -0.912873454093249,
        0,
        -0.4082426445287906,
        0,
        0,
        1,
        0,
        0,
        0.4082426445287906,
        0,
        -0.912873454093249,
        0,
        -119.359375,
        -16.25,
        111.328125,
        1
      ],
      "mesh": 13
    },
    {
      "matrix": [
        0.6574063133353583,
        0,
        0.7535362892301954,
        0,
        0,
        1,
        0,
        0,
        -0.7535362892301954,
        0,
        0.6574063133353583,
        0,
        -96.8046875,
        -17.04296875,
        19.3203125,
        1
      ],
      "mesh": 14
    },
    {
      "matrix": [
        1,
        0,
        0,
        0,
        0,
        1,
        0,
        0,
        0,
        0,
        1,
        0,
        -98.9375,
        -17.0546875,
        18.5,
        1
      ],
      "mesh": 14
    },
    {
      "matrix": [
        0.8800926628551884,
        0,
        -0.4748019637580112,
        0,
        0,
        1,
        0,
        0,
        0.4748019637580112,
        0,
        0.8800926628551884,
        0,
        -33.5,
        -17.125,
        10.5,
        1
      ],
      "mesh": 15
    },
    {
      "matrix": [
        -0.03709691109260538,
        0,
        -0.9993116726964553,
        0,
        0,
        1,
        0,
        0,
        0.9993116726964553,
        0,
        -0.03709691109260538,
        0,
        -36.5,
        -16.65625,
        18.5,
        1
      ],
      "mesh": 15
    },
    {
      "matrix": [
        0.7370451816173639,
        0,
        -0.6758434731908174,
        0,
        0,
        1,
        0,
        0,
        0.6758434731908174,
        0,
        0.7370451816173639,
        0,
        -38.5,
        -17.125,
        11.5,
        1
      ],
      "mesh": 15
    },
    {
      "matrix": [
        0.9695598647982466,
        0,
        0.2448543823835012,
        0,
        0,
        1,
        0,
        0,
        -0.2448543823835012,
        0,
        0.9695598647982466,
        0,
        -16.5,
        -17.03125,
        22.5,
        1
      ],
      "mesh": 16
    },
    {
      "matrix": [
        0.5491261904230724,
        0,
        -0.8357394492253215,
        0,
        0,
        1,
        0,
        0,
        0.8357394492253215,
        0,
        0.5491261904230724,
        0,
        -25.5,
        -16.4375,
        22.5,
        1
      ],
      "mesh": 16
    },
    {
      "matrix": [
        0.9695598647982466,
        0,
        0.2448543823835012,
        0,
        0,
        1,
        0,
        0,
        -0.2448543823835012,
        0,
        0.9695598647982466,
        0,
        -20.5,
        -17.125,
        28.5,
        1
      ],
      "mesh": 15
    },
    {
      "matrix": [
        0.8800926628551884,
        0,
        0.4748019637580112,
        0,
        0,
        1,
        0,
        0,
        -0.4748019637580112,
        0,
        0.8800926628551884,
        0,
        -22.5,
        -17.125,
        58.5,
        1
      ],
      "mesh": 14
    },
    {
      "matrix": [
        0.7370451816173639,
        0,
        0.6758434731908174,
        0,
        0,
        1,
        0,
        0,
        -0.6758434731908174,
        0,
        0.7370451816173639,
        0,
        -36.5,
        -17.125,
        62.5,
        1
      ],
      "mesh": 14
    },
    {
      "matrix": [
        0.5491261904230724,
        0,
        0.8357394492253215,
        0,
        0,
        1,
        0,
        0,
        -0.8357394492253215,
        0,
        0.5491261904230724,
        0,
        -28.5,
        -15.15625,
        73.5,
        1
      ],
      "mesh": 14
    },
    {
      "matrix": [
        1,
        0,
        0,
        0,
        0,
        1,
        0,
        0,
        0,
        0,
        1,
        0,
        -76.5,
        -17.9140625,
        27.5,
        1
      ],
      "mesh": 17
    },
    {
      "matrix": [
        1,
        0,
        0,
        0,
        0,
        1,
        0,
        0,
        0,
        0,
        1,
        0,
        -65.5,
        -17.640625,
        27.5,
        1
      ],
      "mesh": 17
    },
    {
      "matrix": [
        1,
        0,
        0,
        0,
        0,
        1,
        0,
        0,
        0,
        0,
        1,
        0,
        -70.5,
        -17.484375,
        36.5,
        1
      ],
      "mesh": 17
    },
    {
      "matrix": [
        1,
        0,
        0,
        0,
        0,
        1,
        0,
        0,
        0,
        0,
        1,
        0,
        -86.5,
        -15.921875,
        36.5,
        1
      ],
      "mesh": 17
    },
    {
      "matrix": [
        1,
        0,
        0,
        0,
        0,
        1,
        0,
        0,
        0,
        0,
        1,
        0,
        -59.5,
        -17.6015625,
        38.5,
        1
      ],
      "mesh": 17
    },
    {
      "matrix": [
        1,
        0,
        0,
        0,
        0,
        1,
        0,
        0,
        0,
        0,
        1,
        0,
        -75.5,
        -17.7578125,
        52.5,
        1
      ],
      "mesh": 17
    },
    {
      "matrix": [
        1,
        0,
        0,
        0,
        0,
        1,
        0,
        0,
        0,
        0,
        1,
        0,
        -91.5,
        -17.953125,
        52.5,
        1
      ],
      "mesh": 17
    },
    {
      "matrix": [
        1,
        0,
        0,
        0,
        0,
        1,
        0,
        0,
        0,
        0,
        1,
        0,
        -59.5,
        -17.5234375,
        56.5,
        1
      ],
      "mesh": 17
    },
    {
      "matrix": [
        1,
        0,
        0,
        0,
        0,
        1,
        0,
        0,
        0,
        0,
        1,
        0,
        -18.5,
        -17.09375,
        15.5,
        1
      ],
      "mesh": 17
    },
    {
      "matrix": [
        1,
        0,
        0,
        0,
        0,
        1,
        0,
        0,
        0,
        0,
        1,
        0,
        -15.5,
        -18.1875,
        24.5,
        1
      ],
      "mesh": 17
    },
    {
      "matrix": [
        1,
        0,
        0,
        0,
        0,
        1,
        0,
        0,
        0,
        0,
        1,
        0,
        -7.5,
        -17.875,
        15.5,
        1
      ],
      "mesh": 17
    },
    {
      "matrix": [
        1,
        0,
        0,
        0,
        0,
        1,
        0,
        0,
        0,
        0,
        1,
        0,
        -28.5,
        -17.8359375,
        11.5,
        1
      ],
      "mesh": 17
    },
    {
      "matrix": [
        1,
        0,
        0,
        0,
        0,
        1,
        0,
        0,
        0,
        0,
        1,
        0,
        -28.5,
        -17.484375,
        20.5,
        1
      ],
      "mesh": 17
    },
    {
      "matrix": [
        1,
        0,
        0,
        0,
        0,
        1,
        0,
        0,
        0,
        0,
        1,
        0,
        -38.5,
        -17.5234375,
        15.5,
        1
      ],
      "mesh": 17
    },
    {
      "matrix": [
        1,
        0,
        0,
        0,
        0,
        1,
        0,
        0,
        0,
        0,
        1,
        0,
        -41.5,
        -17.9140625,
        55.5,
        1
      ],
      "mesh": 17
    },
    {
      "matrix": [
        1,
        0,
        0,
        0,
        0,
        1,
        0,
        0,
        0,
        0,
        1,
        0,
        -28.5,
        -17.875,
        61.5,
        1
      ],
      "mesh": 17
    },
    {
      "matrix": [
        1,
        0,
        0,
        0,
        0,
        1,
        0,
        0,
        0,
        0,
        1,
        0,
        -28.5,
        -17.875,
        46.5,
        1
      ],
      "mesh": 17
    },
    {
      "matrix": [
        1,
        0,
        0,
        0,
        0,
        1,
        0,
        0,
        0,
        0,
        1,
        0,
        -16.5,
        -17.875,
        55.5,
        1
      ],
      "mesh": 17
    },
    {
      "matrix": [
        1,
        0,
        0,
        0,
        0,
        1,
        0,
        0,
        0,
        0,
        1,
        0,
        -15.5,
        -17.09375,
        66.5,
        1
      ],
      "mesh": 17
    },
    {
      "matrix": [
        1,
        0,
        0,
        0,
        0,
        1,
        0,
        0,
        0,
        0,
        1,
        0,
        -65.5,
        -17.484375,
        113.5,
        1
      ],
      "mesh": 17
    },
    {
      "matrix": [
        1,
        0,
        0,
        0,
        0,
        1,
        0,
        0,
        0,
        0,
        1,
        0,
        -40.5,
        -18.265625,
        76.5,
        1
      ],
      "mesh": 17
    },
    {
      "matrix": [
        1,
        0,
        0,
        0,
        0,
        1,
        0,
        0,
        0,
        0,
        1,
        0,
        -18.5,
        -17.09375,
        80.5,
        1
      ],
      "mesh": 17
    },
    {
      "matrix": [
        1,
        0,
        0,
        0,
        0,
        1,
        0,
        0,
        0,
        0,
        1,
        0,
        -50.5,
        -17.875,
        95.5,
        1
      ],
      "mesh": 17
    },
    {
      "matrix": [
        1,
        0,
        0,
        0,
        0,
        1,
        0,
        0,
        0,
        0,
        1,
        0,
        -62.5,
        -17.484375,
        89.5,
        1
      ],
      "mesh": 17
    },
    {
      "matrix": [
        1,
        0,
        0,
        0,
        0,
        1,
        0,
        0,
        0,
        0,
        1,
        0,
        -49.5,
        -17.875,
        88.5,
        1
      ],
      "mesh": 17
    },
    {
      "matrix": [
        1,
        0,
        0,
        0,
        0,
        1,
        0,
        0,
        0,
        0,
        1,
        0,
        -50.5,
        -18.265625,
        102.5,
        1
      ],
      "mesh": 17
    },
    {
      "matrix": [
        1,
        0,
        0,
        0,
        0,
        1,
        0,
        0,
        0,
        0,
        1,
        0,
        -58.5,
        -15.84375,
        101.5,
        1
      ],
      "mesh": 17
    },
    {
      "matrix": [
        1,
        0,
        0,
        0,
        0,
        1,
        0,
        0,
        0,
        0,
        1,
        0,
        -42.5,
        -18.265625,
        95.5,
        1
      ],
      "mesh": 17
    },
    {
      "matrix": [
        1,
        0,
        0,
        0,
        0,
        1,
        0,
        0,
        0,
        0,
        1,
        0,
        -30.5,
        -18.265625,
        107.5,
        1
      ],
      "mesh": 17
    },
    {
      "matrix": [
        1,
        0,
        0,
        0,
        0,
        1,
        0,
        0,
        0,
        0,
        1,
        0,
        -41.5,
        -17.171875,
        111.5,
        1
      ],
      "mesh": 17
    },
    {
      "matrix": [
        0.9951086591716066,
        0,
        -0.09878641830579414,
        0,
        0,
        1,
        0,
        0,
        0.09878641830579414,
        0,
        0.9951086591716066,
        0,
        -75.9375,
        -3.875,
        75.359375,
        1
      ],
      "mesh": 15
    },
    {
      "matrix": [
        -0.8680794502434015,
        0,
        0.4964252895100264,
        0,
        0,
        1,
        0,
        0,
        -0.4964252895100264,
        0,
        -0.8680794502434015,
        0,
        -75.5,
        -3.875,
        73.5,
        1
      ],
      "mesh": 15
    },
    {
      "matrix": [
        -0.9972476383747746,
        0,
        -0.07414275255164605,
        0,
        0,
        1,
        0,
        0,
        0.07414275255164605,
        0,
        -0.9972476383747746,
        0,
        -77.5,
        -3.875,
        73.890625,
        1
      ],
      "mesh": 15
    },
    {
      "matrix": [
        1,
        0,
        0,
        0,
        0,
        1,
        0,
        0,
        0,
        0,
        1,
        0,
        -76.5,
        -4.375,
        77.5,
        1
      ],
      "mesh": 18
    },
    {
      "matrix": [
        0.25682732502266814,
        0,
        0.9664573064143603,
        0,
        0,
        1,
        0,
        0,
        -0.9664573064143603,
        0,
        0.25682732502266814,
        0,
        -36.5625,
        -17.09765625,
        111.5,
        1
      ],
      "mesh": 13
    },
    {
      "matrix": [
        -0.6849076713469913,
        0,
        0.7286298660705872,
        0,
        0,
        1,
        0,
        0,
        -0.7286298660705872,
        0,
        -0.6849076713469913,
        0,
        -37.5625,
        -16.96875,
        114.375,
        1
      ],
      "mesh": 13
    },
    {
      "matrix": [
        1,
        0,
        0,
        0,
        0,
        1,
        0,
        0,
        0,
        0,
        1,
        0,
        -37.6875,
        -17.0625,
        112.6875,
        1
      ],
      "mesh": 19
    },
    {
      "matrix": [
        1,
        0,
        0,
        0,
        0,
        0.20871816632333529,
        0.9779758315248002,
        0,
        0,
        -0.9779758315248002,
        0.20871816632333529,
        0,
        -98.5,
        -17.625,
        18.546875,
        1
      ],
      "mesh": 20
    },
    {
      "matrix": [
        1,
        0,
        0,
        0,
        0,
        1,
        0,
        0,
        0,
        0,
        1,
        0,
        -120.5,
        -16.8125,
        7.5,
        1
      ],
      "mesh": 18
    },
    {
      "matrix": [
        0.9996940572530831,
        0,
        -0.024734427279994954,
        0,
        0,
        1,
        0,
        0,
        0.024734427279994954,
        0,
        0.9996940572530831,
        0,
        -121.5,
        -15.96875,
        9.5,
        1
      ],
      "mesh": 13
    },
    {
      "matrix": [
        0.9996940572530831,
        0,
        -0.024734427279994954,
        0,
        0,
        1,
        0,
        0,
        0.024734427279994954,
        0,
        0.9996940572530831,
        0,
        -117.5,
        -17.0625,
        9.5,
        1
      ],
      "mesh": 16
    },
    {
      "matrix": [
        0.9996940572530831,
        0,
        -0.024734427279994954,
        0,
        0,
        1,
        0,
        0,
        0.024734427279994954,
        0,
        0.9996940572530831,
        0,
        -119.5,
        -17,
        11.5,
        1
      ],
      "mesh": 15
    },
    {
      "matrix": [
        0.44182642533538674,
        0,
        -0.8971005572818211,
        0,
        0,
        1,
        0,
        0,
        0.8971005572818211,
        0,
        0.44182642533538674,
        0,
        -110.5,
        -17.125,
        56.5,
        1
      ],
      "mesh": 13
    },
    {
      "matrix": [
        -0.03709691109260538,
        0,
        -0.9993116726964553,
        0,
        0,
        1,
        0,
        0,
        0.9993116726964553,
        0,
        -0.03709691109260538,
        0,
        -108.5,
        -17.125,
        71.5,
        1
      ],
      "mesh": 13
    },
    {
      "matrix": [
        -0.2806535185300929,
        0,
        -0.9598091490169692,
        0,
        0,
        1,
        0,
        0,
        0.9598091490169692,
        0,
        -0.2806535185300929,
        0,
        -115.5,
        -17.125,
        66.5,
        1
      ],
      "mesh": 13
    },
    {
      "matrix": [
        -0.9972476383747746,
        0,
        -0.07414275255164605,
        0,
        0,
        1,
        0,
        0,
        0.07414275255164605,
        0,
        -0.9972476383747746,
        0,
        -77.5,
        -16.96875,
        109.5,
        1
      ],
      "mesh": 16
    },
    {
      "matrix": [
        -0.9923607874151033,
        0,
        0.12336963808359294,
        0,
        0,
        1,
        0,
        0,
        -0.12336963808359294,
        0,
        -0.9923607874151033,
        0,
        -70.5,
        -16.0625,
        110.5,
        1
      ],
      "mesh": 15
    },
    {
      "matrix": [
        1,
        0,
        0,
        0,
        0,
        1,
        0,
        0,
        0,
        0,
        1,
        0,
        -73.671875,
        -17.25,
        115.5,
        1
      ],
      "mesh": 19
    },
    {
      "matrix": [
        1,
        0,
        0,
        0,
        0,
        1,
        0,
        0,
        0,
        0,
        1,
        0,
        -117.5,
        -17.40625,
        64.5,
        1
      ],
      "mesh": 19
    },
    {
      "matrix": [
        0.9972476383747747,
        0,
        -0.0741427525516462,
        0,
        0,
        1,
        0,
        0,
        0.0741427525516462,
        0,
        0.9972476383747747,
        0,
        -10.5625,
        -16.5,
        106.015625,
        1
      ],
      "mesh": 13
    },
    {
      "matrix": [
        -0.8915673595333446,
        0,
        -0.4528881135719287,
        0,
        0,
        1,
        0,
        0,
        0.4528881135719287,
        0,
        -0.8915673595333446,
        0,
        -74.5,
        -17.125,
        114.5,
        1
      ],
      "mesh": 15
    },
    {
      "matrix": [
        -0.8147933014790243,
        0,
        0.5797515639176076,
        0,
        0,
        1,
        0,
        0,
        -0.5797515639176076,
        0,
        -0.8147933014790243,
        0,
        -68.5,
        -16.9765625,
        113.9375,
        1
      ],
      "mesh": 13
    },
    {
      "matrix": [
        1,
        0,
        0,
        0,
        0,
        1,
        0,
        0,
        0,
        0,
        1,
        0,
        -71.5,
        -14.75,
        16.5,
        1
      ],
      "mesh": 21
    },
    {
      "matrix": [
        1,
        0,
        0,
        0,
        0,
        1,
        0,
        0,
        0,
        0,
        1,
        0,
        -71.5,
        -14.75,
        16.5,
        1
      ],
      "mesh": 21
    },
    {
      "matrix": [
        0.9695598647982465,
        0.006056332915252788,
        -0.24477947096116018,
        0,
        4.336808689942018e-19,
        0.9996940572530831,
        0.024734427279994958,
        0,
        0.24485438238350124,
        -0.02398150796945397,
        0.9692632349899098,
        0,
        -8.5,
        -16.296875,
        112.5,
        1
      ],
      "mesh": 22
    },
    {
      "matrix": [
        0.8800926628551884,
        -0.011743954644971327,
        0.47465670154097755,
        0,
        8.673617379884035e-19,
        0.9996940572530831,
        0.024734427279994954,
        0,
        -0.47480196375801126,
        -0.02176858796904877,
        0.8798234048883731,
        0,
        -9.28125,
        -16.296875,
        103.5,
        1
      ],
      "mesh": 22
    },
    {
      "matrix": [
        0.43069714771882184,
        -0.02232273452156918,
        0.902220406813297,
        0,
        1.734723475976807e-18,
        0.9996940572530831,
        0.024734427279994958,
        0,
        -0.9024965190774265,
        -0.010653047279952445,
        0.4305653790503594,
        0,
        -8.34375,
        -16.296875,
        104.2265625,
        1
      ],
      "mesh": 22
    },
    {
      "matrix": [
        -0.996254350885672,
        0,
        -0.08647119949074585,
        0,
        0,
        1,
        0,
        0,
        0.08647119949074585,
        0,
        -0.996254350885672,
        0,
        -11.5,
        -16.21875,
        103.578125,
        1
      ],
      "mesh": 23
    },
    {
      "matrix": [
        0.8147933014790244,
        0,
        -0.5797515639176074,
        0,
        0,
        1,
        0,
        0,
        0.5797515639176074,
        0,
        0.8147933014790244,
        0,
        -14.5390625,
        -16.296875,
        107.109375,
        1
      ],
      "mesh": 24
    },
    {
      "matrix": [
        1,
        0,
        0,
        0,
        0,
        1,
        0,
        0,
        0,
        0,
        1,
        0,
        -13.6171875,
        -16.296875,
        107.5390625,
        1
      ],
      "mesh": 24
    },
    {
      "matrix": [
        1,
        0,
        0,
        0,
        0,
        1,
        0,
        0,
        0,
        0,
        1,
        0,
        -16.5,
        -16.296875,
        114.5,
        1
      ],
      "mesh": 24
    },
    {
      "matrix": [
        1,
        0,
        0,
        0,
        0,
        1,
        0,
        0,
        0,
        0,
        1,
        0,
        -14.5,
        -16.296875,
        109.5,
        1
      ],
      "mesh": 24
    },
    {
      "matrix": [
        1,
        0,
        0,
        0,
        0,
        1,
        0,
        0,
        0,
        0,
        1,
        0,
        -14.5,
        -16.296875,
        110.5,
        1
      ],
      "mesh": 24
    },
    {
      "matrix": [
        0.051859168294379865,
        0.5974812694961815,
        0.800204198480017,
        0,
        -0.996254350885672,
        0.08647119949074566,
        -5.551115123125783e-17,
        0,
        -0.06919461688009793,
        -0.7972069143326987,
        0.599727638795273,
        0,
        -10.5,
        -16.4921875,
        114.59375,
        1
      ],
      "mesh": 25
    },
    {
      "matrix": [
        1,
        0,
        0,
        0,
        0,
        1,
        0,
        0,
        0,
        0,
        1,
        0,
        -11.5,
        -16.921875,
        114.5,
        1
      ],
      "mesh": 25
    },
    {
      "matrix": [
        1,
        0,
        0,
        0,
        0,
        1,
        0,
        0,
        0,
        0,
        1,
        0,
        -16.5,
        -16.921875,
        113.5,
        1
      ],
      "mesh": 25
    },
    {
      "matrix": [
        0.13044697295680197,
        -0.804283352669627,
        0.5797515639176074,
        0,
        0.987101085894644,
        0.1600982392957977,
        0,
        0,
        -0.09281720461219406,
        0.5722733982921884,
        0.8147933014790245,
        0,
        -14.5,
        -16.53125,
        106.109375,
        1
      ],
      "mesh": 25
    },
    {
      "matrix": [
        1,
        0,
        0,
        0,
        0,
        1,
        0,
        0,
        0,
        0,
        1,
        0,
        -13.5,
        -16.1015625,
        104.5,
        1
      ],
      "mesh": 26
    },
    {
      "matrix": [
        1,
        0,
        0,
        0,
        0,
        1,
        0,
        0,
        0,
        0,
        1,
        0,
        -18.5,
        -16.296875,
        116.5,
        1
      ],
      "mesh": 24
    },
    {
      "matrix": [
        1,
        0,
        0,
        0,
        0,
        1,
        0,
        0,
        0,
        0,
        1,
        0,
        64,
        8.5703125,
        -64,
        1
      ],
      "children": [
        0,
        1,
        2,
        3,
        4,
        5,
        6,
        7,
        8,
        9,
        10,
        11,
        12,
        13,
        14,
        15,
        16,
        17,
        18,
        19,
        20,
        21,
        22,
        23,
        24,
        25,
        26,
        27,
        28,
        29,
        30,
        31,
        32,
        33,
        34,
        35,
        36,
        37,
        38,
        39,
        40,
        41,
        42,
        43,
        44,
        45,
        46,
        47,
        48,
        49,
        50,
        51,
        52,
        53,
        54,
        55,
        56,
        57,
        58,
        59,
        60,
        61,
        62,
        63,
        64,
        65,
        66,
        67,
        68,
        69,
        70,
        71,
        72,
        73,
        74,
        75,
        76,
        77,
        78,
        79,
        80,
        81,
        82,
        83,
        84,
        85,
        86,
        87,
        88,
        89,
        90,
        91,
        92,
        93
      ]
    }
  ],
  "bufferViews": [
    {
      "buffer": 0,
      "byteOffset": 0,
      "byteLength": 258144,
      "target": 34962,
      "byteStride": 12
    },
    {
      "buffer": 0,
      "byteOffset": 258144,
      "byteLength": 172096,
      "target": 34962,
      "byteStride": 8
    },
    {
      "buffer": 0,
      "byteOffset": 430240,
      "byteLength": 64536,
      "target": 34963
    },
    {
      "buffer": 0,
      "byteOffset": 494776,
      "byteLength": 347424,
      "target": 34962,
      "byteStride": 12
    },
    {
      "buffer": 0,
      "byteOffset": 842200,
      "byteLength": 231616,
      "target": 34962,
      "byteStride": 8
    },
    {
      "buffer": 0,
      "byteOffset": 1073816,
      "byteLength": 86856,
      "target": 34963
    },
    {
      "buffer": 0,
      "byteOffset": 1160672,
      "byteLength": 74256,
      "target": 34962,
      "byteStride": 12
    },
    {
      "buffer": 0,
      "byteOffset": 1234928,
      "byteLength": 49504,
      "target": 34962,
      "byteStride": 8
    },
    {
      "buffer": 0,
      "byteOffset": 1284432,
      "byteLength": 18564,
      "target": 34963
    },
    {
      "buffer": 0,
      "byteOffset": 1302996,
      "byteLength": 11088,
      "target": 34962,
      "byteStride": 12
    },
    {
      "buffer": 0,
      "byteOffset": 1314084,
      "byteLength": 7392,
      "target": 34962,
      "byteStride": 8
    },
    {
      "buffer": 0,
      "byteOffset": 1321476,
      "byteLength": 2772,
      "target": 34963
    },
    {
      "buffer": 0,
      "byteOffset": 1324248,
      "byteLength": 5376,
      "target": 34962,
      "byteStride": 12
    },
    {
      "buffer": 0,
      "byteOffset": 1329624,
      "byteLength": 3584,
      "target": 34962,
      "byteStride": 8
    },
    {
      "buffer": 0,
      "byteOffset": 1333208,
      "byteLength": 1344,
      "target": 34963
    },
    {
      "buffer": 0,
      "byteOffset": 1334552,
      "byteLength": 24960,
      "target": 34962,
      "byteStride": 12
    },
    {
      "buffer": 0,
      "byteOffset": 1359512,
      "byteLength": 16640,
      "target": 34962,
      "byteStride": 8
    },
    {
      "buffer": 0,
      "byteOffset": 1376152,
      "byteLength": 6240,
      "target": 34963
    },
    {
      "buffer": 0,
      "byteOffset": 1382392,
      "byteLength": 6240,
      "target": 34962,
      "byteStride": 12
    },
    {
      "buffer": 0,
      "byteOffset": 1388632,
      "byteLength": 4160,
      "target": 34962,
      "byteStride": 8
    },
    {
      "buffer": 0,
      "byteOffset": 1392792,
      "byteLength": 1560,
      "target": 34963
    },
    {
      "buffer": 0,
      "byteOffset": 1394352,
      "byteLength": 8496,
      "target": 34962,
      "byteStride": 12
    },
    {
      "buffer": 0,
      "byteOffset": 1402848,
      "byteLength": 5664,
      "target": 34962,
      "byteStride": 8
    },
    {
      "buffer": 0,
      "byteOffset": 1408512,
      "byteLength": 2124,
      "target": 34963
    },
    {
      "buffer": 0,
      "byteOffset": 1410636,
      "byteLength": 3072,
      "target": 34962,
      "byteStride": 12
    },
    {
      "buffer": 0,
      "byteOffset": 1413708,
      "byteLength": 2048,
      "target": 34962,
      "byteStride": 8
    },
    {
      "buffer": 0,
      "byteOffset": 1415756,
      "byteLength": 768,
      "target": 34963
    },
    {
      "buffer": 0,
      "byteOffset": 1416524,
      "byteLength": 8112,
      "target": 34962,
      "byteStride": 12
    },
    {
      "buffer": 0,
      "byteOffset": 1424636,
      "byteLength": 5408,
      "target": 34962,
      "byteStride": 8
    },
    {
      "buffer": 0,
      "byteOffset": 1430044,
      "byteLength": 2028,
      "target": 34963
    },
    {
      "buffer": 0,
      "byteOffset": 1432072,
      "byteLength": 1440,
      "target": 34962,
      "byteStride": 12
    },
    {
      "buffer": 0,
      "byteOffset": 1433512,
      "byteLength": 960,
      "target": 34962,
      "byteStride": 8
    },
    {
      "buffer": 0,
      "byteOffset": 1434472,
      "byteLength": 360,
      "target": 34963
    },
    {
      "buffer": 0,
      "byteOffset": 1434832,
      "byteLength": 144,
      "target": 34962,
      "byteStride": 12
    },
    {
      "buffer": 0,
      "byteOffset": 1434976,
      "byteLength": 96,
      "target": 34962,
      "byteStride": 8
    },
    {
      "buffer": 0,
      "byteOffset": 1435072,
      "byteLength": 36,
      "target": 34963
    },
    {
      "buffer": 0,
      "byteOffset": 1435108,
      "byteLength": 384,
      "target": 34962,
      "byteStride": 12
    },
    {
      "buffer": 0,
      "byteOffset": 1435492,
      "byteLength": 256,
      "target": 34962,
      "byteStride": 8
    },
    {
      "buffer": 0,
      "byteOffset": 1435748,
      "byteLength": 96,
      "target": 34963
    },
    {
      "buffer": 0,
      "byteOffset": 1435844,
      "byteLength": 7920,
      "target": 34962,
      "byteStride": 12
    },
    {
      "buffer": 0,
      "byteOffset": 1443764,
      "byteLength": 7920,
      "target": 34962,
      "byteStride": 12
    },
    {
      "buffer": 0,
      "byteOffset": 1451684,
      "byteLength": 7920,
      "target": 34962,
      "byteStride": 12
    },
    {
      "buffer": 0,
      "byteOffset": 1459604,
      "byteLength": 5280,
      "target": 34962,
      "byteStride": 8
    },
    {
      "buffer": 0,
      "byteOffset": 1464884,
      "byteLength": 8784,
      "target": 34962,
      "byteStride": 12
    },
    {
      "buffer": 0,
      "byteOffset": 1473668,
      "byteLength": 8784,
      "target": 34962,
      "byteStride": 12
    },
    {
      "buffer": 0,
      "byteOffset": 1482452,
      "byteLength": 8784,
      "target": 34962,
      "byteStride": 12
    },
    {
      "buffer": 0,
      "byteOffset": 1491236,
      "byteLength": 5856,
      "target": 34962,
      "byteStride": 8
    },
    {
      "buffer": 0,
      "byteOffset": 1497092,
      "byteLength": 7488,
      "target": 34962,
      "byteStride": 12
    },
    {
      "buffer": 0,
      "byteOffset": 1504580,
      "byteLength": 7488,
      "target": 34962,
      "byteStride": 12
    },
    {
      "buffer": 0,
      "byteOffset": 1512068,
      "byteLength": 7488,
      "target": 34962,
      "byteStride": 12
    },
    {
      "buffer": 0,
      "byteOffset": 1519556,
      "byteLength": 4992,
      "target": 34962,
      "byteStride": 8
    },
    {
      "buffer": 0,
      "byteOffset": 1524548,
      "byteLength": 7812,
      "target": 34962,
      "byteStride": 12
    },
    {
      "buffer": 0,
      "byteOffset": 1532360,
      "byteLength": 7812,
      "target": 34962,
      "byteStride": 12
    },
    {
      "buffer": 0,
      "byteOffset": 1540172,
      "byteLength": 7812,
      "target": 34962,
      "byteStride": 12
    },
    {
      "buffer": 0,
      "byteOffset": 1547984,
      "byteLength": 5208,
      "target": 34962,
      "byteStride": 8
    },
    {
      "buffer": 0,
      "byteOffset": 1553192,
      "byteLength": 576,
      "target": 34962,
      "byteStride": 12
    },
    {
      "buffer": 0,
      "byteOffset": 1553768,
      "byteLength": 576,
      "target": 34962,
      "byteStride": 12
    },
    {
      "buffer": 0,
      "byteOffset": 1554344,
      "byteLength": 576,
      "target": 34962,
      "byteStride": 12
    },
    {
      "buffer": 0,
      "byteOffset": 1554920,
      "byteLength": 384,
      "target": 34962,
      "byteStride": 8
    },
    {
      "buffer": 0,
      "byteOffset": 1555304,
      "byteLength": 936,
      "target": 34962,
      "byteStride": 12
    },
    {
      "buffer": 0,
      "byteOffset": 1556240,
      "byteLength": 936,
      "target": 34962,
      "byteStride": 12
    },
    {
      "buffer": 0,
      "byteOffset": 1557176,
      "byteLength": 936,
      "target": 34962,
      "byteStride": 12
    },
    {
      "buffer": 0,
      "byteOffset": 1558112,
      "byteLength": 624,
      "target": 34962,
      "byteStride": 8
    },
    {
      "buffer": 0,
      "byteOffset": 1558736,
      "byteLength": 1080,
      "target": 34962,
      "byteStride": 12
    },
    {
      "buffer": 0,
      "byteOffset": 1559816,
      "byteLength": 1080,
      "target": 34962,
      "byteStride": 12
    },
    {
      "buffer": 0,
      "byteOffset": 1560896,
      "byteLength": 1080,
      "target": 34962,
      "byteStride": 12
    },
    {
      "buffer": 0,
      "byteOffset": 1561976,
      "byteLength": 720,
      "target": 34962,
      "byteStride": 8
    },
    {
      "buffer": 0,
      "byteOffset": 1562696,
      "byteLength": 7416,
      "target": 34962,
      "byteStride": 12
    },
    {
      "buffer": 0,
      "byteOffset": 1570112,
      "byteLength": 7416,
      "target": 34962,
      "byteStride": 12
    },
    {
      "buffer": 0,
      "byteOffset": 1577528,
      "byteLength": 7416,
      "target": 34962,
      "byteStride": 12
    },
    {
      "buffer": 0,
      "byteOffset": 1584944,
      "byteLength": 4944,
      "target": 34962,
      "byteStride": 8
    },
    {
      "buffer": 0,
      "byteOffset": 1589888,
      "byteLength": 1008,
      "target": 34962,
      "byteStride": 12
    },
    {
      "buffer": 0,
      "byteOffset": 1590896,
      "byteLength": 1008,
      "target": 34962,
      "byteStride": 12
    },
    {
      "buffer": 0,
      "byteOffset": 1591904,
      "byteLength": 1008,
      "target": 34962,
      "byteStride": 12
    },
    {
      "buffer": 0,
      "byteOffset": 1592912,
      "byteLength": 672,
      "target": 34962,
      "byteStride": 8
    },
    {
      "buffer": 0,
      "byteOffset": 1593584,
      "byteLength": 864,
      "target": 34962,
      "byteStride": 12
    },
    {
      "buffer": 0,
      "byteOffset": 1594448,
      "byteLength": 864,
      "target": 34962,
      "byteStride": 12
    },
    {
      "buffer": 0,
      "byteOffset": 1595312,
      "byteLength": 864,
      "target": 34962,
      "byteStride": 12
    },
    {
      "buffer": 0,
      "byteOffset": 1596176,
      "byteLength": 576,
      "target": 34962,
      "byteStride": 8
    },
    {
      "buffer": 0,
      "byteOffset": 1596752,
      "byteLength": 720,
      "target": 34962,
      "byteStride": 12
    },
    {
      "buffer": 0,
      "byteOffset": 1597472,
      "byteLength": 720,
      "target": 34962,
      "byteStride": 12
    },
    {
      "buffer": 0,
      "byteOffset": 1598192,
      "byteLength": 720,
      "target": 34962,
      "byteStride": 12
    },
    {
      "buffer": 0,
      "byteOffset": 1598912,
      "byteLength": 480,
      "target": 34962,
      "byteStride": 8
    },
    {
      "buffer": 0,
      "byteOffset": 1599392,
      "byteLength": 936,
      "target": 34962,
      "byteStride": 12
    },
    {
      "buffer": 0,
      "byteOffset": 1600328,
      "byteLength": 936,
      "target": 34962,
      "byteStride": 12
    },
    {
      "buffer": 0,
      "byteOffset": 1601264,
      "byteLength": 936,
      "target": 34962,
      "byteStride": 12
    },
    {
      "buffer": 0,
      "byteOffset": 1602200,
      "byteLength": 624,
      "target": 34962,
      "byteStride": 8
    },
    {
      "buffer": 0,
      "byteOffset": 1602824,
      "byteLength": 1368,
      "target": 34962,
      "byteStride": 12
    },
    {
      "buffer": 0,
      "byteOffset": 1604192,
      "byteLength": 1368,
      "target": 34962,
      "byteStride": 12
    },
    {
      "buffer": 0,
      "byteOffset": 1605560,
      "byteLength": 1368,
      "target": 34962,
      "byteStride": 12
    },
    {
      "buffer": 0,
      "byteOffset": 1606928,
      "byteLength": 912,
      "target": 34962,
      "byteStride": 8
    },
    {
      "buffer": 0,
      "byteOffset": 1607840,
      "byteLength": 792,
      "target": 34962,
      "byteStride": 12
    },
    {
      "buffer": 0,
      "byteOffset": 1608632,
      "byteLength": 792,
      "target": 34962,
      "byteStride": 12
    },
    {
      "buffer": 0,
      "byteOffset": 1609424,
      "byteLength": 792,
      "target": 34962,
      "byteStride": 12
    },
    {
      "buffer": 0,
      "byteOffset": 1610216,
      "byteLength": 528,
      "target": 34962,
      "byteStride": 8
    }
  ],
  "buffers": [
    {
      "byteLength": 1610744,
