{
  "asset": {
    "version": "2.0",
    "generator": "THREE.GLTFExporter"
  },
  "scenes": [
    {
      "nodes": [
        439
      ]
    }
  ],
  "scene": 0,
  "nodes": [
    {
      "mesh": 0
    },
    {
      "mesh": 1
    },
    {
      "mesh": 2
    },
    {
      "mesh": 3
    },
    {
      "mesh": 4
    },
    {
      "mesh": 5
    },
    {
      "mesh": 6
    },
    {
      "mesh": 7
    },
    {
      "mesh": 8
    },
    {
      "mesh": 9
    },
    {
      "mesh": 10
    },
    {
      "mesh": 11
    },
    {
      "mesh": 12
    },
    {
      "mesh": 13
    },
    {
      "mesh": 14
    },
    {
      "mesh": 15
    },
    {
      "mesh": 16
    },
    {
      "mesh": 17
    },
    {
      "matrix": [
        -0.03709691109260538,
        0,
        -0.9993116726964553,
        0,
        0,
        1,
        0,
        0,
        0.9993116726964553,
        0,
        -0.03709691109260538,
        0,
        -107.0078125,
        0.6640625,
        110.71875,
        1
      ],
      "mesh": 18
    },
    {
      "matrix": [
        -0.03709691109260538,
        0,
        -0.9993116726964553,
        0,
        0,
        1,
        0,
        0,
        0.9993116726964553,
        0,
        -0.03709691109260538,
        0,
        -69.5,
        0.4296875,
        115.5,
        1
      ],
      "mesh": 19
    },
    {
      "matrix": [
        0.6480361721016052,
        0,
        0.7616095585323878,
        0,
        0,
        1,
        0,
        0,
        -0.7616095585323878,
        0,
        0.6480361721016052,
        0,
        -10.71875,
        0.390625,
        58.5,
        1
      ],
      "mesh": 20
    },
    {
      "matrix": [
        0.7370451816173639,
        0,
        -0.6758434731908174,
        0,
        0,
        1,
        0,
        0,
        0.6758434731908174,
        0,
        0.7370451816173639,
        0,
        -10.71875,
        0.390625,
        67.5,
        1
      ],
      "mesh": 20
    },
    {
      "matrix": [
        0.6480361721016052,
        0,
        0.7616095585323878,
        0,
        0,
        1,
        0,
        0,
        -0.7616095585323878,
        0,
        0.6480361721016052,
        0,
        -18.28125,
        0.390625,
        67.5,
        1
      ],
      "mesh": 20
    },
    {
      "matrix": [
        -0.9996940572530832,
        0,
        0.024734427279995138,
        0,
        0,
        1,
        0,
        0,
        -0.024734427279995138,
        0,
        -0.9996940572530832,
        0,
        -115.5,
        0.46875,
        107.7734375,
        1
      ],
      "mesh": 21
    },
    {
      "matrix": [
        -0.9996940572530832,
        0,
        0.024734427279995138,
        0,
        0,
        1,
        0,
        0,
        -0.024734427279995138,
        0,
        -0.9996940572530832,
        0,
        -101.5,
        0.46875,
        107.7734375,
        1
      ],
      "mesh": 21
    },
    {
      "matrix": [
        -0.9996940572530832,
        0,
        0.024734427279995138,
        0,
        0,
        1,
        0,
        0,
        -0.024734427279995138,
        0,
        -0.9996940572530832,
        0,
        -81.5,
        0.46875,
        107.7734375,
        1
      ],
      "mesh": 21
    },
    {
      "matrix": [
        1,
        0,
        0,
        0,
        0,
        1,
        0,
        0,
        0,
        0,
        1,
        0,
        -110.5,
        0.1953125,
        115.5,
        1
      ],
      "mesh": 22
    },
    {
      "matrix": [
        1,
        0,
        0,
        0,
        0,
        1,
        0,
        0,
        0,
        0,
        1,
        0,
        -96.5,
        0.1953125,
        115.5,
        1
      ],
      "mesh": 22
    },
    {
      "matrix": [
        1,
        0,
        0,
        0,
        0,
        1,
        0,
        0,
        0,
        0,
        1,
        0,
        -83.5,
        0.1953125,
        115.5,
        1
      ],
      "mesh": 22
    },
    {
      "matrix": [
        -0.03709691109260538,
        0,
        -0.9993116726964553,
        0,
        0,
        1,
        0,
        0,
        0.9993116726964553,
        0,
        -0.03709691109260538,
        0,
        -119.421875,
        0,
        111.5,
        1
      ],
      "mesh": 23
    },
    {
      "matrix": [
        -0.03709691109260538,
        0,
        -0.9993116726964553,
        0,
        0,
        1,
        0,
        0,
        0.9993116726964553,
        0,
        -0.03709691109260538,
        0,
        -104.421875,
        0,
        111.5,
        1
      ],
      "mesh": 23
    },
    {
      "matrix": [
        -0.03709691109260538,
        0,
        -0.9993116726964553,
        0,
        0,
        1,
        0,
        0,
        0.9993116726964553,
        0,
        -0.03709691109260538,
        0,
        -91.421875,
        0,
        111.5,
        1
      ],
      "mesh": 23
    },
    {
      "matrix": [
        1,
        0,
        0,
        0,
        0,
        1,
        0,
        0,
        0,
        0,
        1,
        0,
        -112.5,
        0.5859375,
        115.0859375,
        1
      ],
      "mesh": 24
    },
    {
      "matrix": [
        1,
        0,
        0,
        0,
        0,
        1,
        0,
        0,
        0,
        0,
        1,
        0,
        -98.5,
        0.5859375,
        115.0859375,
        1
      ],
      "mesh": 24
    },
    {
      "matrix": [
        1,
        0,
        0,
        0,
        0,
        1,
        0,
        0,
        0,
        0,
        1,
        0,
        -85.5,
        0.5859375,
        115.0859375,
        1
      ],
      "mesh": 24
    },
    {
      "matrix": [
        0.6875,
        0,
        0,
        0,
        0,
        0.6875,
        0,
        0,
        0,
        0,
        0.6875,
        0,
        -26.8515625,
        1.5625,
        124.7109375,
        1
      ],
      "mesh": 25
    },
    {
      "matrix": [
        0.5625,
        0,
        0,
        0,
        0,
        0.5625,
        0,
        0,
        0,
        0,
        0.5625,
        0,
        -25.8515625,
        1.5625,
        124.3203125,
        1
      ],
      "mesh": 25
    },
    {
      "matrix": [
        1,
        0,
        0,
        0,
        0,
        1,
        0,
        0,
        0,
        0,
        1,
        0,
        -26.5,
        0.4296875,
        124.5,
        1
      ],
      "mesh": 26
    },
    {
      "matrix": [
        -0.03405380510454009,
        0,
        0.9173368870455741,
        0,
        0,
        0.91796875,
        0,
        0,
        -0.9173368870455741,
        0,
        -0.03405380510454009,
        0,
        -76.78125,
        0.390625,
        12.6171875,
        1
      ],
      "mesh": 27
    },
    {
      "matrix": [
        -0.03550290319409499,
        0,
        -0.9563724992602795,
        0,
        0,
        0.95703125,
        0,
        0,
        0.9563724992602795,
        0,
        -0.03550290319409499,
        0,
        -86.828125,
        0.3125,
        61.0234375,
        1
      ],
      "mesh": 28
    },
    {
      "matrix": [
        1,
        0,
        0,
        0,
        0,
        1,
        0,
        0,
        0,
        0,
        1,
        0,
        -63.09375,
        0,
        40.953125,
        1
      ],
      "mesh": 28
    },
    {
      "matrix": [
        1,
        0,
        0,
        0,
        0,
        1,
        0,
        0,
        0,
        0,
        1,
        0,
        -97.71875,
        0.8203125,
        23.71875,
        1
      ],
      "mesh": 29
    },
    {
      "matrix": [
        1,
        0,
        0,
        0,
        0,
        1,
        0,
        0,
        0,
        0,
        1,
        0,
        -25.5,
        0.5,
        120.5,
        1
      ],
      "mesh": 30
    },
    {
      "matrix": [
        0.9951086591716066,
        0,
        0.09878641830579414,
        0,
        0,
        1,
        0,
        0,
        -0.09878641830579414,
        0,
        0.9951086591716066,
        0,
        -5.4296875,
        0.5,
        13.765625,
        1
      ],
      "mesh": 30
    },
    {
      "matrix": [
        1,
        0,
        0,
        0,
        0,
        1,
        0,
        0,
        0,
        0,
        1,
        0,
        -36.5,
        0.5,
        6.5,
        1
      ],
      "mesh": 30
    },
    {
      "matrix": [
        1,
        0,
        0,
        0,
        0,
        1,
        0,
        0,
        0,
        0,
        1,
        0,
        -49.5,
        0.5,
        84.5,
        1
      ],
      "mesh": 30
    },
    {
      "matrix": [
        1,
        0,
        0,
        0,
        0,
        1,
        0,
        0,
        0,
        0,
        1,
        0,
        -52.5,
        0.5,
        88.5,
        1
      ],
      "mesh": 30
    },
    {
      "matrix": [
        0.9996940572530831,
        0,
        -0.024734427279994954,
        0,
        0,
        1,
        0,
        0,
        0.024734427279994954,
        0,
        0.9996940572530831,
        0,
        -100.5,
        0.5,
        38.5,
        1
      ],
      "mesh": 30
    },
    {
      "matrix": [
        0.9987764162142613,
        0,
        -0.049453719922738996,
        0,
        0,
        1,
        0,
        0,
        0.049453719922738996,
        0,
        0.9987764162142613,
        0,
        -110.5,
        0.5,
        38.5,
        1
      ],
      "mesh": 30
    },
    {
      "matrix": [
        0.9996940572530831,
        0,
        0.024734427279994954,
        0,
        0,
        1,
        0,
        0,
        -0.024734427279994954,
        0,
        0.9996940572530831,
        0,
        -94.5,
        0.5,
        12.5,
        1
      ],
      "mesh": 30
    },
    {
      "matrix": [
        0.9996940572530831,
        0,
        -0.024734427279994954,
        0,
        0,
        1,
        0,
        0,
        0.024734427279994954,
        0,
        0.9996940572530831,
        0,
        -76.5,
        0.5,
        59.5,
        1
      ],
      "mesh": 30
    },
    {
      "matrix": [
        1,
        0,
        0,
        0,
        0,
        1,
        0,
        0,
        0,
        0,
        1,
        0,
        -46.5,
        0.5,
        5.5,
        1
      ],
      "mesh": 30
    },
    {
      "matrix": [
        1,
        0,
        0,
        0,
        0,
        1,
        0,
        0,
        0,
        0,
        1,
        0,
        -40.5,
        0.5,
        25.5,
        1
      ],
      "mesh": 30
    },
    {
      "matrix": [
        1,
        0,
        0,
        0,
        0,
        1,
        0,
        0,
        0,
        0,
        1,
        0,
        -27.5,
        0.5,
        87.5,
        1
      ],
      "mesh": 30
    },
    {
      "matrix": [
        1,
        0,
        0,
        0,
        0,
        1,
        0,
        0,
        0,
        0,
        1,
        0,
        -95.5,
        0.5,
        109.5,
        1
      ],
      "mesh": 30
    },
    {
      "matrix": [
        -0.4418264253353865,
        0,
        -0.897100557281821,
        0,
        0,
        1,
        0,
        0,
        0.897100557281821,
        0,
        -0.4418264253353865,
        0,
        -24.546875,
        0.5,
        44.2734375,
        1
      ],
      "mesh": 30
    },
    {
      "matrix": [
        0.7027203712489902,
        0,
        0.7114661480574332,
        0,
        0,
        1,
        0,
        0,
        -0.7114661480574332,
        0,
        0.7027203712489902,
        0,
        -5.48046875,
        0.5,
        41.375,
        1
      ],
      "mesh": 30
    },
    {
      "matrix": [
        0.9996940572530831,
        0,
        -0.024734427279994954,
        0,
        0,
        1,
        0,
        0,
        0.024734427279994954,
        0,
        0.9996940572530831,
        0,
        -107.5,
        0.5,
        14.5,
        1
      ],
      "mesh": 30
    },
    {
      "matrix": [
        0.9996940572530831,
        0,
        0.024734427279994954,
        0,
        0,
        1,
        0,
        0,
        -0.024734427279994954,
        0,
        0.9996940572530831,
        0,
        -102.5,
        0.5,
        11.5,
        1
      ],
      "mesh": 30
    },
    {
      "matrix": [
        0.9996940572530831,
        0,
        0.024734427279994954,
        0,
        0,
        1,
        0,
        0,
        -0.024734427279994954,
        0,
        0.9996940572530831,
        0,
        -67.5,
        0.5,
        38.5,
        1
      ],
      "mesh": 30
    },
    {
      "matrix": [
        0.9996940572530831,
        0,
        0.024734427279994954,
        0,
        0,
        1,
        0,
        0,
        -0.024734427279994954,
        0,
        0.9996940572530831,
        0,
        -61.5,
        0.5,
        38.5,
        1
      ],
      "mesh": 30
    },
    {
      "matrix": [
        0.9972476383747747,
        0,
        -0.0741427525516462,
        0,
        0,
        1,
        0,
        0,
        0.0741427525516462,
        0,
        0.9972476383747747,
        0,
        -54.5,
        0.5,
        68.5,
        1
      ],
      "mesh": 30
    },
    {
      "matrix": [
        -0.03709691109260538,
        0,
        -0.9993116726964553,
        0,
        0,
        1,
        0,
        0,
        0.9993116726964553,
        0,
        -0.03709691109260538,
        0,
        -67.71875,
        0,
        62.5,
        1
      ],
      "mesh": 31
    },
    {
      "matrix": [
        1,
        0,
        0,
        0,
        0,
        1,
        0,
        0,
        0,
        0,
        1,
        0,
        -5.109375,
        0.8984375,
        125.4296875,
        1
      ],
      "mesh": 32
    },
    {
      "matrix": [
        1,
        0,
        0,
        0,
        0,
        1,
        0,
        0,
        0,
        0,
        1,
        0,
        -64.5,
        0.5,
        4.859375,
        1
      ],
      "mesh": 33
    },
    {
      "matrix": [
        0.6480361721016052,
        0,
        0.7616095585323878,
        0,
        0,
        1,
        0,
        0,
        -0.7616095585323878,
        0,
        0.6480361721016052,
        0,
        -96.0625,
        0.5,
        83.28125,
        1
      ],
      "mesh": 34
    },
    {
      "matrix": [
        0.992360787415103,
        0,
        -0.12336963808359298,
        0,
        0,
        1,
        0,
        0,
        0.12336963808359298,
        0,
        0.992360787415103,
        0,
        -20.75,
        0.5,
        66.5,
        1
      ],
      "mesh": 30
    },
    {
      "matrix": [
        0.9951086591716066,
        0,
        -0.09878641830579414,
        0,
        0,
        1,
        0,
        0,
        0.09878641830579414,
        0,
        0.9951086591716066,
        0,
        -21.5,
        0.5,
        59.5,
        1
      ],
      "mesh": 30
    },
    {
      "matrix": [
        1,
        0,
        0,
        0,
        0,
        1,
        0,
        0,
        0,
        0,
        1,
        0,
        -18.5,
        2.734375,
        32.96875,
        1
      ],
      "mesh": 35
    },
    {
      "matrix": [
        -0.16009823929579747,
        0,
        0.9871010858946442,
        0,
        0,
        1,
        0,
        0,
        -0.9871010858946442,
        0,
        -0.16009823929579747,
        0,
        -29.96875,
        2.734375,
        14.578125,
        1
      ],
      "mesh": 35
    },
    {
      "matrix": [
        -0.16009823929579747,
        0,
        -0.9871010858946442,
        0,
        0,
        1,
        0,
        0,
        0.9871010858946442,
        0,
        -0.16009823929579747,
        0,
        -31.03125,
        2.734375,
        28.5,
        1
      ],
      "mesh": 35
    },
    {
      "matrix": [
        -0.16009823929579747,
        0,
        -0.9871010858946442,
        0,
        0,
        1,
        0,
        0,
        0.9871010858946442,
        0,
        -0.16009823929579747,
        0,
        -41.03125,
        2.734375,
        22.5,
        1
      ],
      "mesh": 35
    },
    {
      "matrix": [
        -0.16009823929579747,
        0,
        -0.9871010858946442,
        0,
        0,
        1,
        0,
        0,
        0.9871010858946442,
        0,
        -0.16009823929579747,
        0,
        -41.03125,
        2.734375,
        14.5,
        1
      ],
      "mesh": 35
    },
    {
      "matrix": [
        -0.9987764162142614,
        0,
        -0.04945371992273924,
        0,
        0,
        1,
        0,
        0,
        0.04945371992273924,
        0,
        -0.9987764162142614,
        0,
        -14.5,
        2.734375,
        2.03125,
        1
      ],
      "mesh": 35
    },
    {
      "matrix": [
        -0.9987764162142614,
        0,
        -0.04945371992273924,
        0,
        0,
        1,
        0,
        0,
        0.04945371992273924,
        0,
        -0.9987764162142614,
        0,
        -20.5,
        2.734375,
        2.03125,
        1
      ],
      "mesh": 35
    },
    {
      "matrix": [
        -0.9987764162142614,
        0,
        -0.04945371992273924,
        0,
        0,
        1,
        0,
        0,
        0.04945371992273924,
        0,
        -0.9987764162142614,
        0,
        -28.5,
        2.734375,
        2.03125,
        1
      ],
      "mesh": 35
    },
    {
      "matrix": [
        1,
        0,
        0,
        0,
        0,
        1,
        0,
        0,
        0,
        0,
        1,
        0,
        -36.5,
        2.734375,
        10.96875,
        1
      ],
      "mesh": 35
    },
    {
      "matrix": [
        -0.9987764162142614,
        0,
        -0.04945371992273924,
        0,
        0,
        1,
        0,
        0,
        0.04945371992273924,
        0,
        -0.9987764162142614,
        0,
        -46.5,
        2.734375,
        2.03125,
        1
      ],
      "mesh": 35
    },
    {
      "matrix": [
        -0.03709691109260538,
        0,
        -0.9993116726964553,
        0,
        0,
        1,
        0,
        0,
        0.9993116726964553,
        0,
        -0.03709691109260538,
        0,
        -63.03125,
        2.734375,
        32.5,
        1
      ],
      "mesh": 35
    },
    {
      "matrix": [
        1,
        0,
        0,
        0,
        0,
        1,
        0,
        0,
        0,
        0,
        1,
        0,
        -82.5,
        2.734375,
        13.96875,
        1
      ],
      "mesh": 35
    },
    {
      "matrix": [
        -0.03709691109260538,
        0,
        -0.9993116726964553,
        0,
        0,
        1,
        0,
        0,
        0.9993116726964553,
        0,
        -0.03709691109260538,
        0,
        -106.03125,
        3.125,
        110.5,
        1
      ],
      "mesh": 35
    },
    {
      "matrix": [
        1,
        0,
        0,
        0,
        0,
        1,
        0,
        0,
        0,
        0,
        1,
        0,
        -112.5,
        2.734375,
        115.96875,
        1
      ],
      "mesh": 35
    },
    {
      "matrix": [
        -0.03709691109260538,
        0,
        0.9993116726964553,
        0,
        0,
        1,
        0,
        0,
        -0.9993116726964553,
        0,
        -0.03709691109260538,
        0,
        -119.96875,
        2.734375,
        110.5,
        1
      ],
      "mesh": 35
    },
    {
      "matrix": [
        -0.03709691109260538,
        0,
        -0.9993116726964553,
        0,
        0,
        1,
        0,
        0,
        0.9993116726964553,
        0,
        -0.03709691109260538,
        0,
        -121.03125,
        2.734375,
        111.5,
        1
      ],
      "mesh": 35
    },
    {
      "matrix": [
        1,
        0,
        0,
        0,
        0,
        1,
        0,
        0,
        0,
        0,
        1,
        0,
        -122.5,
        2.734375,
        125.96875,
        1
      ],
      "mesh": 35
    },
    {
      "matrix": [
        1,
        0,
        0,
        0,
        0,
        1,
        0,
        0,
        0,
        0,
        1,
        0,
        -115.5,
        2.734375,
        121.96875,
        1
      ],
      "mesh": 35
    },
    {
      "matrix": [
        -0.9850454633172632,
        0,
        -0.17229461743791677,
        0,
        0,
        1,
        0,
        0,
        0.17229461743791677,
        0,
        -0.9850454633172632,
        0,
        -109.5,
        2.734375,
        117.109375,
        1
      ],
      "mesh": 35
    },
    {
      "matrix": [
        1,
        0,
        0,
        0,
        0,
        1,
        0,
        0,
        0,
        0,
        1,
        0,
        -102.5,
        2.734375,
        121.96875,
        1
      ],
      "mesh": 35
    },
    {
      "matrix": [
        -0.9987764162142614,
        0,
        0.04945371992273924,
        0,
        0,
        1,
        0,
        0,
        -0.04945371992273924,
        0,
        -0.9987764162142614,
        0,
        -95.5,
        2.6953125,
        117.109375,
        1
      ],
      "mesh": 35
    },
    {
      "matrix": [
        1,
        0,
        0,
        0,
        0,
        1,
        0,
        0,
        0,
        0,
        1,
        0,
        -88.5,
        2.734375,
        121.96875,
        1
      ],
      "mesh": 35
    },
    {
      "matrix": [
        -0.9850454633172632,
        0,
        -0.17229461743791677,
        0,
        0,
        1,
        0,
        0,
        0.17229461743791677,
        0,
        -0.9850454633172632,
        0,
        -81.5,
        2.734375,
        117.109375,
        1
      ],
      "mesh": 35
    },
    {
      "matrix": [
        1,
        0,
        0,
        0,
        0,
        1,
        0,
        0,
        0,
        0,
        1,
        0,
        -64.5,
        2.734375,
        125.96875,
        1
      ],
      "mesh": 35
    },
    {
      "matrix": [
        1,
        0,
        0,
        0,
        0,
        1,
        0,
        0,
        0,
        0,
        1,
        0,
        -46.5,
        2.734375,
        121.96875,
        1
      ],
      "mesh": 35
    },
    {
      "matrix": [
        1,
        0,
        0,
        0,
        0,
        1,
        0,
        0,
        0,
        0,
        1,
        0,
        -30.5,
        2.734375,
        121.96875,
        1
      ],
      "mesh": 35
    },
    {
      "matrix": [
        -0.03709691109260538,
        0,
        -0.9993116726964553,
        0,
        0,
        1,
        0,
        0,
        0.9993116726964553,
        0,
        -0.03709691109260538,
        0,
        -18.03125,
        2.734375,
        120.5,
        1
      ],
      "mesh": 35
    },
    {
      "matrix": [
        0.06180296346008418,
        0,
        -0.9980883696885519,
        0,
        0,
        1,
        0,
        0,
        0.9980883696885519,
        0,
        0.06180296346008418,
        0,
        -2.03125,
        2.734375,
        115.015625,
        1
      ],
      "mesh": 35
    },
    {
      "matrix": [
        -0.16009823929579747,
        0,
        0.9871010858946442,
        0,
        0,
        1,
        0,
        0,
        -0.9871010858946442,
        0,
        -0.16009823929579747,
        0,
        -16.96875,
        2.734375,
        116.5,
        1
      ],
      "mesh": 35
    },
    {
      "matrix": [
        0.998088369688552,
        0,
        0.061802963460084105,
        0,
        0,
        1,
        0,
        0,
        -0.061802963460084105,
        0,
        0.998088369688552,
        0,
        -9.5,
        2.734375,
        125.96875,
        1
      ],
      "mesh": 35
    },
    {
      "matrix": [
        0.08647119949074578,
        0,
        0.996254350885672,
        0,
        0,
        1,
        0,
        0,
        -0.996254350885672,
        0,
        0.08647119949074578,
        0,
        -16.5,
        0.5859375,
        114.34375,
        1
      ],
      "mesh": 36
    },
    {
      "matrix": [
        -0.6095788197507077,
        0,
        0.7927254647804207,
        0,
        0,
        1,
        0,
        0,
        -0.7927254647804207,
        0,
        -0.6095788197507077,
        0,
        -16.5,
        0.703125,
        115.65625,
        1
      ],
      "mesh": 36
    },
    {
      "matrix": [
        1,
        0,
        0,
        0,
        0,
        1,
        0,
        0,
        0,
        0,
        1,
        0,
        -2.5,
        0.15625,
        122.5,
        1
      ],
      "mesh": 25
    },
    {
      "matrix": [
        1,
        0,
        0,
        0,
        0,
        1,
        0,
        0,
        0,
        0,
        1,
        0,
        -2.5,
        0.15625,
        123.5,
        1
      ],
      "mesh": 25
    },
    {
      "matrix": [
        0.8147933014790244,
        0,
        0.5797515639176074,
        0,
        0,
        1,
        0,
        0,
        -0.5797515639176074,
        0,
        0.8147933014790244,
        0,
        -16.3984375,
        2.03125,
        121.5,
        1
      ],
      "mesh": 29
    },
    {
      "matrix": [
        1,
        0,
        0,
        0,
        0,
        -0.03709691109260538,
        0.9993116726964553,
        0,
        0,
        -0.9993116726964553,
        -0.03709691109260538,
        0,
        -16.421875,
        0.78125,
        123.59375,
        1
      ],
      "mesh": 29
    },
    {
      "matrix": [
        0.9850454633172633,
        0,
        0.17229461743791666,
        0,
        0,
        1,
        0,
        0,
        -0.17229461743791666,
        0,
        0.9850454633172633,
        0,
        -16.421875,
        0.78125,
        121.890625,
        1
      ],
      "mesh": 29
    },
    {
      "matrix": [
        0.9695598647982466,
        0,
        -0.2448543823835012,
        0,
        0,
        1,
        0,
        0,
        0.2448543823835012,
        0,
        0.9695598647982466,
        0,
        -16.421875,
        0.78125,
        120.5,
        1
      ],
      "mesh": 29
    },
    {
      "matrix": [
        1,
        0,
        0,
        0,
        0,
        1,
        0,
        0,
        0,
        0,
        1,
        0,
        -11.5,
        0.1171875,
        106.5,
        1
      ],
      "mesh": 25
    },
    {
      "matrix": [
        1,
        0,
        0,
        0,
        0,
        1,
        0,
        0,
        0,
        0,
        1,
        0,
        -10.5,
        0.1171875,
        106.5,
        1
      ],
      "mesh": 25
    },
    {
      "matrix": [
        1,
        0,
        0,
        0,
        0,
        1,
        0,
        0,
        0,
        0,
        1,
        0,
        -9.5,
        0.1171875,
        106.5,
        1
      ],
      "mesh": 25
    },
    {
      "matrix": [
        0.22079796299170618,
        0,
        0.9753195679051626,
        0,
        0,
        1,
        0,
        0,
        -0.9753195679051626,
        0,
        0.22079796299170618,
        0,
        -2.5,
        0.5859375,
        115.265625,
        1
      ],
      "mesh": 36
    },
    {
      "matrix": [
        0.8147933014790244,
        0,
        0.5797515639176074,
        0,
        0,
        1,
        0,
        0,
        -0.5797515639176074,
        0,
        0.8147933014790244,
        0,
        -2.5,
        0.5859375,
        114.0703125,
        1
      ],
      "mesh": 36
    },
    {
      "matrix": [
        1,
        0,
        0,
        0,
        0,
        1,
        0,
        0,
        0,
        0,
        1,
        0,
        -11.6328125,
        0.625,
        124.71875,
        1
      ],
      "mesh": 37
    },
    {
      "matrix": [
        1,
        0,
        0,
        0,
        0,
        1,
        0,
        0,
        0,
        0,
        1,
        0,
        -7.6015625,
        0.625,
        124.71875,
        1
      ],
      "mesh": 37
    },
    {
      "matrix": [
        1,
        0,
        0,
        0,
        0,
        1,
        0,
        0,
        0,
        0,
        1,
        0,
        -16.5,
        0.8984375,
        118.5,
        1
      ],
      "mesh": 32
    },
    {
      "matrix": [
        1,
        0,
        0,
        0,
        0,
        1,
        0,
        0,
        0,
        0,
        1,
        0,
        -16.5,
        0.8984375,
        117.109375,
        1
      ],
      "mesh": 32
    },
    {
      "matrix": [
        1,
        0,
        0,
        0,
        0,
        1,
        0,
        0,
        0,
        0,
        1,
        0,
        -16.5,
        0.8984375,
        112.8359375,
        1
      ],
      "mesh": 32
    },
    {
      "matrix": [
        1,
        0,
        0,
        0,
        0,
        1,
        0,
        0,
        0,
        0,
        1,
        0,
        -16.5,
        0.8984375,
        111.4453125,
        1
      ],
      "mesh": 32
    },
    {
      "matrix": [
        1,
        0,
        0,
        0,
        0,
        1,
        0,
        0,
        0,
        0,
        1,
        0,
        -8.109375,
        0.78125,
        106.5,
        1
      ],
      "mesh": 32
    },
    {
      "matrix": [
        1,
        0,
        0,
        0,
        0,
        1,
        0,
        0,
        0,
        0,
        1,
        0,
        -6.8359375,
        0.78125,
        106.5,
        1
      ],
      "mesh": 32
    },
    {
      "matrix": [
        0.01236815966336291,
        -0.9992352367336723,
        0.03709407360136713,
        0,
        5.551115123125783e-17,
        -0.03709691109260538,
        -0.9993116726964553,
        0,
        0.9999235113880169,
        0.012359646321371986,
        -0.0004588205194109296,
        0,
        -2.078125,
        2.5390625,
        111.75,
        1
      ],
      "mesh": 32
    },
    {
      "matrix": [
        -0.03709691109260538,
        0.9993116726964553,
        1.6653345369377348e-16,
        0,
        5.551115123125783e-17,
        2.220446049250313e-16,
        -1,
        0,
        -0.9993116726964553,
        -0.037096911092605434,
        0,
        0,
        -3.109375,
        1.71875,
        111.125,
        1
      ],
      "mesh": 32
    },
    {
      "matrix": [
        -0.03709691109260538,
        0.9993116726964553,
        1.6653345369377348e-16,
        0,
        5.551115123125783e-17,
        2.220446049250313e-16,
        -1,
        0,
        -0.9993116726964553,
        -0.037096911092605434,
        0,
        0,
        -3.109375,
        1.71875,
        112.2421875,
        1
      ],
      "mesh": 32
    },
    {
      "matrix": [
        0.08647119949074566,
        0.9925227316586318,
        -0.08614730871895848,
        0,
        5.551115123125783e-17,
        0.08647119949074566,
        0.9962543508856722,
        0,
        0.9962543508856722,
        -0.08614730871895848,
        0.007477268341368193,
        0,
        -3.0859375,
        0.78125,
        110.5,
        1
      ],
      "mesh": 32
    },
    {
      "matrix": [
        0.08647119949074566,
        0.9925227316586318,
        -0.08614730871895848,
        0,
        5.551115123125783e-17,
        0.08647119949074566,
        0.9962543508856722,
        0,
        0.9962543508856722,
        -0.08614730871895848,
        0.007477268341368193,
        0,
        -3.0859375,
        0.78125,
        111.6953125,
        1
      ],
      "mesh": 32
    },
    {
      "matrix": [
        0.08647119949074566,
        0.9925227316586318,
        -0.08614730871895848,
        0,
        5.551115123125783e-17,
        0.08647119949074566,
        0.9962543508856722,
        0,
        0.9962543508856722,
        -0.08614730871895848,
        0.007477268341368193,
        0,
        -3.0859375,
        0.78125,
        112.890625,
        1
      ],
      "mesh": 32
    },
    {
      "matrix": [
        1,
        0,
        0,
        0,
        0,
        1,
        0,
        0,
        0,
        0,
        1,
        0,
        -14.96875,
        0.8984375,
        125.5,
        1
      ],
      "mesh": 32
    },
    {
      "matrix": [
        1,
        0,
        0,
        0,
        0,
        1,
        0,
        0,
        0,
        0,
        1,
        0,
        -13.8125,
        0.8984375,
        125.5,
        1
      ],
      "mesh": 32
    },
    {
      "matrix": [
        1,
        0,
        0,
        0,
        0,
        1,
        0,
        0,
        0,
        0,
        1,
        0,
        -3.9140625,
        0.8984375,
        125.5,
        1
      ],
      "mesh": 32
    },
    {
      "matrix": [
        1,
        0,
        0,
        0,
        0,
        1,
        0,
        0,
        0,
        0,
        1,
        0,
        -2.71875,
        0.8984375,
        125.5,
        1
      ],
      "mesh": 32
    },
    {
      "matrix": [
        1,
        0,
        0,
        0,
        0,
        1,
        0,
        0,
        0,
        0,
        1,
        0,
        -28.28125,
        -0.0390625,
        81.890625,
        1
      ],
      "mesh": 38
    },
    {
      "matrix": [
        -0.6379144379886321,
        0,
        -0.5032111085872882,
        0,
        0,
        0.8125,
        0,
        0,
        0.5032111085872882,
        0,
        -0.6379144379886321,
        0,
        -22.578125,
        -0.0390625,
        75.9296875,
        1
      ],
      "mesh": 38
    },
    {
      "matrix": [
        0.44182642533538674,
        0,
        -0.8971005572818211,
        0,
        0,
        1,
        0,
        0,
        0.8971005572818211,
        0,
        0.44182642533538674,
        0,
        -22.5,
        -0.0390625,
        74.5,
        1
      ],
      "mesh": 38
    },
    {
      "matrix": [
        1,
        0,
        0,
        0,
        0,
        1,
        0,
        0,
        0,
        0,
        1,
        0,
        -22.5,
        0.078125,
        71.5,
        1
      ],
      "mesh": 38
    },
    {
      "matrix": [
        0.6242352601339133,
        0,
        -0.030908574951711874,
        0,
        0,
        0.625,
        0,
        0,
        0.030908574951711874,
        0,
        0.6242352601339133,
        0,
        -28.34375,
        0.078125,
        75.109375,
        1
      ],
      "mesh": 38
    },
    {
      "matrix": [
        0.7370451816173639,
        0,
        0.6758434731908174,
        0,
        0,
        1,
        0,
        0,
        -0.6758434731908174,
        0,
        0.7370451816173639,
        0,
        -28.34375,
        0.078125,
        73.5,
        1
      ],
      "mesh": 38
    },
    {
      "matrix": [
        0.7370451816173639,
        0,
        0.6758434731908174,
        0,
        0,
        1,
        0,
        0,
        -0.6758434731908174,
        0,
        0.7370451816173639,
        0,
        -33.359375,
        0.078125,
        67.5,
        1
      ],
      "mesh": 38
    },
    {
      "matrix": [
        1,
        0,
        0,
        0,
        0,
        1,
        0,
        0,
        0,
        0,
        1,
        0,
        -13.5,
        1.5234375,
        96.5,
        1
      ],
      "mesh": 39
    },
    {
      "matrix": [
        -0.9987764162142614,
        0,
        0.04945371992273924,
        0,
        0,
        1,
        0,
        0,
        -0.04945371992273924,
        0,
        -0.9987764162142614,
        0,
        -26.5,
        2.265625,
        38.484375,
        1
      ],
      "mesh": 40
    },
    {
      "matrix": [
        1,
        0,
        0,
        0,
        0,
        1,
        0,
        0,
        0,
        0,
        1,
        0,
        -26.5,
        2.1484375,
        46.3203125,
        1
      ],
      "mesh": 40
    },
    {
      "matrix": [
        -0.9987764162142614,
        0,
        0.04945371992273924,
        0,
        0,
        1,
        0,
        0,
        -0.04945371992273924,
        0,
        -0.9987764162142614,
        0,
        -22.5,
        2.265625,
        38.484375,
        1
      ],
      "mesh": 40
    },
    {
      "matrix": [
        1,
        0,
        0,
        0,
        0,
        1,
        0,
        0,
        0,
        0,
        1,
        0,
        -22.5,
        2.1484375,
        46.3203125,
        1
      ],
      "mesh": 40
    },
    {
      "matrix": [
        -0.9987764162142614,
        0,
        0.04945371992273924,
        0,
        0,
        1,
        0,
        0,
        -0.04945371992273924,
        0,
        -0.9987764162142614,
        0,
        -18.5,
        2.265625,
        38.484375,
        1
      ],
      "mesh": 40
    },
    {
      "matrix": [
        1,
        0,
        0,
        0,
        0,
        1,
        0,
        0,
        0,
        0,
        1,
        0,
        -18.5,
        2.1484375,
        46.3203125,
        1
      ],
      "mesh": 40
    },
    {
      "matrix": [
        -0.9987764162142614,
        0,
        0.04945371992273924,
        0,
        0,
        1,
        0,
        0,
        -0.04945371992273924,
        0,
        -0.9987764162142614,
        0,
        -10.5,
        2.265625,
        38.484375,
        1
      ],
      "mesh": 40
    },
    {
      "matrix": [
        1,
        0,
        0,
        0,
        0,
        1,
        0,
        0,
        0,
        0,
        1,
        0,
        -10.5,
        2.1484375,
        46.3203125,
        1
      ],
      "mesh": 40
    },
    {
      "matrix": [
        -0.9987764162142614,
        0,
        0.04945371992273924,
        0,
        0,
        1,
        0,
        0,
        -0.04945371992273924,
        0,
        -0.9987764162142614,
        0,
        -4.5,
        2.265625,
        38.484375,
        1
      ],
      "mesh": 40
    },
    {
      "matrix": [
        1,
        0,
        0,
        0,
        0,
        1,
        0,
        0,
        0,
        0,
        1,
        0,
        -4.5,
        2.1484375,
        46.3203125,
        1
      ],
      "mesh": 40
    },
    {
      "matrix": [
        -0.9999235113880167,
        0,
        -0.012368159663363043,
        0,
        0,
        1,
        0,
        0,
        0.012368159663363043,
        0,
        -0.9999235113880167,
        0,
        -4.5,
        0.1953125,
        38.5,
        1
      ],
      "mesh": 41
    },
    {
      "matrix": [
        -0.9999235113880167,
        0,
        -0.012368159663363043,
        0,
        0,
        1,
        0,
        0,
        0.012368159663363043,
        0,
        -0.9999235113880167,
        0,
        -10.5,
        0.1953125,
        38.5,
        1
      ],
      "mesh": 41
    },
    {
      "matrix": [
        -0.9999235113880167,
        0,
        -0.012368159663363043,
        0,
        0,
        1,
        0,
        0,
        0.012368159663363043,
        0,
        -0.9999235113880167,
        0,
        -18.5,
        0.1953125,
        38.5,
        1
      ],
      "mesh": 41
    },
    {
      "matrix": [
        -0.9999235113880167,
        0,
        -0.012368159663363043,
        0,
        0,
        1,
        0,
        0,
        0.012368159663363043,
        0,
        -0.9999235113880167,
        0,
        -22.5,
        0.1953125,
        38.5,
        1
      ],
      "mesh": 41
    },
    {
      "matrix": [
