[gd_scene load_steps=36 format=3 uid="uid://dwkbxu4jivebt"]

[ext_resource type="PackedScene" uid="uid://sdm88ej25uij" path="res://game/assets/obj_models/levels/lakvanMap.tscn" id="1_okfbh"]
[ext_resource type="PackedScene" uid="uid://c6papdgoewkjm" path="res://game/assets/obj_models/objects/47_grainbag.tscn" id="46_50x66"]
[ext_resource type="PackedScene" uid="uid://dh52c3dps4hiv" path="res://game/assets/obj_models/objects/41_stool.tscn" id="46_kem0s"]
[ext_resource type="PackedScene" uid="uid://dh3bsij3hp31u" path="res://game/assets/obj_models/objects/10_chair.tscn" id="47_ge1go"]
[ext_resource type="PackedScene" uid="uid://dwsum2bgos13p" path="res://game/assets/obj_models/objects/45_woodpile.tscn" id="47_kaa0p"]
[ext_resource type="PackedScene" uid="uid://djef6tff82h2f" path="res://game/assets/obj_models/objects/38_ironmaiden.tscn" id="47_qwjci"]
[ext_resource type="PackedScene" uid="uid://x5135v6ffk27" path="res://game/assets/obj_models/objects/229_SHADdoor_4units.tscn" id="47_rqsoy"]
[ext_resource type="PackedScene" uid="uid://b6memngjtaouf" path="res://game/assets/obj_models/objects/191_transporter.tscn" id="48_1arbi"]
[ext_resource type="PackedScene" uid="uid://boxaukl0uusj4" path="res://game/assets/obj_models/objects/37_fireplace.tscn" id="48_b6lkb"]
[ext_resource type="PackedScene" uid="uid://c7im5vfh0kwjg" path="res://game/assets/obj_models/objects/8_table.tscn" id="48_c4stw"]
[ext_resource type="PackedScene" uid="uid://bso2hiu0euagx" path="res://game/assets/obj_models/objects/113_hiddenwall.tscn" id="48_ixw0u"]
[ext_resource type="PackedScene" uid="uid://u5n601tug7v2" path="res://game/assets/obj_models/objects/49_skullpile.tscn" id="48_vfrag"]
[ext_resource type="PackedScene" uid="uid://dfvem0cnwq2xp" path="res://game/assets/obj_models/objects/51_spiderweb.tscn" id="49_ekcx0"]
[ext_resource type="PackedScene" uid="uid://ddxvslgm0nka2" path="res://game/assets/obj_models/objects/43_torch.tscn" id="49_fmyiw"]
[ext_resource type="PackedScene" uid="uid://dydqjaqmjulbu" path="res://game/assets/obj_models/objects/33_celldoor.tscn" id="49_fq7ar"]
[ext_resource type="PackedScene" uid="uid://cpqgc8i4mf13q" path="res://game/assets/obj_models/objects/135_darkchest.tscn" id="49_ijj42"]
[ext_resource type="PackedScene" uid="uid://c40npwbpfe0tm" path="res://game/assets/obj_models/objects/4_bottle.tscn" id="49_u8pdg"]
[ext_resource type="PackedScene" uid="uid://jmbvtt2afgyn" path="res://game/assets/obj_models/objects/44_weaponrack.tscn" id="49_w2bx6"]
[ext_resource type="PackedScene" uid="uid://cbeso1otjx6wx" path="res://game/assets/obj_models/objects/32_cabinet.tscn" id="49_w5mrk"]
[ext_resource type="PackedScene" uid="uid://b0vky6byoqjir" path="res://game/assets/obj_models/objects/31_bed.tscn" id="50_1r16q"]
[ext_resource type="PackedScene" uid="uid://ccb4tgfm5eejy" path="res://game/assets/obj_models/objects/5_sbarrel.tscn" id="50_aj0ly"]
[ext_resource type="PackedScene" uid="uid://b6anugqrrewfd" path="res://game/assets/obj_models/objects/52_skeleton.tscn" id="50_c8a3r"]
[ext_resource type="PackedScene" uid="uid://d3abq2yr0dv02" path="res://game/assets/obj_models/objects/2_lantern.tscn" id="50_dv8nc"]
[ext_resource type="PackedScene" uid="uid://ivu2x1yhxylp" path="res://game/assets/obj_models/objects/91_fancybed.tscn" id="50_g5abu"]
[ext_resource type="PackedScene" uid="uid://c7gu63wsnvxs4" path="res://game/assets/obj_models/objects/48_crate.tscn" id="50_gvvcs"]
[ext_resource type="PackedScene" uid="uid://cqd6577r2ktcn" path="res://game/assets/obj_models/objects/15_chest_closed.tscn" id="50_mteu8"]
[ext_resource type="PackedScene" uid="uid://bmm5mew52lr5r" path="res://game/assets/obj_models/objects/105_footlocker.tscn" id="50_p65mf"]
[ext_resource type="PackedScene" uid="uid://dxganwh7he137" path="res://game/assets/obj_models/objects/82_urn.tscn" id="50_q0ufy"]
[ext_resource type="PackedScene" uid="uid://btp3pv5hps6br" path="res://game/assets/obj_models/objects/7_door.tscn" id="50_tfhh1"]
[ext_resource type="PackedScene" uid="uid://dywhd7oj6r2bp" path="res://game/assets/obj_models/objects/111_lakvanlamp.tscn" id="51_erfot"]
[ext_resource type="PackedScene" uid="uid://dii1ud018ih4m" path="res://game/assets/obj_models/objects/40_roundtable.tscn" id="51_f514u"]
[ext_resource type="PackedScene" uid="uid://c4vakubr576pw" path="res://game/assets/obj_models/objects/39_longtable.tscn" id="51_r5i07"]
[ext_resource type="PackedScene" uid="uid://404ekbi54kyj" path="res://game/assets/obj_models/objects/110_lakvansdoor.tscn" id="51_t5kya"]
[ext_resource type="PackedScene" uid="uid://b4qpvd8g16yp5" path="res://game/assets/obj_models/objects/46_aletap.tscn" id="51_w6v8f"]
[ext_resource type="PackedScene" uid="uid://dfk6cxelvkjxh" path="res://game/assets/obj_models/objects/35_coatarms.tscn" id="51_ycu1u"]

[node name="lakvan" type="Node3D"]

[node name="lakvanMap" parent="." instance=ExtResource("1_okfbh")]

[node name="SHADDoor_4Units" type="Node3D" parent="."]

[node name="229ShaDdoor4Units" parent="SHADDoor_4Units" instance=ExtResource("47_rqsoy")]
transform = Transform3D(1, 0, 0, 0, 1, 0, 0, 0, 1, 56.9912, 15, 16.5469)

[node name="Transporter" type="Node3D" parent="."]

[node name="191Transporter" parent="Transporter" instance=ExtResource("48_1arbi")]
transform = Transform3D(1, 0, 0, 0, 1, 0, 0, 0, -1, 32.5, 14.25, -38.5)

[node name="191Transporter2" parent="Transporter" instance=ExtResource("48_1arbi")]
transform = Transform3D(1, 0, 0, 0, 1, 0, 0, 0, -1, -11.5, 15, 46.5)

[node name="Torch" type="Node3D" parent="."]

[node name="43Torch" parent="Torch" instance=ExtResource("49_fmyiw")]
transform = Transform3D(-0.999694, 0, 0.0247344, 0, 1, 0, -0.0247344, 0, -0.999694, 10.0431, 21.5391, 50.1094)

[node name="43Torch2" parent="Torch" instance=ExtResource("49_fmyiw")]
transform = Transform3D(0.0864711, 0, 0.996254, 0, 1, 0, -0.996254, 0, 0.0864711, 2.88264, 17.5391, 54.0038)

[node name="43Torch3" parent="Torch" instance=ExtResource("49_fmyiw")]
transform = Transform3D(0.0864711, 0, 0.996254, 0, 1, 0, -0.996254, 0, 0.0864711, 2.88264, 17.5391, 50.0038)

[node name="43Torch4" parent="Torch" instance=ExtResource("49_fmyiw")]
transform = Transform3D(0.0864711, 0, 0.996254, 0, 1, 0, -0.996254, 0, 0.0864711, 2.88264, 17.5391, 46.0038)

[node name="43Torch5" parent="Torch" instance=ExtResource("49_fmyiw")]
transform = Transform3D(0.0864711, 0, 0.996254, 0, 1, 0, -0.996254, 0, 0.0864711, 2.88264, 17.5391, 42.0038)

[node name="43Torch6" parent="Torch" instance=ExtResource("49_fmyiw")]
transform = Transform3D(0.0864711, 0, 0.996254, 0, 1, 0, -0.996254, 0, 0.0864711, 2.88264, 17.5391, 38.0038)

[node name="43Torch7" parent="Torch" instance=ExtResource("49_fmyiw")]
transform = Transform3D(0.0864711, 0, 0.996254, 0, 1, 0, -0.996254, 0, 0.0864711, 2.88264, 17.5391, 34.0038)

[node name="43Torch8" parent="Torch" instance=ExtResource("49_fmyiw")]
transform = Transform3D(0.0864711, 0, 0.996254, 0, 1, 0, -0.996254, 0, 0.0864711, 2.88264, 17.5391, 30.0038)

[node name="43Torch9" parent="Torch" instance=ExtResource("49_fmyiw")]
transform = Transform3D(0.0864711, 0, 0.996254, 0, 1, 0, -0.996254, 0, 0.0864711, 2.88264, 17.5391, 26.0038)

[node name="43Torch10" parent="Torch" instance=ExtResource("49_fmyiw")]
transform = Transform3D(-4.37114e-08, 0, -1, 0, 1, 0, 1, 0, -4.37114e-08, -61.9932, 17.5391, 58.0436)

[node name="43Torch11" parent="Torch" instance=ExtResource("49_fmyiw")]
transform = Transform3D(-4.37114e-08, 0, -1, 0, 1, 0, 1, 0, -4.37114e-08, -61.9932, 17.5391, 30.0436)

[node name="43Torch12" parent="Torch" instance=ExtResource("49_fmyiw")]
transform = Transform3D(-4.37114e-08, 0, -1, 0, 1, 0, 1, 0, -4.37114e-08, -61.9932, 17.5391, 34.0436)

[node name="43Torch13" parent="Torch" instance=ExtResource("49_fmyiw")]
transform = Transform3D(-4.37114e-08, 0, -1, 0, 1, 0, 1, 0, -4.37114e-08, -61.9932, 17.5391, 38.0436)

[node name="43Torch14" parent="Torch" instance=ExtResource("49_fmyiw")]
transform = Transform3D(-4.37114e-08, 0, -1, 0, 1, 0, 1, 0, -4.37114e-08, -61.9932, 17.5391, 42.0436)

[node name="43Torch15" parent="Torch" instance=ExtResource("49_fmyiw")]
transform = Transform3D(-4.37114e-08, 0, -1, 0, 1, 0, 1, 0, -4.37114e-08, -61.9932, 17.5391, 50.0436)

[node name="43Torch16" parent="Torch" instance=ExtResource("49_fmyiw")]
transform = Transform3D(-4.37114e-08, 0, -1, 0, 1, 0, 1, 0, -4.37114e-08, -61.9932, 17.5391, 54.0436)

[node name="43Torch17" parent="Torch" instance=ExtResource("49_fmyiw")]
transform = Transform3D(-0.0370969, 0, -0.999312, 0, 1, 0, 0.999312, 0, -0.0370969, -5.8109, 17.7734, 57.9568)

[node name="43Torch18" parent="Torch" instance=ExtResource("49_fmyiw")]
transform = Transform3D(-0.0370969, 0, -0.999312, 0, 1, 0, 0.999312, 0, -0.0370969, -5.8109, 17.7734, 53.9568)

[node name="43Torch19" parent="Torch" instance=ExtResource("49_fmyiw")]
transform = Transform3D(-0.0370969, 0, -0.999312, 0, 1, 0, 0.999312, 0, -0.0370969, -5.8109, 17.7734, 49.9568)

[node name="43Torch20" parent="Torch" instance=ExtResource("49_fmyiw")]
transform = Transform3D(-0.0370969, 0, -0.999312, 0, 1, 0, 0.999312, 0, -0.0370969, -5.8109, 17.7734, 45.9568)

[node name="43Torch21" parent="Torch" instance=ExtResource("49_fmyiw")]
transform = Transform3D(-0.0370969, 0, -0.999312, 0, 1, 0, 0.999312, 0, -0.0370969, -5.8109, 17.7734, 41.9568)

[node name="43Torch22" parent="Torch" instance=ExtResource("49_fmyiw")]
transform = Transform3D(-0.0370969, 0, -0.999312, 0, 1, 0, 0.999312, 0, -0.0370969, -5.8109, 17.7734, 37.9568)

[node name="43Torch23" parent="Torch" instance=ExtResource("49_fmyiw")]
transform = Transform3D(-0.0370969, 0, -0.999312, 0, 1, 0, 0.999312, 0, -0.0370969, -5.8109, 17.7734, 33.9568)

[node name="43Torch24" parent="Torch" instance=ExtResource("49_fmyiw")]
transform = Transform3D(-0.0370969, 0, -0.999312, 0, 1, 0, 0.999312, 0, -0.0370969, -5.8109, 17.7734, 29.9568)

[node name="43Torch25" parent="Torch" instance=ExtResource("49_fmyiw")]
transform = Transform3D(-0.0370969, 0, -0.999312, 0, 1, 0, 0.999312, 0, -0.0370969, -5.8109, 17.7734, 25.9568)

[node name="43Torch26" parent="Torch" instance=ExtResource("49_fmyiw")]
transform = Transform3D(0.0494536, 0, 0.998776, 0, 1, 0, -0.998776, 0, 0.0494536, -41.0344, 17.7344, 8.74623)

[node name="43Torch27" parent="Torch" instance=ExtResource("49_fmyiw")]
transform = Transform3D(-0.160098, 0, -0.987101, 0, 1, 0, 0.987101, 0, -0.160098, -39.9513, 17.7344, 8.41117)

[node name="43Torch28" parent="Torch" instance=ExtResource("49_fmyiw")]
transform = Transform3D(1, 0, 0, 0, 1, 0, 0, 0, 1, -6.01966, 17.7344, 61.9329)

[node name="43Torch29" parent="Torch" instance=ExtResource("49_fmyiw")]
transform = Transform3D(1, 0, 0, 0, 1, 0, 0, 0, 1, -10.0197, 17.7344, 61.9329)

[node name="43Torch30" parent="Torch" instance=ExtResource("49_fmyiw")]
transform = Transform3D(1, 0, 0, 0, 1, 0, 0, 0, 1, -14.0196, 17.7344, 61.9329)

[node name="43Torch31" parent="Torch" instance=ExtResource("49_fmyiw")]
transform = Transform3D(1, 0, 0, 0, 1, 0, 0, 0, 1, -18.0196, 17.7344, 61.9329)

[node name="43Torch32" parent="Torch" instance=ExtResource("49_fmyiw")]
transform = Transform3D(1, 0, 0, 0, 1, 0, 0, 0, 1, -22.0196, 17.7344, 61.9329)

[node name="43Torch33" parent="Torch" instance=ExtResource("49_fmyiw")]
transform = Transform3D(1, 0, 0, 0, 1, 0, 0, 0, 1, -26.0196, 17.7344, 61.9329)

[node name="43Torch34" parent="Torch" instance=ExtResource("49_fmyiw")]
transform = Transform3D(1, 0, 0, 0, 1, 0, 0, 0, 1, -30.0196, 17.7344, 61.9329)

[node name="43Torch35" parent="Torch" instance=ExtResource("49_fmyiw")]
transform = Transform3D(1, 0, 0, 0, 1, 0, 0, 0, 1, -34.0196, 17.7344, 61.9329)

[node name="43Torch36" parent="Torch" instance=ExtResource("49_fmyiw")]
transform = Transform3D(1, 0, 0, 0, 1, 0, 0, 0, 1, -38.0196, 17.7344, 61.9329)

[node name="43Torch37" parent="Torch" instance=ExtResource("49_fmyiw")]
transform = Transform3D(1, 0, 0, 0, 1, 0, 0, 0, 1, -42.0196, 17.7344, 61.9329)

[node name="43Torch38" parent="Torch" instance=ExtResource("49_fmyiw")]
transform = Transform3D(1, 0, 0, 0, 1, 0, 0, 0, 1, -46.0196, 17.7344, 61.9329)

[node name="43Torch39" parent="Torch" instance=ExtResource("49_fmyiw")]
transform = Transform3D(1, 0, 0, 0, 1, 0, 0, 0, 1, -50.0196, 17.7344, 61.9329)

[node name="43Torch40" parent="Torch" instance=ExtResource("49_fmyiw")]
transform = Transform3D(1, 0, 0, 0, 1, 0, 0, 0, 1, -54.0196, 17.7344, 61.9329)

[node name="43Torch41" parent="Torch" instance=ExtResource("49_fmyiw")]
transform = Transform3D(1, 0, 0, 0, 1, 0, 0, 0, 1, -58.0196, 17.7344, 61.9329)

[node name="43Torch42" parent="Torch" instance=ExtResource("49_fmyiw")]
transform = Transform3D(1, 0, 0, 0, 1, 0, 0, 0, 1, -37.9259, 17.6562, 0.971943)

[node name="43Torch43" parent="Torch" instance=ExtResource("49_fmyiw")]
transform = Transform3D(1, 0, 0, 0, 1, 0, 0, 0, 1, -49.9728, 17.7344, 0.932881)

[node name="43Torch44" parent="Torch" instance=ExtResource("49_fmyiw")]
transform = Transform3D(1, 0, 0, 0, 1, 0, 0, 0, 1, -45.9649, 17.6562, 0.815693)

[node name="43Torch45" parent="Torch" instance=ExtResource("49_fmyiw")]
transform = Transform3D(1, 0, 0, 0, 1, 0, 0, 0, 1, 30.1444, 17.5391, 20.8938)

[node name="43Torch46" parent="Torch" instance=ExtResource("49_fmyiw")]
transform = Transform3D(-0.999694, 0, 0.0247344, 0, 1, 0, -0.0247344, 0, -0.999694, 33.9572, 17.5781, 17.0703)

[node name="43Torch47" parent="Torch" instance=ExtResource("49_fmyiw")]
transform = Transform3D(1, 0, 0, 0, 1, 0, 0, 0, 1, 26.1444, 17.5391, 20.8938)

[node name="43Torch48" parent="Torch" instance=ExtResource("49_fmyiw")]
transform = Transform3D(-0.999694, 0, 0.0247344, 0, 1, 0, -0.0247344, 0, -0.999694, 29.9572, 17.5781, 17.0703)

[node name="43Torch49" parent="Torch" instance=ExtResource("49_fmyiw")]
transform = Transform3D(1, 0, 0, 0, 1, 0, 0, 0, 1, 22.0976, 17.5391, 20.9329)

[node name="43Torch50" parent="Torch" instance=ExtResource("49_fmyiw")]
transform = Transform3D(-0.985046, 0, -0.172295, 0, 1, 0, 0.172295, 0, -0.985046, 25.8297, 17.5781, 17.123)

[node name="43Torch51" parent="Torch" instance=ExtResource("49_fmyiw")]
transform = Transform3D(0.208718, 0, 0.977976, 0, 1, 0, -0.977976, 0, 0.208718, 2.94494, 17.7344, -57.9825)

[node name="43Torch52" parent="Torch" instance=ExtResource("49_fmyiw")]
transform = Transform3D(-0.160098, 0, 0.987101, 0, 1, 0, -0.987101, 0, -0.160098, 2.99256, 17.5391, -9.96693)

[node name="43Torch53" parent="Torch" instance=ExtResource("49_fmyiw")]
transform = Transform3D(0.0864711, 0, -0.996254, 0, 1, 0, 0.996254, 0, 0.0864711, -4.98309, 17.7344, -5.96422)

[node name="43Torch54" parent="Torch" instance=ExtResource("49_fmyiw")]
transform = Transform3D(0.0864711, 0, -0.996254, 0, 1, 0, 0.996254, 0, 0.0864711, -4.98309, 17.7344, -10.0189)

[node name="43Torch55" parent="Torch" instance=ExtResource("49_fmyiw")]
transform = Transform3D(0.0864711, 0, 0.996254, 0, 1, 0, -0.996254, 0, 0.0864711, 2.96077, 17.7344, -17.965)

[node name="43Torch56" parent="Torch" instance=ExtResource("49_fmyiw")]
transform = Transform3D(0.0864711, 0, 0.996254, 0, 1, 0, -0.996254, 0, 0.0864711, 2.96077, 17.7344, -21.965)

[node name="43Torch57" parent="Torch" instance=ExtResource("49_fmyiw")]
transform = Transform3D(0.0864711, 0, -0.996254, 0, 1, 0, 0.996254, 0, 0.0864711, -4.98309, 17.7344, -18.0658)

[node name="43Torch58" parent="Torch" instance=ExtResource("49_fmyiw")]
transform = Transform3D(0.0864711, 0, -0.996254, 0, 1, 0, 0.996254, 0, 0.0864711, -4.98309, 17.7344, -22.0658)

[node name="43Torch59" parent="Torch" instance=ExtResource("49_fmyiw")]
transform = Transform3D(-0.0370969, 0, 0.999312, 0, 1, 0, -0.999312, 0, -0.0370969, 2.8986, 17.7344, -34.0118)

[node name="43Torch60" parent="Torch" instance=ExtResource("49_fmyiw")]
transform = Transform3D(0.0864711, 0, 0.996254, 0, 1, 0, -0.996254, 0, 0.0864711, 2.88264, 17.7344, -38.0353)

[node name="43Torch61" parent="Torch" instance=ExtResource("49_fmyiw")]
transform = Transform3D(0.0864711, 0, -0.996254, 0, 1, 0, 0.996254, 0, 0.0864711, -4.90496, 17.7344, -34.0111)

[node name="43Torch62" parent="Torch" instance=ExtResource("49_fmyiw")]
transform = Transform3D(0.0864711, 0, -0.996254, 0, 1, 0, 0.996254, 0, 0.0864711, -4.90496, 17.7344, -37.9955)

[node name="43Torch63" parent="Torch" instance=ExtResource("49_fmyiw")]
transform = Transform3D(-0.0370969, 0, 0.999312, 0, 1, 0, -0.999312, 0, -0.0370969, 2.8986, 17.7344, -45.9415)

[node name="43Torch64" parent="Torch" instance=ExtResource("49_fmyiw")]
transform = Transform3D(-0.0370969, 0, 0.999312, 0, 1, 0, -0.999312, 0, -0.0370969, 2.8986, 17.7344, -49.9415)

[node name="43Torch65" parent="Torch" instance=ExtResource("49_fmyiw")]
transform = Transform3D(-0.0370969, 0, -0.999312, 0, 1, 0, 0.999312, 0, -0.0370969, -4.88902, 17.7344, -45.965)

[node name="43Torch66" parent="Torch" instance=ExtResource("49_fmyiw")]
transform = Transform3D(-0.0370969, 0, -0.999312, 0, 1, 0, 0.999312, 0, -0.0370969, -4.88902, 17.7344, -49.965)

[node name="43Torch67" parent="Torch" instance=ExtResource("49_fmyiw")]
transform = Transform3D(0.0864711, 0, 0.996254, 0, 1, 0, -0.996254, 0, 0.0864711, -6.03142, 17.7344, -57.9806)

[node name="43Torch68" parent="Torch" instance=ExtResource("49_fmyiw")]
transform = Transform3D(1, 0, 0, 0, 1, 0, 0, 0, 1, 53.8163, 17.7344, 20.8157)

[node name="43Torch69" parent="Torch" instance=ExtResource("49_fmyiw")]
transform = Transform3D(1, 0, 0, 0, 1, 0, 0, 0, 1, 18.1288, 17.8906, 20.9329)

[node name="43Torch70" parent="Torch" instance=ExtResource("49_fmyiw")]
transform = Transform3D(-0.912874, 0, -0.408243, 0, 1, 0, 0.408243, 0, -0.912874, 18.0227, 17.8906, 17.0928)

[node name="43Torch71" parent="Torch" instance=ExtResource("49_fmyiw")]
transform = Transform3D(1, 0, 0, 0, 1, 0, 0, 0, 1, -29.8087, 17.6172, -20.1452)

[node name="43Torch72" parent="Torch" instance=ExtResource("49_fmyiw")]
transform = Transform3D(1, 0, 0, 0, 1, 0, 0, 0, 1, -34.0274, 17.6172, -20.1452)

[node name="43Torch73" parent="Torch" instance=ExtResource("49_fmyiw")]
transform = Transform3D(1, 0, 0, 0, 1, 0, 0, 0, 1, -38.0899, 17.6172, -20.1452)

[node name="43Torch74" parent="Torch" instance=ExtResource("49_fmyiw")]
transform = Transform3D(-0.0370969, 0, -0.999312, 0, 1, 0, 0.999312, 0, -0.0370969, -57.9672, 19.6875, 30.3709)

[node name="43Torch75" parent="Torch" instance=ExtResource("49_fmyiw")]
transform = Transform3D(-0.0370969, 0, -0.999312, 0, 1, 0, 0.999312, 0, -0.0370969, -4.96715, 17.7344, -58.0041)

[node name="43Torch76" parent="Torch" instance=ExtResource("49_fmyiw")]
transform = Transform3D(0.0864711, 0, 0.996254, 0, 1, 0, -0.996254, 0, 0.0864711, 2.96077, 17.7344, -30.0196)

[node name="43Torch77" parent="Torch" instance=ExtResource("49_fmyiw")]
transform = Transform3D(0.0864711, 0, -0.996254, 0, 1, 0, 0.996254, 0, 0.0864711, -4.98309, 17.7344, -30.0033)

[node name="43Torch78" parent="Torch" instance=ExtResource("49_fmyiw")]
transform = Transform3D(-0.985046, 0, -0.172295, 0, 1, 0, 0.172295, 0, -0.985046, 18.025, 21.5391, 59.123)

[node name="43Torch79" parent="Torch" instance=ExtResource("49_fmyiw")]
transform = Transform3D(-0.985046, 0, -0.172295, 0, 1, 0, 0.172295, 0, -0.985046, 22.025, 21.5391, 59.123)

[node name="43Torch80" parent="Torch" instance=ExtResource("49_fmyiw")]
transform = Transform3D(-0.985046, 0, -0.172295, 0, 1, 0, 0.172295, 0, -0.985046, 26.025, 21.5391, 59.123)

[node name="43Torch81" parent="Torch" instance=ExtResource("49_fmyiw")]
transform = Transform3D(-0.985046, 0, -0.172295, 0, 1, 0, 0.172295, 0, -0.985046, 30.025, 21.5391, 59.123)

[node name="43Torch82" parent="Torch" instance=ExtResource("49_fmyiw")]
transform = Transform3D(-0.985046, 0, -0.172295, 0, 1, 0, 0.172295, 0, -0.985046, 34.025, 21.5391, 59.123)

[node name="43Torch83" parent="Torch" instance=ExtResource("49_fmyiw")]
transform = Transform3D(-0.985046, 0, -0.172295, 0, 1, 0, 0.172295, 0, -0.985046, 38.025, 21.5391, 59.123)

[node name="43Torch84" parent="Torch" instance=ExtResource("49_fmyiw")]
transform = Transform3D(-0.985046, 0, -0.172295, 0, 1, 0, 0.172295, 0, -0.985046, 57.9782, 21.5391, 59.0449)

[node name="43Torch85" parent="Torch" instance=ExtResource("49_fmyiw")]
transform = Transform3D(-0.985046, 0, -0.172295, 0, 1, 0, 0.172295, 0, -0.985046, 53.9782, 21.5391, 59.0449)

[node name="43Torch86" parent="Torch" instance=ExtResource("49_fmyiw")]
transform = Transform3D(-0.985046, 0, -0.172295, 0, 1, 0, 0.172295, 0, -0.985046, 49.9782, 21.5391, 59.0449)

[node name="43Torch87" parent="Torch" instance=ExtResource("49_fmyiw")]
transform = Transform3D(-0.999694, 0, 0.0247344, 0, 1, 0, -0.0247344, 0, -0.999694, 25.9416, 21.5781, 55.1094)

[node name="43Torch88" parent="Torch" instance=ExtResource("49_fmyiw")]
transform = Transform3D(-0.999694, 0, 0.0247344, 0, 1, 0, -0.0247344, 0, -0.999694, 29.9416, 21.5781, 55.1094)

[node name="43Torch89" parent="Torch" instance=ExtResource("49_fmyiw")]
transform = Transform3D(-0.999694, 0, 0.0247344, 0, 1, 0, -0.0247344, 0, -0.999694, 33.9416, 21.5781, 55.1094)

[node name="43Torch90" parent="Torch" instance=ExtResource("49_fmyiw")]
transform = Transform3D(-0.999694, 0, 0.0247344, 0, 1, 0, -0.0247344, 0, -0.999694, 37.9416, 21.5781, 55.1094)

[node name="43Torch91" parent="Torch" instance=ExtResource("49_fmyiw")]
transform = Transform3D(-0.999694, 0, 0.0247344, 0, 1, 0, -0.0247344, 0, -0.999694, 41.9416, 21.5781, 55.1094)

[node name="43Torch92" parent="Torch" instance=ExtResource("49_fmyiw")]
transform = Transform3D(0.0864711, 0, -0.996254, 0, 1, 0, 0.996254, 0, 0.0864711, 18.0951, 21.5391, 53.9811)

[node name="43Torch93" parent="Torch" instance=ExtResource("49_fmyiw")]
transform = Transform3D(0.0864711, 0, -0.996254, 0, 1, 0, 0.996254, 0, 0.0864711, 18.0951, 21.5391, 49.9811)

[node name="43Torch94" parent="Torch" instance=ExtResource("49_fmyiw")]
transform = Transform3D(1, 0, 0, 0, 1, 0, 0, 0, 1, 14.1132, 21.5391, 48.8938)

[node name="43Torch95" parent="Torch" instance=ExtResource("49_fmyiw")]
transform = Transform3D(1, 0, 0, 0, 1, 0, 0, 0, 1, 6.11315, 21.5391, 48.8938)

[node name="43Torch96" parent="Torch" instance=ExtResource("49_fmyiw")]
transform = Transform3D(-0.998776, 0, -0.0494537, 0, 1, 0, 0.0494537, 0, -0.998776, 14.0193, 21.7344, 40.0998)

[node name="43Torch97" parent="Torch" instance=ExtResource("49_fmyiw")]
transform = Transform3D(-0.998776, 0, -0.0494537, 0, 1, 0, 0.0494537, 0, -0.998776, 10.0193, 21.7344, 40.0998)

[node name="43Torch98" parent="Torch" instance=ExtResource("49_fmyiw")]
transform = Transform3D(-0.998776, 0, -0.0494537, 0, 1, 0, 0.0494537, 0, -0.998776, 6.01935, 21.7344, 40.0998)

[node name="43Torch99" parent="Torch" instance=ExtResource("49_fmyiw")]
transform = Transform3D(1, 0, 0, 0, 1, 0, 0, 0, 1, 10.0976, 21.5391, 38.6985)

[node name="43Torch100" parent="Torch" instance=ExtResource("49_fmyiw")]
transform = Transform3D(-0.985046, 0, -0.172295, 0, 1, 0, 0.172295, 0, -0.985046, 13.8454, 21.5781, 31.084)

[node name="43Torch101" parent="Torch" instance=ExtResource("49_fmyiw")]
transform = Transform3D(-0.985046, 0, -0.172295, 0, 1, 0, 0.172295, 0, -0.985046, 9.84531, 21.5781, 31.084)

[node name="43Torch102" parent="Torch" instance=ExtResource("49_fmyiw")]
transform = Transform3D(1, 0, 0, 0, 1, 0, 0, 0, 1, 13.9569, 21.5, 29.8938)

[node name="43Torch103" parent="Torch" instance=ExtResource("49_fmyiw")]
transform = Transform3D(1, 0, 0, 0, 1, 0, 0, 0, 1, 9.95686, 21.5, 29.8938)

[node name="43Torch104" parent="Torch" instance=ExtResource("49_fmyiw")]
transform = Transform3D(0.0864711, 0, -0.996254, 0, 1, 0, 0.996254, 0, 0.0864711, 4.09504, 21.5781, 38.0358)

[node name="43Torch105" parent="Torch" instance=ExtResource("49_fmyiw")]
transform = Transform3D(0.0864711, 0, -0.996254, 0, 1, 0, 0.996254, 0, 0.0864711, 4.09504, 21.5781, 34.0358)

[node name="43Torch106" parent="Torch" instance=ExtResource("49_fmyiw")]
transform = Transform3D(0.0864711, 0, -0.996254, 0, 1, 0, 0.996254, 0, 0.0864711, 4.09504, 21.5781, 30.0358)

[node name="43Torch107" parent="Torch" instance=ExtResource("49_fmyiw")]
transform = Transform3D(0.0864711, 0, -0.996254, 0, 1, 0, 0.996254, 0, 0.0864711, 4.09504, 21.5781, 26.0358)

[node name="43Torch108" parent="Torch" instance=ExtResource("49_fmyiw")]
transform = Transform3D(-0.985046, 0, -0.172295, 0, 1, 0, 0.172295, 0, -0.985046, 13.9157, 21.6172, 22.1621)

[node name="43Torch109" parent="Torch" instance=ExtResource("49_fmyiw")]
transform = Transform3D(0.0864711, 0, 0.996254, 0, 1, 0, -0.996254, 0, 0.0864711, 20.8826, 21.5, 42.0194)

[node name="43Torch110" parent="Torch" instance=ExtResource("49_fmyiw")]
transform = Transform3D(0.0864711, 0, 0.996254, 0, 1, 0, -0.996254, 0, 0.0864711, 20.8826, 21.5, 38.0194)

[node name="43Torch111" parent="Torch" instance=ExtResource("49_fmyiw")]
transform = Transform3D(0.0864711, 0, 0.996254, 0, 1, 0, -0.996254, 0, 0.0864711, 20.8826, 21.5, 34.0194)

[node name="43Torch112" parent="Torch" instance=ExtResource("49_fmyiw")]
transform = Transform3D(0.0864711, 0, 0.996254, 0, 1, 0, -0.996254, 0, 0.0864711, 20.8826, 21.5, 30.0194)

[node name="43Torch113" parent="Torch" instance=ExtResource("49_fmyiw")]
transform = Transform3D(0.0864711, 0, 0.996254, 0, 1, 0, -0.996254, 0, 0.0864711, 20.8826, 21.5, 26.0194)

[node name="43Torch114" parent="Torch" instance=ExtResource("49_fmyiw")]
transform = Transform3D(1, 0, 0, 0, 1, 0, 0, 0, 1, 22.0741, 21.5, 24.8938)

[node name="43Torch115" parent="Torch" instance=ExtResource("49_fmyiw")]
transform = Transform3D(1, 0, 0, 0, 1, 0, 0, 0, 1, 26.0741, 21.5, 24.8938)

[node name="43Torch116" parent="Torch" instance=ExtResource("49_fmyiw")]
transform = Transform3D(1, 0, 0, 0, 1, 0, 0, 0, 1, 30.0741, 21.5, 24.8938)

[node name="43Torch117" parent="Torch" instance=ExtResource("49_fmyiw")]
transform = Transform3D(1, 0, 0, 0, 1, 0, 0, 0, 1, 38.0741, 21.5, 24.8938)

[node name="43Torch118" parent="Torch" instance=ExtResource("49_fmyiw")]
transform = Transform3D(1, 0, 0, 0, 1, 0, 0, 0, 1, 42.0741, 21.5, 24.8938)

[node name="43Torch119" parent="Torch" instance=ExtResource("49_fmyiw")]
transform = Transform3D(1, 0, 0, 0, 1, 0, 0, 0, 1, 45.8788, 21.6172, 24.8157)

[node name="43Torch120" parent="Torch" instance=ExtResource("49_fmyiw")]
transform = Transform3D(0.0864711, 0, 0.996254, 0, 1, 0, -0.996254, 0, 0.0864711, 62.8826, 21.5781, 33.8476)

[node name="43Torch121" parent="Torch" instance=ExtResource("49_fmyiw")]
transform = Transform3D(1, 0, 0, 0, 1, 0, 0, 0, 1, 58.1366, 21.4609, 36.8157)

[node name="43Torch122" parent="Torch" instance=ExtResource("49_fmyiw")]
transform = Transform3D(0.0864711, 0, -0.996254, 0, 1, 0, 0.996254, 0, 0.0864711, 54.0951, 21.5391, 34.0748)

[node name="43Torch123" parent="Torch" instance=ExtResource("49_fmyiw")]
transform = Transform3D(1, 0, 0, 0, 1, 0, 0, 0, 1, 58.0351, 21.5, 45.9329)

[node name="43Torch124" parent="Torch" instance=ExtResource("49_fmyiw")]
transform = Transform3D(0.208718, 0, 0.977976, 0, 1, 0, -0.977976, 0, 0.208718, 62.8668, 21.5, 41.8457)

[node name="43Torch125" parent="Torch" instance=ExtResource("49_fmyiw")]
transform = Transform3D(-0.985046, 0, -0.172295, 0, 1, 0, 0.172295, 0, -0.985046, 58.0407, 21.5, 38.084)

[node name="43Torch126" parent="Torch" instance=ExtResource("49_fmyiw")]
transform = Transform3D(0.0864711, 0, -0.996254, 0, 1, 0, 0.996254, 0, 0.0864711, 50.0951, 21.5, 25.9811)

[node name="43Torch127" parent="Torch" instance=ExtResource("49_fmyiw")]
transform = Transform3D(0.0864711, 0, -0.996254, 0, 1, 0, 0.996254, 0, 0.0864711, 50.0951, 21.5, 29.9811)

[node name="43Torch128" parent="Torch" instance=ExtResource("49_fmyiw")]
transform = Transform3D(0.0864711, 0, -0.996254, 0, 1, 0, 0.996254, 0, 0.0864711, 50.0951, 21.5, 33.9811)

[node name="43Torch129" parent="Torch" instance=ExtResource("49_fmyiw")]
transform = Transform3D(0.0864711, 0, -0.996254, 0, 1, 0, 0.996254, 0, 0.0864711, 50.0951, 21.5, 37.9811)

[node name="43Torch130" parent="Torch" instance=ExtResource("49_fmyiw")]
transform = Transform3D(0.0864711, 0, -0.996254, 0, 1, 0, 0.996254, 0, 0.0864711, 50.0951, 21.5, 41.9811)

[node name="43Torch131" parent="Torch" instance=ExtResource("49_fmyiw")]
transform = Transform3D(1, 0, 0, 0, 1, 0, 0, 0, 1, 49.9569, 21.5, 45.8938)

[node name="43Torch132" parent="Torch" instance=ExtResource("49_fmyiw")]
transform = Transform3D(1, 0, 0, 0, 1, 0, 0, 0, 1, 45.9569, 21.5, 45.8938)

[node name="43Torch133" parent="Torch" instance=ExtResource("49_fmyiw")]
transform = Transform3D(1, 0, 0, 0, 1, 0, 0, 0, 1, 41.9569, 21.5, 45.8938)

[node name="43Torch134" parent="Torch" instance=ExtResource("49_fmyiw")]
transform = Transform3D(1, 0, 0, 0, 1, 0, 0, 0, 1, 37.9569, 21.5, 45.8938)

[node name="43Torch135" parent="Torch" instance=ExtResource("49_fmyiw")]
transform = Transform3D(1, 0, 0, 0, 1, 0, 0, 0, 1, 33.9569, 21.5, 45.8938)

[node name="43Torch136" parent="Torch" instance=ExtResource("49_fmyiw")]
transform = Transform3D(1, 0, 0, 0, 1, 0, 0, 0, 1, 29.9569, 21.5, 45.8938)

[node name="43Torch137" parent="Torch" instance=ExtResource("49_fmyiw")]
transform = Transform3D(0.737045, 0, -0.675844, 0, 1, 0, 0.675844, 0, 0.737045, 22.0121, 21.5, 53.8057)

[node name="43Torch138" parent="Torch" instance=ExtResource("49_fmyiw")]
transform = Transform3D(1, 0, 0, 0, 1, 0, 0, 0, 1, 25.9804, 21.5, 53.8938)

[node name="43Torch139" parent="Torch" instance=ExtResource("49_fmyiw")]
transform = Transform3D(1, 0, 0, 0, 1, 0, 0, 0, 1, 29.9804, 21.5, 53.8938)

[node name="43Torch140" parent="Torch" instance=ExtResource("49_fmyiw")]
transform = Transform3D(1, 0, 0, 0, 1, 0, 0, 0, 1, 33.9804, 21.5, 53.8938)

[node name="43Torch141" parent="Torch" instance=ExtResource("49_fmyiw")]
transform = Transform3D(1, 0, 0, 0, 1, 0, 0, 0, 1, 37.9804, 21.5, 53.8938)

[node name="43Torch142" parent="Torch" instance=ExtResource("49_fmyiw")]
transform = Transform3D(1, 0, 0, 0, 1, 0, 0, 0, 1, 41.9804, 21.5, 53.8938)

[node name="43Torch143" parent="Torch" instance=ExtResource("49_fmyiw")]
transform = Transform3D(0.0864711, 0, -0.996254, 0, 1, 0, 0.996254, 0, 0.0864711, 22.1341, 21.5391, 49.9811)

[node name="43Torch144" parent="Torch" instance=ExtResource("49_fmyiw")]
transform = Transform3D(1, 0, 0, 0, 1, 0, 0, 0, 1, 45.9804, 21.5, 49.8938)

[node name="43Torch145" parent="Torch" instance=ExtResource("49_fmyiw")]
transform = Transform3D(-0.985046, 0, -0.172295, 0, 1, 0, 0.172295, 0, -0.985046, 57.7985, 21.5, 51.084)

[node name="43Torch146" parent="Torch" instance=ExtResource("49_fmyiw")]
transform = Transform3D(0.0864711, 0, -0.996254, 0, 1, 0, 0.996254, 0, 0.0864711, 55.0951, 21.5, 54.1998)

[node name="43Torch147" parent="Torch" instance=ExtResource("49_fmyiw")]
transform = Transform3D(1, 0, 0, 0, 1, 0, 0, 0, 1, 58.0976, 21.5781, 57.8938)

[node name="43Torch148" parent="Torch" instance=ExtResource("49_fmyiw")]
transform = Transform3D(0.0864711, 0, 0.996254, 0, 1, 0, -0.996254, 0, 0.0864711, 62.8826, 21.5781, 54.0194)

[node name="43Torch149" parent="Torch" instance=ExtResource("49_fmyiw")]
transform = Transform3D(0.0864711, 0, 0.996254, 0, 1, 0, -0.996254, 0, 0.0864711, 53.8826, 21.5781, 53.9257)

[node name="43Torch150" parent="Torch" instance=ExtResource("49_fmyiw")]
transform = Transform3D(1, 0, 0, 0, 1, 0, 0, 0, 1, 50.371, 21.5, 57.5032)

[node name="43Torch151" parent="Torch" instance=ExtResource("49_fmyiw")]
transform = Transform3D(0.0864711, 0, -0.996254, 0, 1, 0, 0.996254, 0, 0.0864711, 46.0951, 21.6172, 53.9811)

[node name="43Torch152" parent="Torch" instance=ExtResource("49_fmyiw")]
transform = Transform3D(1, 0, 0, 0, 1, 0, 0, 0, 1, 42.0819, 17.5781, -14.028)

[node name="43Torch153" parent="Torch" instance=ExtResource("49_fmyiw")]
transform = Transform3D(1, 0, 0, 0, 1, 0, 0, 0, 1, 38.0819, 17.5781, -14.028)

[node name="43Torch154" parent="Torch" instance=ExtResource("49_fmyiw")]
transform = Transform3D(1, 0, 0, 0, 1, 0, 0, 0, 1, 34.0819, 17.5781, -14.028)

[node name="43Torch155" parent="Torch" instance=ExtResource("49_fmyiw")]
transform = Transform3D(1, 0, 0, 0, 1, 0, 0, 0, 1, 30.0819, 17.5781, -14.028)

[node name="43Torch156" parent="Torch" instance=ExtResource("49_fmyiw")]
transform = Transform3D(1, 0, 0, 0, 1, 0, 0, 0, 1, 26.0819, 17.5781, -14.028)

[node name="43Torch157" parent="Torch" instance=ExtResource("49_fmyiw")]
transform = Transform3D(1, 0, 0, 0, 1, 0, 0, 0, 1, 22.0819, 17.5781, -14.028)

[node name="43Torch158" parent="Torch" instance=ExtResource("49_fmyiw")]
transform = Transform3D(0.0864711, 0, 0.996254, 0, 1, 0, -0.996254, 0, 0.0864711, 62.8045, 17.5781, -38.0353)

[node name="43Torch159" parent="Torch" instance=ExtResource("49_fmyiw")]
transform = Transform3D(0.0864711, 0, 0.996254, 0, 1, 0, -0.996254, 0, 0.0864711, 62.8045, 17.5781, -34.0353)

[node name="43Torch160" parent="Torch" instance=ExtResource("49_fmyiw")]
transform = Transform3D(0.0864711, 0, 0.996254, 0, 1, 0, -0.996254, 0, 0.0864711, 62.8045, 17.5781, -30.0353)

[node name="43Torch161" parent="Torch" instance=ExtResource("49_fmyiw")]
transform = Transform3D(0.0864711, 0, 0.996254, 0, 1, 0, -0.996254, 0, 0.0864711, 62.8045, 17.5781, -26.0353)

[node name="43Torch162" parent="Torch" instance=ExtResource("49_fmyiw")]
transform = Transform3D(0.0864711, 0, 0.996254, 0, 1, 0, -0.996254, 0, 0.0864711, 62.8045, 17.5781, -22.0353)

[node name="43Torch163" parent="Torch" instance=ExtResource("49_fmyiw")]
transform = Transform3D(0.0864711, 0, 0.996254, 0, 1, 0, -0.996254, 0, 0.0864711, 62.8045, 17.5781, -18.0353)

[node name="43Torch164" parent="Torch" instance=ExtResource("49_fmyiw")]
transform = Transform3D(0.0864711, 0, 0.996254, 0, 1, 0, -0.996254, 0, 0.0864711, 62.8045, 17.5781, -14.0353)

[node name="43Torch165" parent="Torch" instance=ExtResource("49_fmyiw")]
transform = Transform3D(0.0864711, 0, 0.996254, 0, 1, 0, -0.996254, 0, 0.0864711, 62.8045, 17.5781, -10.0353)

[node name="43Torch166" parent="Torch" instance=ExtResource("49_fmyiw")]
transform = Transform3D(0.0864711, 0, 0.996254, 0, 1, 0, -0.996254, 0, 0.0864711, 62.8045, 17.5781, -6.03523)

[node name="43Torch167" parent="Torch" instance=ExtResource("49_fmyiw")]
transform = Transform3D(0.0864711, 0, 0.996254, 0, 1, 0, -0.996254, 0, 0.0864711, 62.8045, 17.5781, -2.03523)

[node name="43Torch168" parent="Torch" instance=ExtResource("49_fmyiw")]
transform = Transform3D(0.0864711, 0, 0.996254, 0, 1, 0, -0.996254, 0, 0.0864711, 62.8826, 17.5781, 1.98039)

[node name="43Torch169" parent="Torch" instance=ExtResource("49_fmyiw")]
transform = Transform3D(0.0864711, 0, 0.996254, 0, 1, 0, -0.996254, 0, 0.0864711, 62.8826, 17.5781, 5.98039)

[node name="43Torch170" parent="Torch" instance=ExtResource("49_fmyiw")]
transform = Transform3D(0.0864711, 0, 0.996254, 0, 1, 0, -0.996254, 0, 0.0864711, 62.8826, 17.5781, 9.98039)

[node name="43Torch171" parent="Torch" instance=ExtResource("49_fmyiw")]
transform = Transform3D(0.0864711, 0, 0.996254, 0, 1, 0, -0.996254, 0, 0.0864711, 62.8826, 17.5781, 13.9804)

[node name="43Torch172" parent="Torch" instance=ExtResource("49_fmyiw")]
transform = Transform3D(0.0864711, 0, -0.996254, 0, 1, 0, 0.996254, 0, 0.0864711, 57.0951, 17.5391, 9.98112)

[node name="43Torch173" parent="Torch" instance=ExtResource("49_fmyiw")]
transform = Transform3D(0.0864711, 0, -0.996254, 0, 1, 0, 0.996254, 0, 0.0864711, 57.0951, 17.5391, 5.9811)

[node name="43Torch174" parent="Torch" instance=ExtResource("49_fmyiw")]
transform = Transform3D(0.0864711, 0, -0.996254, 0, 1, 0, 0.996254, 0, 0.0864711, 57.0951, 17.5391, 1.9811)

[node name="43Torch175" parent="Torch" instance=ExtResource("49_fmyiw")]
transform = Transform3D(-0.985046, 0, -0.172295, 0, 1, 0, 0.172295, 0, -0.985046, 54.0172, 17.5391, 1.084)

[node name="43Torch176" parent="Torch" instance=ExtResource("49_fmyiw")]
transform = Transform3D(1, 0, 0, 0, 1, 0, 0, 0, 1, 57.9335, 17.5781, -0.106182)

[node name="43Torch177" parent="Torch" instance=ExtResource("49_fmyiw")]
transform = Transform3D(1, 0, 0, 0, 1, 0, 0, 0, 1, 53.9335, 17.5781, -0.106182)

[node name="43Torch178" parent="Torch" instance=ExtResource("49_fmyiw")]
transform = Transform3D(1, 0, 0, 0, 1, 0, 0, 0, 1, 45.9335, 17.5781, -0.106182)

[node name="43Torch179" parent="Torch" instance=ExtResource("49_fmyiw")]
transform = Transform3D(1, 0, 0, 0, 1, 0, 0, 0, 1, 41.9335, 17.5781, -0.106182)

[node name="43Torch180" parent="Torch" instance=ExtResource("49_fmyiw")]
transform = Transform3D(1, 0, 0, 0, 1, 0, 0, 0, 1, 37.9335, 17.5781, -0.106182)

[node name="43Torch181" parent="Torch" instance=ExtResource("49_fmyiw")]
transform = Transform3D(1, 0, 0, 0, 1, 0, 0, 0, 1, 33.9335, 17.5781, -0.106182)

[node name="43Torch182" parent="Torch" instance=ExtResource("49_fmyiw")]
transform = Transform3D(1, 0, 0, 0, 1, 0, 0, 0, 1, 29.9335, 17.5781, -0.106182)

[node name="43Torch183" parent="Torch" instance=ExtResource("49_fmyiw")]
transform = Transform3D(1, 0, 0, 0, 1, 0, 0, 0, 1, 25.9335, 17.5781, -0.106182)

[node name="43Torch184" parent="Torch" instance=ExtResource("49_fmyiw")]
transform = Transform3D(1, 0, 0, 0, 1, 0, 0, 0, 1, 45.996, 17.6172, -60.1062)

[node name="43Torch185" parent="Torch" instance=ExtResource("49_fmyiw")]
transform = Transform3D(1, 0, 0, 0, 1, 0, 0, 0, 1, 41.996, 17.6172, -60.1062)

[node name="43Torch186" parent="Torch" instance=ExtResource("49_fmyiw")]
transform = Transform3D(1, 0, 0, 0, 1, 0, 0, 0, 1, 37.996, 17.6172, -60.1062)

[node name="43Torch187" parent="Torch" instance=ExtResource("49_fmyiw")]
transform = Transform3D(1, 0, 0, 0, 1, 0, 0, 0, 1, 33.996, 17.6172, -60.1062)

[node name="43Torch188" parent="Torch" instance=ExtResource("49_fmyiw")]
transform = Transform3D(1, 0, 0, 0, 1, 0, 0, 0, 1, 29.996, 17.6172, -60.1062)

[node name="43Torch189" parent="Torch" instance=ExtResource("49_fmyiw")]
transform = Transform3D(1, 0, 0, 0, 1, 0, 0, 0, 1, 25.996, 17.6172, -60.1062)

[node name="43Torch190" parent="Torch" instance=ExtResource("49_fmyiw")]
transform = Transform3D(1, 0, 0, 0, 1, 0, 0, 0, 1, 21.996, 17.6172, -60.1062)

[node name="43Torch191" parent="Torch" instance=ExtResource("49_fmyiw")]
transform = Transform3D(0.327776, 0, 0.944755, 0, 1, 0, -0.944755, 0, 0.327776, 17.9295, 17.6172, -57.9629)

[node name="43Torch192" parent="Torch" instance=ExtResource("49_fmyiw")]
transform = Transform3D(0.0864711, 0, -0.996254, 0, 1, 0, 0.996254, 0, 0.0864711, 14.0169, 17.6172, -57.9799)

[node name="43Torch193" parent="Torch" instance=ExtResource("49_fmyiw")]
transform = Transform3D(0.0864711, 0, -0.996254, 0, 1, 0, 0.996254, 0, 0.0864711, 14.0169, 17.6172, -53.9799)

[node name="43Torch194" parent="Torch" instance=ExtResource("49_fmyiw")]
transform = Transform3D(0.327776, 0, 0.944755, 0, 1, 0, -0.944755, 0, 0.327776, 17.9295, 17.6172, -53.9629)

[node name="43Torch195" parent="Torch" instance=ExtResource("49_fmyiw")]
transform = Transform3D(0.327776, 0, 0.944755, 0, 1, 0, -0.944755, 0, 0.327776, 17.9295, 17.6172, -49.9629)

[node name="43Torch196" parent="Torch" instance=ExtResource("49_fmyiw")]
transform = Transform3D(0.0864711, 0, -0.996254, 0, 1, 0, 0.996254, 0, 0.0864711, 14.0169, 17.6172, -49.9799)

[node name="43Torch197" parent="Torch" instance=ExtResource("49_fmyiw")]
transform = Transform3D(0.0864711, 0, -0.996254, 0, 1, 0, 0.996254, 0, 0.0864711, 14.0169, 17.6172, -45.9799)

[node name="43Torch198" parent="Torch" instance=ExtResource("49_fmyiw")]
transform = Transform3D(0.327776, 0, 0.944755, 0, 1, 0, -0.944755, 0, 0.327776, 17.9295, 17.6172, -45.9629)

[node name="43Torch199" parent="Torch" instance=ExtResource("49_fmyiw")]
transform = Transform3D(0.327776, 0, 0.944755, 0, 1, 0, -0.944755, 0, 0.327776, 17.9295, 17.6172, -41.9629)

[node name="43Torch200" parent="Torch" instance=ExtResource("49_fmyiw")]
transform = Transform3D(0.0864711, 0, -0.996254, 0, 1, 0, 0.996254, 0, 0.0864711, 14.0169, 17.6172, -41.9799)

[node name="43Torch201" parent="Torch" instance=ExtResource("49_fmyiw")]
transform = Transform3D(0.0864711, 0, -0.996254, 0, 1, 0, 0.996254, 0, 0.0864711, 14.0169, 17.6172, -37.9799)

[node name="43Torch202" parent="Torch" instance=ExtResource("49_fmyiw")]
