[gd_scene load_steps=24 format=3 uid="uid://c0jbtkmlfft3p"]

[ext_resource type="Script" path="res://game/components/levelchange_activator/levelchange_activator.gd" id="2_b5m4r"]
[ext_resource type="PackedScene" uid="uid://bm427v8vm2qw0" path="res://game/assets/maps_with_npcs/lakvan/map.gltf" id="2_cm5cg"]
[ext_resource type="PackedScene" uid="uid://dwkbxu4jivebt" path="res://game/levels/lakvan/lakvanStatic.tscn" id="2_wthbg"]
[ext_resource type="PackedScene" uid="uid://uh1porxrhyvj" path="res://game/tools/object_position_marker.tscn" id="3_dngu3"]
[ext_resource type="Environment" uid="uid://dhku8dhhyvp0u" path="res://game/assets/world_environments/interior.tres" id="3_j48ty"]
[ext_resource type="PackedScene" uid="uid://dddrothxl62m" path="res://game/tools/character_position_marker.tscn" id="3_u7ulh"]
[ext_resource type="PackedScene" uid="uid://bgab5x7n0m4so" path="res://game/actors/characters/generated_characters/219_monsters__clerk_skye/219_monsters__clerk_skye.tscn" id="6_v1785"]
[ext_resource type="PackedScene" uid="uid://djq6yp0024fl7" path="res://game/actors/characters/generated_characters/106_monsters__bandit_swordsman/106_monsters__bandit_swordsman.tscn" id="7_m8ug8"]
[ext_resource type="PackedScene" uid="uid://c4sb3jhdykfep" path="res://game/actors/characters/generated_characters/114_monsters__deadeye/114_monsters__deadeye.tscn" id="9_1eyq4"]
[ext_resource type="PackedScene" uid="uid://riy7xne4616l" path="res://game/actors/characters/generated_characters/114_lakvan__deadeye/114_lakvan__deadeye.tscn" id="10_bqd4n"]
[ext_resource type="PackedScene" uid="uid://cidr0cwge6e3e" path="res://game/actors/characters/generated_characters/118_lakvan__highwaymage/118_lakvan__highwaymage.tscn" id="11_x75j5"]
[ext_resource type="PackedScene" uid="uid://bcxw7trc3lkv8" path="res://game/actors/characters/generated_characters/118_monsters__highwaymage/118_monsters__highwaymage.tscn" id="12_bn64u"]
[ext_resource type="PackedScene" uid="uid://bq14w7sp5vbfw" path="res://game/actors/characters/generated_characters/107_monsters__bandit_thug/107_monsters__bandit_thug.tscn" id="13_hmv8q"]
[ext_resource type="PackedScene" uid="uid://wfv8ft8vjtrf" path="res://game/actors/characters/generated_characters/179_lakvan__highwaymage_cskye/179_lakvan__highwaymage_cskye.tscn" id="14_cwibv"]
[ext_resource type="PackedScene" uid="uid://dpgffxu3463nf" path="res://game/actors/characters/generated_characters/106_monsters__highwayman/106_monsters__highwayman.tscn" id="15_407co"]
[ext_resource type="PackedScene" uid="uid://b5redc0wa3i30" path="res://game/actors/characters/generated_characters/178_lakvan__bandit_thug_cskye/178_lakvan__bandit_thug_cskye.tscn" id="16_8o0gg"]
[ext_resource type="PackedScene" uid="uid://rd3tw5tv84un" path="res://game/actors/characters/generated_characters/175_lakvan__pergan_asuul/175_lakvan__pergan_asuul.tscn" id="17_8yv6j"]
[ext_resource type="PackedScene" uid="uid://b5i6bqh0nmxq4" path="res://game/actors/characters/generated_characters/3203_monsters__mountain_wight/3203_monsters__mountain_wight.tscn" id="18_jp6y0"]
[ext_resource type="PackedScene" uid="uid://bxyjqe8tnnxng" path="res://game/actors/characters/generated_characters/200_monsters__horrid_wormmouth/200_monsters__horrid_wormmouth.tscn" id="19_vr13c"]
[ext_resource type="PackedScene" uid="uid://d068hrodv6q58" path="res://game/actors/characters/generated_characters/132_monsters__spider_guardian/132_monsters__spider_guardian.tscn" id="20_qkxss"]
[ext_resource type="PackedScene" uid="uid://dm5viuvbymgdq" path="res://game/actors/characters/generated_characters/4109_monsters__lakvan/4109_monsters__lakvan.tscn" id="21_glgfr"]

[sub_resource type="BoxMesh" id="BoxMesh_i3mve"]
size = Vector3(0.1, 0.1, 0.1)

[sub_resource type="BoxShape3D" id="BoxShape3D_y5d7w"]
size = Vector3(3, 5, 1)

[node name="lakvan" type="Node3D"]

[node name="StaticTerrain" type="Node3D" parent="." groups=["static_terrain"]]

[node name="lakvan" parent="StaticTerrain" instance=ExtResource("2_wthbg")]
transform = Transform3D(1, 0, 0, 0, 1, 0, 0, 0, 1, 0, -20.624, 0.5)

[node name="npc_placement" type="Node3D" parent="StaticTerrain"]
visible = false

[node name="map" parent="StaticTerrain/npc_placement" instance=ExtResource("2_cm5cg")]
transform = Transform3D(1, 0, 0, 0, 1, 0, 0, 0, 1, 0, -1, 0)

[node name="actors" type="Node3D" parent="."]

[node name="named_characters" type="Node3D" parent="actors"]

[node name="opponents" type="Node3D" parent="actors"]

[node name="219_placeholder2" parent="actors/opponents" instance=ExtResource("6_v1785")]
transform = Transform3D(0.160098, 0, -0.987101, 0, 1, 0, 0.987101, 0, 0.160098, -38.1828, -5.3, 15)

[node name="106_placeholder17" parent="actors/opponents" instance=ExtResource("7_m8ug8")]
transform = Transform3D(-1, 0, -8.74228e-08, 0, 1, 0, 8.74228e-08, 0, -1, -53.3, -5.55, -11)

[node name="106_placeholder18" parent="actors/opponents" instance=ExtResource("7_m8ug8")]
transform = Transform3D(-1, 0, -8.74228e-08, 0, 1, 0, 8.74228e-08, 0, -1, -35.3, -5.3, -35)

[node name="106_placeholder19" parent="actors/opponents" instance=ExtResource("7_m8ug8")]
transform = Transform3D(-1, 0, -8.74228e-08, 0, 1, 0, 8.74228e-08, 0, -1, -39.3, -5.3, -31)

[node name="106_placeholder20" parent="actors/opponents" instance=ExtResource("7_m8ug8")]
transform = Transform3D(-1, 0, -8.74228e-08, 0, 1, 0, 8.74228e-08, 0, -1, -32.3, -5.3, -29)

[node name="106_placeholder21" parent="actors/opponents" instance=ExtResource("7_m8ug8")]
transform = Transform3D(-0.998776, 0, -0.0494537, 0, 1, 0, 0.0494537, 0, -0.998776, 7.7, -5.3, -19)

[node name="106_placeholder22" parent="actors/opponents" instance=ExtResource("7_m8ug8")]
transform = Transform3D(-1, 0, -8.74228e-08, 0, 1, 0, 8.74228e-08, 0, -1, 7.7, -5.3, -50)

[node name="106_placeholder23" parent="actors/opponents" instance=ExtResource("7_m8ug8")]
transform = Transform3D(-1, 0, -8.74228e-08, 0, 1, 0, 8.74228e-08, 0, -1, 7.7, -5.3, -58)

[node name="106_placeholder24" parent="actors/opponents" instance=ExtResource("7_m8ug8")]
transform = Transform3D(-1, 0, -8.74228e-08, 0, 1, 0, 8.74228e-08, 0, -1, 24.7, -1.3, 40)

[node name="114_placeholder24" parent="actors/opponents" instance=ExtResource("9_1eyq4")]
transform = Transform3D(-1, 0, -8.74228e-08, 0, 1, 0, 8.74228e-08, 0, -1, 12.7, -1.3, 42)

[node name="114_placeholder25" parent="actors/opponents" instance=ExtResource("9_1eyq4")]
transform = Transform3D(-0.998776, 0, -0.0494537, 0, 1, 0, 0.0494537, 0, -0.998776, -26.3, -5.3, 29)

[node name="114_placeholder26" parent="actors/opponents" instance=ExtResource("9_1eyq4")]
transform = Transform3D(-1, 0, -8.74228e-08, 0, 1, 0, 8.74228e-08, 0, -1, -42.3, -5.3, 13)

[node name="114_placeholder27" parent="actors/opponents" instance=ExtResource("9_1eyq4")]
transform = Transform3D(-0.208718, 0, -0.977976, 0, 1, 0, 0.977976, 0, -0.208718, -58.9562, -5.3, -23.3438)

[node name="114_placeholder28" parent="actors/opponents" instance=ExtResource("10_bqd4n")]
transform = Transform3D(0.0370971, 0, -0.999312, 0, 1, 0, 0.999312, 0, 0.0370971, -12.425, -5.3, -26)

[node name="114_placeholder29" parent="actors/opponents" instance=ExtResource("10_bqd4n")]
transform = Transform3D(0.0370971, 0, -0.999312, 0, 1, 0, 0.999312, 0, 0.0370971, -12.425, -5.3, -55)

[node name="114_placeholder30" parent="actors/opponents" instance=ExtResource("10_bqd4n")]
transform = Transform3D(0.0370971, 0, -0.999312, 0, 1, 0, 0.999312, 0, 0.0370971, -12.425, -5.3, -53)

[node name="114_placeholder31" parent="actors/opponents" instance=ExtResource("10_bqd4n")]
transform = Transform3D(0.0370971, 0, -0.999312, 0, 1, 0, 0.999312, 0, 0.0370971, -12.3, -5.3, -28)

[node name="114_placeholder32" parent="actors/opponents" instance=ExtResource("10_bqd4n")]
transform = Transform3D(0.061803, 0, -0.998088, 0, 1, 0, 0.998088, 0, 0.061803, -12.425, -5.3, -16)

[node name="114_placeholder33" parent="actors/opponents" instance=ExtResource("10_bqd4n")]
transform = Transform3D(0.061803, 0, -0.998088, 0, 1, 0, 0.998088, 0, 0.061803, -12.3, -5.3, -14)

[node name="114_placeholder34" parent="actors/opponents" instance=ExtResource("10_bqd4n")]
transform = Transform3D(-0.208718, 0, 0.977976, 0, 1, 0, -0.977976, 0, -0.208718, 10.7, -5.3, -14)

[node name="114_placeholder35" parent="actors/opponents" instance=ExtResource("10_bqd4n")]
transform = Transform3D(-0.208718, 0, 0.977976, 0, 1, 0, -0.977976, 0, -0.208718, 10.7, -5.3, -16)

[node name="114_placeholder36" parent="actors/opponents" instance=ExtResource("10_bqd4n")]
transform = Transform3D(-0.208718, 0, 0.977976, 0, 1, 0, -0.977976, 0, -0.208718, 10.7, -5.3, -26)

[node name="114_placeholder37" parent="actors/opponents" instance=ExtResource("10_bqd4n")]
transform = Transform3D(-0.208718, 0, 0.977976, 0, 1, 0, -0.977976, 0, -0.208718, 10.7, -5.3, -28)

[node name="114_placeholder38" parent="actors/opponents" instance=ExtResource("10_bqd4n")]
transform = Transform3D(-0.208718, 0, 0.977976, 0, 1, 0, -0.977976, 0, -0.208718, 10.7, -5.3, -41)

[node name="114_placeholder39" parent="actors/opponents" instance=ExtResource("10_bqd4n")]
transform = Transform3D(-0.208718, 0, 0.977976, 0, 1, 0, -0.977976, 0, -0.208718, 10.7, -5.3, -43)

[node name="114_placeholder40" parent="actors/opponents" instance=ExtResource("10_bqd4n")]
transform = Transform3D(-0.208718, 0, 0.977976, 0, 1, 0, -0.977976, 0, -0.208718, 10.6219, -5.3, -53)

[node name="114_placeholder41" parent="actors/opponents" instance=ExtResource("10_bqd4n")]
transform = Transform3D(-0.208718, 0, 0.977976, 0, 1, 0, -0.977976, 0, -0.208718, 10.7, -5.3, -55)

[node name="118_placeholder7" parent="actors/opponents" instance=ExtResource("11_x75j5")]
transform = Transform3D(-0.232844, 0, 0.972514, 0, 1, 0, -0.972514, 0, -0.232844, 47.45, -1.3, 34)

[node name="114_placeholder42" parent="actors/opponents" instance=ExtResource("9_1eyq4")]
transform = Transform3D(-0.999694, 0, -0.0247344, 0, 1, 0, 0.0247344, 0, -0.999694, 45.7, -1.3, 41)

[node name="114_placeholder43" parent="actors/opponents" instance=ExtResource("9_1eyq4")]
transform = Transform3D(-1, 0, -8.74228e-08, 0, 1, 0, 8.74228e-08, 0, -1, 40.7, -6.05, -48)

[node name="114_placeholder44" parent="actors/opponents" instance=ExtResource("9_1eyq4")]
transform = Transform3D(-1, 0, -8.74228e-08, 0, 1, 0, 8.74228e-08, 0, -1, 40.7, -6.05, -32)

[node name="118_placeholder8" parent="actors/opponents" instance=ExtResource("12_bn64u")]
transform = Transform3D(-0.999694, 0, -0.0247344, 0, 1, 0, 0.0247344, 0, -0.999694, 6.7, -1.3, 43)

[node name="118_placeholder9" parent="actors/opponents" instance=ExtResource("12_bn64u")]
transform = Transform3D(-0.998776, 0, -0.0494537, 0, 1, 0, 0.0494537, 0, -0.998776, -14.3, -5.3, 27)

[node name="118_placeholder10" parent="actors/opponents" instance=ExtResource("12_bn64u")]
transform = Transform3D(-1, 0, -8.74228e-08, 0, 1, 0, 8.74228e-08, 0, -1, -59.3, -5.55, -17)

[node name="107_placeholder34" parent="actors/opponents" instance=ExtResource("13_hmv8q")]
transform = Transform3D(-1, 0, -8.74228e-08, 0, 1, 0, 8.74228e-08, 0, -1, -53.3, -5.3, 4)

[node name="107_placeholder35" parent="actors/opponents" instance=ExtResource("13_hmv8q")]
transform = Transform3D(-1, 0, -8.74228e-08, 0, 1, 0, 8.74228e-08, 0, -1, -55.3, -5.3, 7)

[node name="107_placeholder36" parent="actors/opponents" instance=ExtResource("13_hmv8q")]
transform = Transform3D(-1, 0, -8.74228e-08, 0, 1, 0, 8.74228e-08, 0, -1, -58.3, -5.3, 8)

[node name="107_placeholder37" parent="actors/opponents" instance=ExtResource("13_hmv8q")]
transform = Transform3D(-1, 0, -8.74228e-08, 0, 1, 0, 8.74228e-08, 0, -1, -52.3, -5.3, 10)

[node name="118_placeholder11" parent="actors/opponents" instance=ExtResource("12_bn64u")]
transform = Transform3D(0.999694, 0, 0.0247345, 0, 1, 0, -0.0247345, 0, 0.999694, -1.3, -4.8, -5)

[node name="179_placeholder2" parent="actors/opponents" instance=ExtResource("14_cwibv")]
transform = Transform3D(-0.999694, 0, -0.0247344, 0, 1, 0, 0.0247344, 0, -0.999694, -36.3, -5.3, 11)

[node name="106_placeholder25" parent="actors/opponents" instance=ExtResource("15_407co")]
transform = Transform3D(-1, 0, -8.74228e-08, 0, 1, 0, 8.74228e-08, 0, -1, -28.3, -5.3, -54)

[node name="106_placeholder26" parent="actors/opponents" instance=ExtResource("15_407co")]
transform = Transform3D(-1, 0, -8.74228e-08, 0, 1, 0, 8.74228e-08, 0, -1, 42.7, -6.05, -35)

[node name="106_placeholder27" parent="actors/opponents" instance=ExtResource("15_407co")]
transform = Transform3D(-1, 0, -8.74228e-08, 0, 1, 0, 8.74228e-08, 0, -1, 42.7, -6.05, -45)

[node name="107_placeholder38" parent="actors/opponents" instance=ExtResource("13_hmv8q")]
transform = Transform3D(-1, 0, -8.74228e-08, 0, 1, 0, 8.74228e-08, 0, -1, -13.3, -5.3, -23)

[node name="107_placeholder39" parent="actors/opponents" instance=ExtResource("13_hmv8q")]
transform = Transform3D(-1, 0, -8.74228e-08, 0, 1, 0, 8.74228e-08, 0, -1, -9.3, -5.3, -23)

[node name="107_placeholder40" parent="actors/opponents" instance=ExtResource("13_hmv8q")]
transform = Transform3D(-0.999694, 0, -0.0247344, 0, 1, 0, 0.0247344, 0, -0.999694, -10.3, -5.3, -20)

[node name="107_placeholder41" parent="actors/opponents" instance=ExtResource("13_hmv8q")]
transform = Transform3D(-0.999694, 0, -0.0247344, 0, 1, 0, 0.0247344, 0, -0.999694, -10.3, -5.3, -18)

[node name="107_placeholder42" parent="actors/opponents" instance=ExtResource("13_hmv8q")]
transform = Transform3D(-1, 0, -8.74228e-08, 0, 1, 0, 8.74228e-08, 0, -1, 10.7, -5.3, -11)

[node name="107_placeholder43" parent="actors/opponents" instance=ExtResource("13_hmv8q")]
transform = Transform3D(-0.999694, 0, -0.0247344, 0, 1, 0, 0.0247344, 0, -0.999694, 6.7, -5.3, -11)

[node name="107_placeholder44" parent="actors/opponents" instance=ExtResource("13_hmv8q")]
transform = Transform3D(0.998776, 0, -0.0494539, 0, 1, 0, 0.0494539, 0, 0.998776, -3.3, -5.3, -7)

[node name="107_placeholder45" parent="actors/opponents" instance=ExtResource("13_hmv8q")]
transform = Transform3D(1, 0, 1.74846e-07, 0, 1, 0, -1.74846e-07, 0, 1, -0.909375, -5.3, -8)

[node name="107_placeholder46" parent="actors/opponents" instance=ExtResource("13_hmv8q")]
transform = Transform3D(0.948737, 0, 0.316066, 0, 1, 0, -0.316066, 0, 0.948737, 0.7, -5.3, -7)

[node name="107_placeholder47" parent="actors/opponents" instance=ExtResource("13_hmv8q")]
transform = Transform3D(-1, 0, -8.74228e-08, 0, 1, 0, 8.74228e-08, 0, -1, 8.7, -5.3, -24)

[node name="107_placeholder48" parent="actors/opponents" instance=ExtResource("13_hmv8q")]
transform = Transform3D(-1, 0, -8.74228e-08, 0, 1, 0, 8.74228e-08, 0, -1, 10.7, -5.3, -22)

[node name="178_placeholder4" parent="actors/opponents" instance=ExtResource("16_8o0gg")]
transform = Transform3D(-0.999694, 0, -0.0247344, 0, 1, 0, 0.0247344, 0, -0.999694, -32.3, -5.3, 8)

[node name="178_placeholder5" parent="actors/opponents" instance=ExtResource("16_8o0gg")]
transform = Transform3D(-1, 0, -8.74228e-08, 0, 1, 0, 8.74228e-08, 0, -1, -38.3, -5.3, 7)

[node name="178_placeholder6" parent="actors/opponents" instance=ExtResource("16_8o0gg")]
transform = Transform3D(-1, 0, -8.74228e-08, 0, 1, 0, 8.74228e-08, 0, -1, -32.3, -5.3, 4)

[node name="107_placeholder49" parent="actors/opponents" instance=ExtResource("13_hmv8q")]
transform = Transform3D(-0.999694, 0, -0.0247344, 0, 1, 0, 0.0247344, 0, -0.999694, 38.7, -1.3, 41)

[node name="107_placeholder50" parent="actors/opponents" instance=ExtResource("13_hmv8q")]
transform = Transform3D(-1, 0, -8.74228e-08, 0, 1, 0, 8.74228e-08, 0, -1, 47.7, -1.3, 29)

[node name="107_placeholder51" parent="actors/opponents" instance=ExtResource("13_hmv8q")]
transform = Transform3D(-1, 0, -8.74228e-08, 0, 1, 0, 8.74228e-08, 0, -1, 29.7, -1.3, 28)

[node name="107_placeholder52" parent="actors/opponents" instance=ExtResource("13_hmv8q")]
transform = Transform3D(-1, 0, -8.74228e-08, 0, 1, 0, 8.74228e-08, 0, -1, 24.7, -1.3, 28)

[node name="175_placeholder2" parent="actors/opponents" instance=ExtResource("17_8yv6j")]
transform = Transform3D(0.184465, 0, -0.982839, 0, 1, 0, 0.982839, 0, 0.184465, -48.3, -5.3, 47)

[node name="107_placeholder53" parent="actors/opponents" instance=ExtResource("13_hmv8q")]
transform = Transform3D(-1, 0, -8.74228e-08, 0, 1, 0, 8.74228e-08, 0, -1, 10.7, -5.3, -46)

[node name="107_placeholder54" parent="actors/opponents" instance=ExtResource("13_hmv8q")]
transform = Transform3D(-1, 0, -8.74228e-08, 0, 1, 0, 8.74228e-08, 0, -1, 7.7, -5.3, -46)

[node name="107_placeholder55" parent="actors/opponents" instance=ExtResource("13_hmv8q")]
transform = Transform3D(-1, 0, -8.74228e-08, 0, 1, 0, 8.74228e-08, 0, -1, -37.3, -5.3, -12)

[node name="107_placeholder56" parent="actors/opponents" instance=ExtResource("13_hmv8q")]
transform = Transform3D(-1, 0, -8.74228e-08, 0, 1, 0, 8.74228e-08, 0, -1, -34.3, -5.3, -15)

[node name="107_placeholder57" parent="actors/opponents" instance=ExtResource("13_hmv8q")]
transform = Transform3D(-1, 0, -8.74228e-08, 0, 1, 0, 8.74228e-08, 0, -1, -42.3, -5.3, -11)

[node name="107_placeholder58" parent="actors/opponents" instance=ExtResource("13_hmv8q")]
transform = Transform3D(-1, 0, -8.74228e-08, 0, 1, 0, 8.74228e-08, 0, -1, -45.3, -5.3, -14)

[node name="107_placeholder59" parent="actors/opponents" instance=ExtResource("13_hmv8q")]
transform = Transform3D(-1, 0, -8.74228e-08, 0, 1, 0, 8.74228e-08, 0, -1, -47.3, -5.3, -10)

[node name="107_placeholder60" parent="actors/opponents" instance=ExtResource("13_hmv8q")]
transform = Transform3D(-1, 0, -8.74228e-08, 0, 1, 0, 8.74228e-08, 0, -1, -42.3, -5.3, 6)

[node name="107_placeholder61" parent="actors/opponents" instance=ExtResource("13_hmv8q")]
transform = Transform3D(-1, 0, -8.74228e-08, 0, 1, 0, 8.74228e-08, 0, -1, -46.3, -5.3, 14)

[node name="107_placeholder62" parent="actors/opponents" instance=ExtResource("13_hmv8q")]
transform = Transform3D(-1, 0, -8.74228e-08, 0, 1, 0, 8.74228e-08, 0, -1, -48.3, -5.3, 32)

[node name="107_placeholder63" parent="actors/opponents" instance=ExtResource("13_hmv8q")]
transform = Transform3D(-1, 0, -8.74228e-08, 0, 1, 0, 8.74228e-08, 0, -1, -53.3, -4.8, 30)

[node name="107_placeholder64" parent="actors/opponents" instance=ExtResource("13_hmv8q")]
transform = Transform3D(-1, 0, -8.74228e-08, 0, 1, 0, 8.74228e-08, 0, -1, -49.3, -5.3, 26)

[node name="3203_placeholder3" parent="actors/opponents" instance=ExtResource("18_jp6y0")]
transform = Transform3D(0.507124, 0, -0.861873, 0, 1, 0, 0.861873, 0, 0.507124, 58.7, -1.3, 55)

[node name="107_placeholder65" parent="actors/opponents" instance=ExtResource("13_hmv8q")]
transform = Transform3D(-1, 0, -8.74228e-08, 0, 1, 0, 8.74228e-08, 0, -1, 15.7, -1.3, 47)

[node name="107_placeholder66" parent="actors/opponents" instance=ExtResource("13_hmv8q")]
transform = Transform3D(-1, 0, -8.74228e-08, 0, 1, 0, 8.74228e-08, 0, -1, 9.7, -1.3, 47)

[node name="3203_placeholder4" parent="actors/opponents" instance=ExtResource("18_jp6y0")]
transform = Transform3D(-0.989006, 0, -0.147877, 0, 1, 0, 0.147877, 0, -0.989006, 59.7, -5.3, 7)

[node name="106_placeholder28" parent="actors/opponents" instance=ExtResource("7_m8ug8")]
transform = Transform3D(-1, 0, -8.74228e-08, 0, 1, 0, 8.74228e-08, 0, -1, -36.3, -5.3, 25)

[node name="106_placeholder29" parent="actors/opponents" instance=ExtResource("7_m8ug8")]
transform = Transform3D(-1, 0, -8.74228e-08, 0, 1, 0, 8.74228e-08, 0, -1, -40.3, -5.3, 31)

[node name="106_placeholder30" parent="actors/opponents" instance=ExtResource("7_m8ug8")]
transform = Transform3D(-1, 0, -8.74228e-08, 0, 1, 0, 8.74228e-08, 0, -1, 14.7, -1.3, 54)

[node name="106_placeholder31" parent="actors/opponents" instance=ExtResource("7_m8ug8")]
transform = Transform3D(-1, 0, -8.74228e-08, 0, 1, 0, 8.74228e-08, 0, -1, 6.7, -1.3, 54)

[node name="106_placeholder32" parent="actors/opponents" instance=ExtResource("7_m8ug8")]
transform = Transform3D(-1, 0, -8.74228e-08, 0, 1, 0, 8.74228e-08, 0, -1, 43.7, -5.3, -6)

[node name="114_placeholder45" parent="actors/opponents" instance=ExtResource("9_1eyq4")]
transform = Transform3D(-1, 0, -8.74228e-08, 0, 1, 0, 8.74228e-08, 0, -1, 45.7, -5.3, -5)

[node name="114_placeholder46" parent="actors/opponents" instance=ExtResource("9_1eyq4")]
transform = Transform3D(-1, 0, -8.74228e-08, 0, 1, 0, 8.74228e-08, 0, -1, 37.7, -5.3, -11)

[node name="200_placeholder8" parent="actors/opponents" instance=ExtResource("19_vr13c")]
transform = Transform3D(-0.989006, 0, -0.147877, 0, 1, 0, 0.147877, 0, -0.989006, 53.7, -5.3, 4)

[node name="200_placeholder9" parent="actors/opponents" instance=ExtResource("19_vr13c")]
transform = Transform3D(-0.998776, 0, -0.0494537, 0, 1, 0, 0.0494537, 0, -0.998776, 44.7, -5.3, 12)

[node name="200_placeholder10" parent="actors/opponents" instance=ExtResource("19_vr13c")]
transform = Transform3D(-0.999694, 0, -0.0247344, 0, 1, 0, 0.0247344, 0, -0.999694, 40.7, -5.3, 9)

[node name="200_placeholder11" parent="actors/opponents" instance=ExtResource("19_vr13c")]
transform = Transform3D(-1, 0, -8.74228e-08, 0, 1, 0, 8.74228e-08, 0, -1, 50.7, -5.3, -10)

[node name="200_placeholder12" parent="actors/opponents" instance=ExtResource("19_vr13c")]
transform = Transform3D(-1, 0, -8.74228e-08, 0, 1, 0, 8.74228e-08, 0, -1, 44.7, -5.3, -11)

[node name="200_placeholder13" parent="actors/opponents" instance=ExtResource("19_vr13c")]
transform = Transform3D(-1, 0, -8.74228e-08, 0, 1, 0, 8.74228e-08, 0, -1, 59.7, -5.3, -56)

[node name="200_placeholder14" parent="actors/opponents" instance=ExtResource("19_vr13c")]
transform = Transform3D(-1, 0, -8.74228e-08, 0, 1, 0, 8.74228e-08, 0, -1, 54.7, -5.3, -59)

[node name="132_placeholder7" parent="actors/opponents" instance=ExtResource("20_qkxss")]
transform = Transform3D(-0.999694, 0, 0.0247345, 0, 1, 0, -0.0247345, 0, -0.999694, 28.7, -5.3, 13)

[node name="132_placeholder8" parent="actors/opponents" instance=ExtResource("20_qkxss")]
transform = Transform3D(-0.999694, 0, 0.0247345, 0, 1, 0, -0.0247345, 0, -0.999694, 30.7, -5.3, 15)

[node name="132_placeholder9" parent="actors/opponents" instance=ExtResource("20_qkxss")]
transform = Transform3D(-0.999694, 0, 0.0247345, 0, 1, 0, -0.0247345, 0, -0.999694, 19.7, -5.8, 12)

[node name="132_placeholder10" parent="actors/opponents" instance=ExtResource("20_qkxss")]
transform = Transform3D(-1, 0, -8.74228e-08, 0, 1, 0, 8.74228e-08, 0, -1, 59.7, -5.3, -45)

[node name="132_placeholder11" parent="actors/opponents" instance=ExtResource("20_qkxss")]
transform = Transform3D(-1, 0, -8.74228e-08, 0, 1, 0, 8.74228e-08, 0, -1, 56.7, -5.3, -47)

[node name="4109_placeholder2" parent="actors/opponents" instance=ExtResource("21_glgfr")]
transform = Transform3D(-0.998776, 0, -0.0494537, 0, 1, 0, 0.0494537, 0, -0.998776, -1.3, -2.55, 7.40625)

[node name="132_placeholder12" parent="actors/opponents" instance=ExtResource("20_qkxss")]
transform = Transform3D(-1, 0, -8.74228e-08, 0, 1, 0, 8.74228e-08, 0, -1, 9.7, -4.90938, -4.4375)

[node name="118_placeholder12" parent="actors/opponents" instance=ExtResource("12_bn64u")]
transform = Transform3D(-0.737045, 0, -0.675843, 0, 1, 0, 0.675843, 0, -0.737045, 9.7, -5.26094, -2.02344)

[node name="objects" type="Node3D" parent="actors"]

[node name="placeholders" type="Node3D" parent="actors"]
transform = Transform3D(1, 0, 0, 0, 1, 0, 0, 0, 1, 0.2, -5.8, 0.5)
visible = false

[node name="3_placeholder" parent="actors/placeholders" instance=ExtResource("3_dngu3")]
transform = Transform3D(-1, 0, -8.74228e-08, 0, 1, 0, 8.74228e-08, 0, -1, -45.8906, 0, -18.5)
mesh = SubResource("BoxMesh_i3mve")
type = 1
scriptname = "lantern"

[node name="3_placeholder2" parent="actors/placeholders" instance=ExtResource("3_dngu3")]
transform = Transform3D(-1, 0, -8.74228e-08, 0, 1, 0, 8.74228e-08, 0, -1, -49.5, 0, -13.8906)
mesh = SubResource("BoxMesh_i3mve")
type = 1
scriptname = "lantern"

[node name="3_placeholder3" parent="actors/placeholders" instance=ExtResource("3_dngu3")]
transform = Transform3D(-0.999924, 0, -0.0123682, 0, 1, 0, 0.0123682, 0, -0.999924, -46.1094, 0, -9.5)
mesh = SubResource("BoxMesh_i3mve")
type = 1
scriptname = "lantern"

[node name="5_placeholder" parent="actors/placeholders" instance=ExtResource("3_dngu3")]
transform = Transform3D(-0.992361, 0.122908, 0.0106679, 0, 0.0864712, -0.996254, -0.12337, -0.988644, -0.0858106, 7.5, 6.21875, 58.5)
mesh = SubResource("BoxMesh_i3mve")
type = 1
scriptname = "bottle"

[node name="5_placeholder2" parent="actors/placeholders" instance=ExtResource("3_dngu3")]
transform = Transform3D(-1, 0, -8.74228e-08, 0, 1, 0, 8.74228e-08, 0, -1, 8.5, 5.90625, 58.5)
mesh = SubResource("BoxMesh_i3mve")
type = 1
scriptname = "bottÿg"

[node name="71_placeholder" parent="actors/placeholders" instance=ExtResource("3_dngu3")]
transform = Transform3D(0.999694, 0, -0.0247347, 0, 1, 0, 0.0247347, 0, 0.999694, 9.91406, 6.53906, 50.1094)
mesh = SubResource("BoxMesh_i3mve")
type = 1
scriptname = "torch01"

[node name="71_placeholder2" parent="actors/placeholders" instance=ExtResource("3_dngu3")]
transform = Transform3D(-0.0864712, 0, -0.996254, 0, 1, 0, 0.996254, 0, -0.0864712, 2.89062, 2.53906, 53.875)
mesh = SubResource("BoxMesh_i3mve")
type = 1
scriptname = "torch01"

[node name="71_placeholder3" parent="actors/placeholders" instance=ExtResource("3_dngu3")]
transform = Transform3D(-0.0864712, 0, -0.996254, 0, 1, 0, 0.996254, 0, -0.0864712, 2.89062, 2.53906, 49.875)
mesh = SubResource("BoxMesh_i3mve")
type = 1
scriptname = "torch01"

[node name="71_placeholder4" parent="actors/placeholders" instance=ExtResource("3_dngu3")]
transform = Transform3D(-0.0864712, 0, -0.996254, 0, 1, 0, 0.996254, 0, -0.0864712, 2.89062, 2.53906, 45.875)
mesh = SubResource("BoxMesh_i3mve")
type = 1
scriptname = "torch01"

[node name="71_placeholder5" parent="actors/placeholders" instance=ExtResource("3_dngu3")]
transform = Transform3D(-0.0864712, 0, -0.996254, 0, 1, 0, 0.996254, 0, -0.0864712, 2.89062, 2.53906, 41.875)
mesh = SubResource("BoxMesh_i3mve")
type = 1
scriptname = "torch01"

[node name="71_placeholder6" parent="actors/placeholders" instance=ExtResource("3_dngu3")]
transform = Transform3D(-0.0864712, 0, -0.996254, 0, 1, 0, 0.996254, 0, -0.0864712, 2.89062, 2.53906, 37.875)
mesh = SubResource("BoxMesh_i3mve")
type = 1
scriptname = "torch01"

[node name="71_placeholder7" parent="actors/placeholders" instance=ExtResource("3_dngu3")]
transform = Transform3D(-0.0864712, 0, -0.996254, 0, 1, 0, 0.996254, 0, -0.0864712, 2.89062, 2.53906, 33.875)
mesh = SubResource("BoxMesh_i3mve")
type = 1
scriptname = "torch01"

[node name="71_placeholder8" parent="actors/placeholders" instance=ExtResource("3_dngu3")]
transform = Transform3D(-0.0864712, 0, -0.996254, 0, 1, 0, 0.996254, 0, -0.0864712, 2.89062, 2.53906, 29.875)
mesh = SubResource("BoxMesh_i3mve")
type = 1
scriptname = "torch01"

[node name="71_placeholder9" parent="actors/placeholders" instance=ExtResource("3_dngu3")]
transform = Transform3D(-0.0864712, 0, -0.996254, 0, 1, 0, 0.996254, 0, -0.0864712, 2.89062, 2.53906, 25.875)
mesh = SubResource("BoxMesh_i3mve")
type = 1
scriptname = "torch01"

[node name="5_placeholder3" parent="actors/placeholders" instance=ExtResource("3_dngu3")]
transform = Transform3D(-1, 0, -8.74228e-08, 0, 1, 0, 8.74228e-08, 0, -1, -59.5, 1.95312, 27.5)
mesh = SubResource("BoxMesh_i3mve")
type = 1
scriptname = "bottle"

[node name="6_placeholder" parent="actors/placeholders" instance=ExtResource("3_dngu3")]
transform = Transform3D(-1, 0, -8.74228e-08, 0, 1, 0, 8.74228e-08, 0, -1, -60.8906, 1.17188, 28.2031)
mesh = SubResource("BoxMesh_i3mve")
type = 1
scriptname = "barrel"

[node name="76_placeholder" parent="actors/placeholders" instance=ExtResource("3_dngu3")]
transform = Transform3D(-1, 0, -8.74228e-08, 0, 1, 0, 8.74228e-08, 0, -1, -59.6562, 0.898438, 28.9297)
mesh = SubResource("BoxMesh_i3mve")
type = 1
scriptname = "crate"

[node name="76_placeholder2" parent="actors/placeholders" instance=ExtResource("3_dngu3")]
transform = Transform3D(-1, 0, -8.74228e-08, 0, 1, 0, 8.74228e-08, 0, -1, -59.6562, 1.17188, 27.5)
mesh = SubResource("BoxMesh_i3mve")
type = 1
scriptname = "crate"

[node name="71_placeholder10" parent="actors/placeholders" instance=ExtResource("3_dngu3")]
transform = Transform3D(-0.0864711, 0, 0.996254, 0, 1, 0, -0.996254, 0, -0.0864711, -61.8125, 2.53906, 58.1719)
mesh = SubResource("BoxMesh_i3mve")
type = 1
scriptname = "torch01"

[node name="71_placeholder11" parent="actors/placeholders" instance=ExtResource("3_dngu3")]
transform = Transform3D(-0.0864711, 0, 0.996254, 0, 1, 0, -0.996254, 0, -0.0864711, -61.8125, 2.53906, 30.1719)
mesh = SubResource("BoxMesh_i3mve")
type = 1
scriptname = "torch01"

[node name="71_placeholder12" parent="actors/placeholders" instance=ExtResource("3_dngu3")]
transform = Transform3D(-0.0864711, 0, 0.996254, 0, 1, 0, -0.996254, 0, -0.0864711, -61.8125, 2.53906, 34.1719)
mesh = SubResource("BoxMesh_i3mve")
type = 1
scriptname = "torch01"

[node name="71_placeholder13" parent="actors/placeholders" instance=ExtResource("3_dngu3")]
transform = Transform3D(-0.0864711, 0, 0.996254, 0, 1, 0, -0.996254, 0, -0.0864711, -61.8125, 2.53906, 38.1719)
mesh = SubResource("BoxMesh_i3mve")
type = 1
scriptname = "torch01"

[node name="71_placeholder14" parent="actors/placeholders" instance=ExtResource("3_dngu3")]
transform = Transform3D(-0.0864711, 0, 0.996254, 0, 1, 0, -0.996254, 0, -0.0864711, -61.8125, 2.53906, 42.1719)
mesh = SubResource("BoxMesh_i3mve")
type = 1
scriptname = "torch01"

[node name="71_placeholder15" parent="actors/placeholders" instance=ExtResource("3_dngu3")]
transform = Transform3D(-0.0864711, 0, 0.996254, 0, 1, 0, -0.996254, 0, -0.0864711, -61.8125, 2.53906, 46.1719)
mesh = SubResource("BoxMesh_i3mve")
type = 1
scriptname = "torch01"

[node name="71_placeholder16" parent="actors/placeholders" instance=ExtResource("3_dngu3")]
transform = Transform3D(-0.0864711, 0, 0.996254, 0, 1, 0, -0.996254, 0, -0.0864711, -61.8125, 2.53906, 50.1719)
mesh = SubResource("BoxMesh_i3mve")
type = 1
scriptname = "torch01"

[node name="71_placeholder17" parent="actors/placeholders" instance=ExtResource("3_dngu3")]
transform = Transform3D(-0.0864711, 0, 0.996254, 0, 1, 0, -0.996254, 0, -0.0864711, -61.8125, 2.53906, 54.1719)
mesh = SubResource("BoxMesh_i3mve")
type = 1
scriptname = "torch01"

[node name="71_placeholder18" parent="actors/placeholders" instance=ExtResource("3_dngu3")]
transform = Transform3D(0.0370969, 0, 0.999312, 0, 1, 0, -0.999312, 0, 0.0370969, -5.8125, 2.77344, 58.0859)
mesh = SubResource("BoxMesh_i3mve")
type = 1
scriptname = "torch01"

[node name="71_placeholder19" parent="actors/placeholders" instance=ExtResource("3_dngu3")]
transform = Transform3D(0.0370969, 0, 0.999312, 0, 1, 0, -0.999312, 0, 0.0370969, -5.8125, 2.77344, 54.0859)
mesh = SubResource("BoxMesh_i3mve")
type = 1
scriptname = "torch01"

[node name="71_placeholder20" parent="actors/placeholders" instance=ExtResource("3_dngu3")]
transform = Transform3D(0.0370969, 0, 0.999312, 0, 1, 0, -0.999312, 0, 0.0370969, -5.8125, 2.77344, 50.0859)
mesh = SubResource("BoxMesh_i3mve")
type = 1
scriptname = "torch01"

[node name="71_placeholder21" parent="actors/placeholders" instance=ExtResource("3_dngu3")]
transform = Transform3D(0.0370969, 0, 0.999312, 0, 1, 0, -0.999312, 0, 0.0370969, -5.8125, 2.77344, 46.0859)
mesh = SubResource("BoxMesh_i3mve")
type = 1
scriptname = "torch01"

[node name="71_placeholder22" parent="actors/placeholders" instance=ExtResource("3_dngu3")]
transform = Transform3D(0.0370969, 0, 0.999312, 0, 1, 0, -0.999312, 0, 0.0370969, -5.8125, 2.77344, 42.0859)
mesh = SubResource("BoxMesh_i3mve")
type = 1
scriptname = "torch01"

[node name="71_placeholder23" parent="actors/placeholders" instance=ExtResource("3_dngu3")]
transform = Transform3D(0.0370969, 0, 0.999312, 0, 1, 0, -0.999312, 0, 0.0370969, -5.8125, 2.77344, 38.0859)
mesh = SubResource("BoxMesh_i3mve")
type = 1
scriptname = "torch01"

[node name="71_placeholder24" parent="actors/placeholders" instance=ExtResource("3_dngu3")]
transform = Transform3D(0.0370969, 0, 0.999312, 0, 1, 0, -0.999312, 0, 0.0370969, -5.8125, 2.77344, 34.0859)
mesh = SubResource("BoxMesh_i3mve")
type = 1
scriptname = "torch01"

[node name="71_placeholder25" parent="actors/placeholders" instance=ExtResource("3_dngu3")]
transform = Transform3D(0.0370969, 0, 0.999312, 0, 1, 0, -0.999312, 0, 0.0370969, -5.8125, 2.77344, 30.0859)
mesh = SubResource("BoxMesh_i3mve")
type = 1
scriptname = "torch01"

[node name="71_placeholder26" parent="actors/placeholders" instance=ExtResource("3_dngu3")]
transform = Transform3D(0.0370969, 0, 0.999312, 0, 1, 0, -0.999312, 0, 0.0370969, -5.8125, 2.77344, 26.0859)
mesh = SubResource("BoxMesh_i3mve")
type = 1
scriptname = "torch01"

[node name="1_placeholder" parent="actors/placeholders" instance=ExtResource("3_dngu3")]
transform = Transform3D(-1, 0, -8.74228e-08, 0, 1, 0, 8.74228e-08, 0, -1, -1.5, 0, -57.5)
mesh = SubResource("BoxMesh_i3mve")
type = 1
scriptname = "EMPTY_CHEST"

[node name="1_placeholder2" parent="actors/placeholders" instance=ExtResource("3_dngu3")]
transform = Transform3D(-1, 0, -8.74228e-08, 0, 1, 0, 8.74228e-08, 0, -1, -1.5, 0, -57.5)
mesh = SubResource("BoxMesh_i3mve")
type = 1
scriptname = "!EMPTY_CHEST"

[node name="219_placeholder" parent="actors/placeholders" instance=ExtResource("3_u7ulh")]
transform = Transform3D(0.160098, 0, -0.987101, 0, 1, 0, 0.987101, 0, 0.160098, -38.3828, 0.5, 14.5)
type = 2
scriptname = "monsters\\Clerk_Skye.s"

[node name="106_placeholder" parent="actors/placeholders" instance=ExtResource("3_u7ulh")]
transform = Transform3D(-1, 0, -8.74228e-08, 0, 1, 0, 8.74228e-08, 0, -1, -53.5, 0.25, -11.5)
type = 2
scriptname = "monsters\\Bandit_Swordsman.s"

[node name="106_placeholder2" parent="actors/placeholders" instance=ExtResource("3_u7ulh")]
transform = Transform3D(-1, 0, -8.74228e-08, 0, 1, 0, 8.74228e-08, 0, -1, -35.5, 0.5, -35.5)
type = 2
scriptname = "monsters\\Bandit_Swordsman.s"

[node name="106_placeholder3" parent="actors/placeholders" instance=ExtResource("3_u7ulh")]
transform = Transform3D(-1, 0, -8.74228e-08, 0, 1, 0, 8.74228e-08, 0, -1, -39.5, 0.5, -31.5)
type = 2
scriptname = "monsters\\Bandit_Swordsman.s"

[node name="106_placeholder4" parent="actors/placeholders" instance=ExtResource("3_u7ulh")]
transform = Transform3D(-1, 0, -8.74228e-08, 0, 1, 0, 8.74228e-08, 0, -1, -32.5, 0.5, -29.5)
type = 2
scriptname = "monsters\\Bandit_Swordsman.s"

[node name="106_placeholder5" parent="actors/placeholders" instance=ExtResource("3_u7ulh")]
transform = Transform3D(-0.998776, 0, -0.0494537, 0, 1, 0, 0.0494537, 0, -0.998776, 7.5, 0.5, -19.5)
type = 2
scriptname = "monsters\\Bandit_Swordsman.s"

[node name="106_placeholder6" parent="actors/placeholders" instance=ExtResource("3_u7ulh")]
transform = Transform3D(-1, 0, -8.74228e-08, 0, 1, 0, 8.74228e-08, 0, -1, 7.5, 0.5, -50.5)
type = 2
scriptname = "monsters\\Bandit_Swordsman.s"

[node name="106_placeholder7" parent="actors/placeholders" instance=ExtResource("3_u7ulh")]
transform = Transform3D(-1, 0, -8.74228e-08, 0, 1, 0, 8.74228e-08, 0, -1, 7.5, 0.5, -58.5)
type = 2
scriptname = "monsters\\Bandit_Swordsman.s"

[node name="106_placeholder8" parent="actors/placeholders" instance=ExtResource("3_u7ulh")]
transform = Transform3D(-1, 0, -8.74228e-08, 0, 1, 0, 8.74228e-08, 0, -1, 24.5, 4.5, 39.5)
type = 2
scriptname = "monsters\\Bandit_Swordsman.s"

[node name="114_placeholder" parent="actors/placeholders" instance=ExtResource("3_u7ulh")]
transform = Transform3D(-1, 0, -8.74228e-08, 0, 1, 0, 8.74228e-08, 0, -1, 12.5, 4.5, 41.5)
type = 2
scriptname = "monsters\\Deadeye.s"

[node name="114_placeholder2" parent="actors/placeholders" instance=ExtResource("3_u7ulh")]
transform = Transform3D(-0.998776, 0, -0.0494537, 0, 1, 0, 0.0494537, 0, -0.998776, -26.5, 0.5, 28.5)
type = 2
scriptname = "monsters\\Deadeye.s"

[node name="114_placeholder3" parent="actors/placeholders" instance=ExtResource("3_u7ulh")]
transform = Transform3D(-1, 0, -8.74228e-08, 0, 1, 0, 8.74228e-08, 0, -1, -42.5, 0.5, 12.5)
type = 2
scriptname = "monsters\\Deadeye.s"

[node name="114_placeholder4" parent="actors/placeholders" instance=ExtResource("3_u7ulh")]
transform = Transform3D(-0.208718, 0, -0.977976, 0, 1, 0, 0.977976, 0, -0.208718, -59.1562, 0.5, -23.8438)
type = 2
scriptname = "monsters\\Deadeye.s"

[node name="114_placeholder5" parent="actors/placeholders" instance=ExtResource("3_u7ulh")]
transform = Transform3D(0.0370971, 0, -0.999312, 0, 1, 0, 0.999312, 0, 0.0370971, -12.625, 0.5, -26.5)
type = 2
scriptname = "lakvan\\Deadeye.s"

[node name="114_placeholder6" parent="actors/placeholders" instance=ExtResource("3_u7ulh")]
transform = Transform3D(0.0370971, 0, -0.999312, 0, 1, 0, 0.999312, 0, 0.0370971, -12.625, 0.5, -55.5)
type = 2
scriptname = "lakvan\\Deadeye.s"

[node name="114_placeholder7" parent="actors/placeholders" instance=ExtResource("3_u7ulh")]
transform = Transform3D(0.0370971, 0, -0.999312, 0, 1, 0, 0.999312, 0, 0.0370971, -12.625, 0.5, -53.5)
type = 2
scriptname = "lakvan\\Deadeye.s"

[node name="114_placeholder8" parent="actors/placeholders" instance=ExtResource("3_u7ulh")]
transform = Transform3D(0.0370971, 0, -0.999312, 0, 1, 0, 0.999312, 0, 0.0370971, -12.5, 0.5, -28.5)
type = 2
scriptname = "lakvan\\Deadeye.s"

[node name="114_placeholder9" parent="actors/placeholders" instance=ExtResource("3_u7ulh")]
transform = Transform3D(0.061803, 0, -0.998088, 0, 1, 0, 0.998088, 0, 0.061803, -12.625, 0.5, -16.5)
type = 2
scriptname = "lakvan\\Deadeye.s"

[node name="114_placeholder10" parent="actors/placeholders" instance=ExtResource("3_u7ulh")]
transform = Transform3D(0.061803, 0, -0.998088, 0, 1, 0, 0.998088, 0, 0.061803, -12.5, 0.5, -14.5)
type = 2
scriptname = "lakvan\\Deadeye.s"

[node name="114_placeholder11" parent="actors/placeholders" instance=ExtResource("3_u7ulh")]
transform = Transform3D(-0.208718, 0, 0.977976, 0, 1, 0, -0.977976, 0, -0.208718, 10.5, 0.5, -14.5)
type = 2
scriptname = "lakvan\\Deadeye.s"

[node name="114_placeholder12" parent="actors/placeholders" instance=ExtResource("3_u7ulh")]
transform = Transform3D(-0.208718, 0, 0.977976, 0, 1, 0, -0.977976, 0, -0.208718, 10.5, 0.5, -16.5)
type = 2
scriptname = "lakvan\\Deadeye.s"

[node name="114_placeholder13" parent="actors/placeholders" instance=ExtResource("3_u7ulh")]
transform = Transform3D(-0.208718, 0, 0.977976, 0, 1, 0, -0.977976, 0, -0.208718, 10.5, 0.5, -26.5)
type = 2
scriptname = "lakvan\\Deadeye.s"

[node name="114_placeholder14" parent="actors/placeholders" instance=ExtResource("3_u7ulh")]
transform = Transform3D(-0.208718, 0, 0.977976, 0, 1, 0, -0.977976, 0, -0.208718, 10.5, 0.5, -28.5)
type = 2
scriptname = "lakvan\\Deadeye.s"

[node name="114_placeholder15" parent="actors/placeholders" instance=ExtResource("3_u7ulh")]
transform = Transform3D(-0.208718, 0, 0.977976, 0, 1, 0, -0.977976, 0, -0.208718, 10.5, 0.5, -41.5)
type = 2
scriptname = "lakvan\\Deadeye.s"

[node name="114_placeholder16" parent="actors/placeholders" instance=ExtResource("3_u7ulh")]
transform = Transform3D(-0.208718, 0, 0.977976, 0, 1, 0, -0.977976, 0, -0.208718, 10.5, 0.5, -43.5)
type = 2
scriptname = "lakvan\\Deadeye.s"

[node name="114_placeholder17" parent="actors/placeholders" instance=ExtResource("3_u7ulh")]
transform = Transform3D(-0.208718, 0, 0.977976, 0, 1, 0, -0.977976, 0, -0.208718, 10.4219, 0.5, -53.5)
type = 2
scriptname = "lakvan\\Deadeye.s"

[node name="114_placeholder18" parent="actors/placeholders" instance=ExtResource("3_u7ulh")]
transform = Transform3D(-0.208718, 0, 0.977976, 0, 1, 0, -0.977976, 0, -0.208718, 10.5, 0.5, -55.5)
type = 2
scriptname = "lakvan\\Deadeye.s"

[node name="118_placeholder" parent="actors/placeholders" instance=ExtResource("3_u7ulh")]
transform = Transform3D(-0.232844, 0, 0.972514, 0, 1, 0, -0.972514, 0, -0.232844, 47.25, 4.5, 33.5)
type = 2
scriptname = "lakvan\\Highwaymage.s"

[node name="114_placeholder19" parent="actors/placeholders" instance=ExtResource("3_u7ulh")]
