[gd_scene load_steps=15 format=3 uid="uid://7afenfg3682j"]

[ext_resource type="PackedScene" uid="uid://tjoh06dh8jj1" path="res://game/assets/obj_models/levels/crypt3Map.tscn" id="1_i4tmh"]
[ext_resource type="PackedScene" uid="uid://cqd6577r2ktcn" path="res://game/assets/obj_models/objects/15_chest_closed.tscn" id="28_20m8s"]
[ext_resource type="PackedScene" uid="uid://b6anugqrrewfd" path="res://game/assets/obj_models/objects/52_skeleton.tscn" id="29_4v2u8"]
[ext_resource type="PackedScene" uid="uid://djef6tff82h2f" path="res://game/assets/obj_models/objects/38_ironmaiden.tscn" id="29_rf2a8"]
[ext_resource type="PackedScene" uid="uid://dxganwh7he137" path="res://game/assets/obj_models/objects/82_urn.tscn" id="29_rvskd"]
[ext_resource type="PackedScene" uid="uid://dfvem0cnwq2xp" path="res://game/assets/obj_models/objects/51_spiderweb.tscn" id="29_tdd4i"]
[ext_resource type="PackedScene" uid="uid://cnjsbxd8ldclp" path="res://game/assets/obj_models/objects/76_brazier.tscn" id="30_5p886"]
[ext_resource type="PackedScene" uid="uid://ccb4tgfm5eejy" path="res://game/assets/obj_models/objects/5_sbarrel.tscn" id="30_adjvk"]
[ext_resource type="PackedScene" uid="uid://jmbvtt2afgyn" path="res://game/assets/obj_models/objects/44_weaponrack.tscn" id="30_gtmbw"]
[ext_resource type="PackedScene" uid="uid://c7gu63wsnvxs4" path="res://game/assets/obj_models/objects/48_crate.tscn" id="30_hjucu"]
[ext_resource type="PackedScene" uid="uid://ddxvslgm0nka2" path="res://game/assets/obj_models/objects/43_torch.tscn" id="30_kel74"]
[ext_resource type="PackedScene" uid="uid://u5n601tug7v2" path="res://game/assets/obj_models/objects/49_skullpile.tscn" id="30_m1cgt"]
[ext_resource type="PackedScene" uid="uid://b4qpvd8g16yp5" path="res://game/assets/obj_models/objects/46_aletap.tscn" id="30_poe8a"]
[ext_resource type="PackedScene" uid="uid://cpqgc8i4mf13q" path="res://game/assets/obj_models/objects/135_darkchest.tscn" id="30_sbh6o"]

[node name="crypt3" type="Node3D"]

[node name="crypt3Map" parent="." instance=ExtResource("1_i4tmh")]

[node name="Chest" type="Node3D" parent="."]

[node name="15ChestClosed" parent="Chest" instance=ExtResource("28_20m8s")]
transform = Transform3D(-0.0370969, 0, -0.999312, 0, 1, 0, 0.999312, 0, -0.0370969, 60.969, 15, 20.891)

[node name="15ChestClosed2" parent="Chest" instance=ExtResource("28_20m8s")]
transform = Transform3D(0.0864711, 0, -0.996254, 0, 1, 0, 0.996254, 0, 0.0864711, 50.6172, 19.5, -11.5)

[node name="Skeleton" type="Node3D" parent="."]

[node name="52Skeleton" parent="Skeleton" instance=ExtResource("29_4v2u8")]
transform = Transform3D(-0.998776, 0, 0.0494537, 0, 1, 0, 0.0494537, 0, 0.998776, 47.891, 20.4, -32.047)

[node name="52Skeleton2" parent="Skeleton" instance=ExtResource("29_4v2u8")]
transform = Transform3D(-0.999694, 0, -0.0247344, 0, 1, 0, -0.0247344, 0, 0.999694, 55.5, 15.7, 17.0312)

[node name="52Skeleton3" parent="Skeleton" instance=ExtResource("29_4v2u8")]
transform = Transform3D(-0.999694, 0, -0.0247344, 0, 1, 0, -0.0247344, 0, 0.999694, 53.5, 15.7, 17.0312)

[node name="WeaponRack" type="Node3D" parent="."]

[node name="44Weaponrack" parent="WeaponRack" instance=ExtResource("30_gtmbw")]
transform = Transform3D(-0.0370969, 0, 0.999312, 0, 1, 0, -0.999312, 0, -0.0370969, 31.4219, 15, -60.875)

[node name="44Weaponrack2" parent="WeaponRack" instance=ExtResource("30_gtmbw")]
transform = Transform3D(-0.0370969, 0, 0.999312, 0, 1, 0, -0.999312, 0, -0.0370969, 37.4609, 15, -60.8359)

[node name="44Weaponrack3" parent="WeaponRack" instance=ExtResource("30_gtmbw")]
transform = Transform3D(1, 0, 0, 0, 1, 0, 0, 0, 1, 19.953, 15, 46.523)

[node name="44Weaponrack4" parent="WeaponRack" instance=ExtResource("30_gtmbw")]
transform = Transform3D(1, 0, 0, 0, 1, 0, 0, 0, 1, 19.953, 15, 50.328)

[node name="44Weaponrack5" parent="WeaponRack" instance=ExtResource("30_gtmbw")]
transform = Transform3D(-0.0370969, 0, -0.999312, 0, 1, 0, 0.999312, 0, -0.0370969, 58.5547, 15, 23.0312)

[node name="IronMaiden" type="Node3D" parent="."]

[node name="38Ironmaiden" parent="IronMaiden" instance=ExtResource("29_rf2a8")]
transform = Transform3D(0.0618026, 0, 0.998088, 0, 1, 0, -0.998088, 0, 0.0618026, 51.969, 19.5, -11.5)

[node name="38Ironmaiden2" parent="IronMaiden" instance=ExtResource("29_rf2a8")]
transform = Transform3D(-1.19209e-07, 0, -1, 0, 1, 0, 1, 0, -1.19209e-07, 17.031, 19.5, -20.5)

[node name="38Ironmaiden3" parent="IronMaiden" instance=ExtResource("29_rf2a8")]
transform = Transform3D(1, 0, 0, 0, 1, 0, 0, 0, 1, 29.93, 15, -49.07)

[node name="38Ironmaiden4" parent="IronMaiden" instance=ExtResource("29_rf2a8")]
transform = Transform3D(1, 0, 0, 0, 1, 0, 0, 0, 1, 28.188, 15, -49.07)

[node name="38Ironmaiden5" parent="IronMaiden" instance=ExtResource("29_rf2a8")]
transform = Transform3D(-0.0370969, 0, -0.999312, 0, 1, 0, 0.999312, 0, -0.0370969, 46.305, 15, 20.5)

[node name="38Ironmaiden6" parent="IronMaiden" instance=ExtResource("29_rf2a8")]
transform = Transform3D(-0.0370969, 0, 0.999312, 0, 1, 0, -0.999312, 0, -0.0370969, 51.969, 19.5, -28.5)

[node name="Torch" type="Node3D" parent="."]

[node name="43Torch" parent="Torch" instance=ExtResource("30_kel74")]
transform = Transform3D(0.989006, 0, 0.147877, 0, 1, 0, -0.147877, 0, 0.989006, 37.3763, 17.7344, -25.9953)

[node name="43Torch2" parent="Torch" instance=ExtResource("30_kel74")]
transform = Transform3D(-0.992361, 0, -0.123369, 0, 1, 0, 0.123369, 0, -0.992361, 43.5855, 22.4219, -31.0016)

[node name="43Torch3" parent="Torch" instance=ExtResource("30_kel74")]
transform = Transform3D(0.989006, 0, 0.147877, 0, 1, 0, -0.147877, 0, 0.989006, 43.3763, 17.7344, -25.9953)

[node name="43Torch4" parent="Torch" instance=ExtResource("30_kel74")]
transform = Transform3D(0.989006, 0, 0.147877, 0, 1, 0, -0.147877, 0, 0.989006, 52.3763, 17.7344, 62.0047)

[node name="43Torch5" parent="Torch" instance=ExtResource("30_kel74")]
transform = Transform3D(-0.0618025, 0, 0.998088, 0, 1, 0, -0.998088, 0, -0.0618025, 60.9939, 17.7344, 53.6264)

[node name="43Torch6" parent="Torch" instance=ExtResource("30_kel74")]
transform = Transform3D(0.989006, 0, 0.147877, 0, 1, 0, -0.147877, 0, 0.989006, 52.3763, 17.7344, 49.0047)

[node name="43Torch7" parent="Torch" instance=ExtResource("30_kel74")]
transform = Transform3D(0.232843, 0, -0.972514, 0, 1, 0, 0.972514, 0, 0.232843, 44.9847, 17.7344, 51.3798)

[node name="43Torch8" parent="Torch" instance=ExtResource("30_kel74")]
transform = Transform3D(0.989006, 0, 0.147877, 0, 1, 0, -0.147877, 0, 0.989006, 40.3763, 17.7344, 57.0047)

[node name="43Torch9" parent="Torch" instance=ExtResource("30_kel74")]
transform = Transform3D(0.989006, 0, 0.147877, 0, 1, 0, -0.147877, 0, 0.989006, 31.3763, 17.7344, 57.0047)

[node name="43Torch10" parent="Torch" instance=ExtResource("30_kel74")]
transform = Transform3D(0.989006, 0, 0.147877, 0, 1, 0, -0.147877, 0, 0.989006, 23.3763, 17.7344, 57.0047)

[node name="43Torch11" parent="Torch" instance=ExtResource("30_kel74")]
transform = Transform3D(0.989006, 0, 0.147877, 0, 1, 0, -0.147877, 0, 0.989006, 14.3763, 17.7344, 57.0047)

[node name="43Torch12" parent="Torch" instance=ExtResource("30_kel74")]
transform = Transform3D(0.232843, 0, -0.972514, 0, 1, 0, 0.972514, 0, 0.232843, 7.98477, 17.7344, 50.3798)

[node name="43Torch13" parent="Torch" instance=ExtResource("30_kel74")]
transform = Transform3D(-0.0618025, 0, 0.998088, 0, 1, 0, -0.998088, 0, -0.0618025, 52.9939, 17.7344, 38.6264)

[node name="43Torch14" parent="Torch" instance=ExtResource("30_kel74")]
transform = Transform3D(-0.0618025, 0, 0.998088, 0, 1, 0, -0.998088, 0, -0.0618025, 52.9939, 17.7344, 28.6264)

[node name="43Torch15" parent="Torch" instance=ExtResource("30_kel74")]
transform = Transform3D(-0.0618025, 0, 0.998088, 0, 1, 0, -0.998088, 0, -0.0618025, 16.9939, 17.7344, 41.6264)

[node name="43Torch16" parent="Torch" instance=ExtResource("30_kel74")]
transform = Transform3D(-0.0618025, 0, 0.998088, 0, 1, 0, -0.998088, 0, -0.0618025, 16.9939, 17.7344, 33.6264)

[node name="43Torch17" parent="Torch" instance=ExtResource("30_kel74")]
transform = Transform3D(-0.0618025, 0, 0.998088, 0, 1, 0, -0.998088, 0, -0.0618025, 16.9939, 17.7344, 24.6264)

[node name="43Torch18" parent="Torch" instance=ExtResource("30_kel74")]
transform = Transform3D(0.989006, 0, 0.147877, 0, 1, 0, -0.147877, 0, 0.989006, 56.3763, 17.7344, 24.0047)

[node name="43Torch19" parent="Torch" instance=ExtResource("30_kel74")]
transform = Transform3D(-0.992361, 0, -0.123369, 0, 1, 0, 0.123369, 0, -0.992361, 51.5855, 17.7344, 16.9984)

[node name="43Torch20" parent="Torch" instance=ExtResource("30_kel74")]
transform = Transform3D(-0.0618025, 0, 0.998088, 0, 1, 0, -0.998088, 0, -0.0618025, 61.9939, 17.7344, 17.6264)

[node name="43Torch21" parent="Torch" instance=ExtResource("30_kel74")]
transform = Transform3D(-0.992361, 0, -0.123369, 0, 1, 0, 0.123369, 0, -0.992361, 57.5855, 17.7344, 10.9984)

[node name="43Torch22" parent="Torch" instance=ExtResource("30_kel74")]
transform = Transform3D(-0.992361, 0, -0.123369, 0, 1, 0, 0.123369, 0, -0.992361, 47.5855, 17.7344, 10.9984)

[node name="43Torch23" parent="Torch" instance=ExtResource("30_kel74")]
transform = Transform3D(-0.992361, 0, -0.123369, 0, 1, 0, 0.123369, 0, -0.992361, 39.5855, 17.7344, 10.9984)

[node name="43Torch24" parent="Torch" instance=ExtResource("30_kel74")]
transform = Transform3D(-0.0618025, 0, 0.998088, 0, 1, 0, -0.998088, 0, -0.0618025, 35.9939, 17.7344, 8.62638)

[node name="43Torch25" parent="Torch" instance=ExtResource("30_kel74")]
transform = Transform3D(-0.0618025, 0, 0.998088, 0, 1, 0, -0.998088, 0, -0.0618025, 35.9939, 17.7344, 1.62638)

[node name="43Torch26" parent="Torch" instance=ExtResource("30_kel74")]
transform = Transform3D(-0.0618025, 0, 0.998088, 0, 1, 0, -0.998088, 0, -0.0618025, 36.0329, 21.6406, -6.37362)

[node name="43Torch27" parent="Torch" instance=ExtResource("30_kel74")]
transform = Transform3D(-0.992361, 0, -0.123369, 0, 1, 0, 0.123369, 0, -0.992361, 43.5855, 22.4219, -14.0016)

[node name="43Torch28" parent="Torch" instance=ExtResource("30_kel74")]
transform = Transform3D(0.989006, 0, 0.147877, 0, 1, 0, -0.147877, 0, 0.989006, 43.3763, 17.7344, -8.99534)

[node name="43Torch29" parent="Torch" instance=ExtResource("30_kel74")]
transform = Transform3D(0.989006, 0, 0.147877, 0, 1, 0, -0.147877, 0, 0.989006, 37.3763, 17.7344, -8.99534)

[node name="43Torch30" parent="Torch" instance=ExtResource("30_kel74")]
transform = Transform3D(-0.992361, 0, -0.123369, 0, 1, 0, 0.123369, 0, -0.992361, 37.5855, 22.4219, -14.0016)

[node name="43Torch31" parent="Torch" instance=ExtResource("30_kel74")]
transform = Transform3D(-0.0618025, 0, 0.998088, 0, 1, 0, -0.998088, 0, -0.0618025, 35.9939, 22.4219, -20.3736)

[node name="43Torch32" parent="Torch" instance=ExtResource("30_kel74")]
transform = Transform3D(0.989006, 0, 0.147877, 0, 1, 0, -0.147877, 0, 0.989006, 31.3763, 17.7344, -17.9953)

[node name="43Torch33" parent="Torch" instance=ExtResource("30_kel74")]
transform = Transform3D(-0.992361, 0, -0.123369, 0, 1, 0, 0.123369, 0, -0.992361, 31.5855, 22.4219, -23.0016)

[node name="43Torch34" parent="Torch" instance=ExtResource("30_kel74")]
transform = Transform3D(-0.992361, 0, -0.123369, 0, 1, 0, 0.123369, 0, -0.992361, 25.5855, 22.4219, -23.0016)

[node name="43Torch35" parent="Torch" instance=ExtResource("30_kel74")]
transform = Transform3D(0.989006, 0, 0.147877, 0, 1, 0, -0.147877, 0, 0.989006, 25.3763, 17.7344, -17.9953)

[node name="43Torch36" parent="Torch" instance=ExtResource("30_kel74")]
transform = Transform3D(-0.992361, 0, -0.123369, 0, 1, 0, 0.123369, 0, -0.992361, 37.5855, 22.4219, -31.0016)

[node name="43Torch37" parent="Torch" instance=ExtResource("30_kel74")]
transform = Transform3D(-0.0618025, 0, 0.998088, 0, 1, 0, -0.998088, 0, -0.0618025, 35.9939, 21.25, -34.3736)

[node name="43Torch38" parent="Torch" instance=ExtResource("30_kel74")]
transform = Transform3D(-0.0618025, 0, 0.998088, 0, 1, 0, -0.998088, 0, -0.0618025, 35.9939, 17.7344, -43.3736)

[node name="43Torch39" parent="Torch" instance=ExtResource("30_kel74")]
transform = Transform3D(-0.0618025, 0, 0.998088, 0, 1, 0, -0.998088, 0, -0.0618025, 44.9939, 17.7344, -55.3736)

[node name="43Torch40" parent="Torch" instance=ExtResource("30_kel74")]
transform = Transform3D(-0.999694, 0, 0.0247352, 0, 1, 0, -0.0247352, 0, -0.999694, 34.6281, 17.7344, -61.9829)

[node name="43Torch41" parent="Torch" instance=ExtResource("30_kel74")]
transform = Transform3D(0.989006, 0, 0.147877, 0, 1, 0, -0.147877, 0, 0.989006, 19.9232, 16.1719, -52.9953)

[node name="43Torch42" parent="Torch" instance=ExtResource("30_kel74")]
transform = Transform3D(0.989006, 0, 0.147877, 0, 1, 0, -0.147877, 0, 0.989006, -2.54562, 10.7031, -52.9953)

[node name="43Torch43" parent="Torch" instance=ExtResource("30_kel74")]
transform = Transform3D(0.111086, 0, -0.993811, 0, 1, 0, 0.993811, 0, 0.111086, -35.0001, 11.4844, -54.625)

[node name="43Torch44" parent="Torch" instance=ExtResource("30_kel74")]
transform = Transform3D(0.989006, 0, 0.147877, 0, 1, 0, -0.147877, 0, 0.989006, -19.5456, 10.7031, -51.9953)

[node name="43Torch45" parent="Torch" instance=ExtResource("30_kel74")]
transform = Transform3D(-0.995108, 0, -0.0987858, 0, 1, 0, 0.0987858, 0, -0.995108, -19.4918, 10.7031, -56.9986)

[node name="43Torch46" parent="Torch" instance=ExtResource("30_kel74")]
transform = Transform3D(0.989006, 0, 0.147877, 0, 1, 0, -0.147877, 0, 0.989006, 7.45438, 10.7031, -52.9953)

[node name="43Torch47" parent="Torch" instance=ExtResource("30_kel74")]
transform = Transform3D(-0.184464, 0, 0.982839, 0, 1, 0, -0.982839, 0, -0.184464, 17.0093, 17.7344, 13.6223)

[node name="43Torch48" parent="Torch" instance=ExtResource("30_kel74")]
transform = Transform3D(-0.184464, 0, 0.982839, 0, 1, 0, -0.982839, 0, -0.184464, 17.0093, 17.7344, 5.62232)

[node name="43Torch49" parent="Torch" instance=ExtResource("30_kel74")]
transform = Transform3D(-0.992361, 0, -0.123369, 0, 1, 0, 0.123369, 0, -0.992361, 9.5074, 17.5781, 1.99841)

[node name="43Torch50" parent="Torch" instance=ExtResource("30_kel74")]
transform = Transform3D(0.989006, 0, 0.147877, 0, 1, 0, -0.147877, 0, 0.989006, 5.49345, 17.7344, 9.00466)

[node name="43Torch51" parent="Torch" instance=ExtResource("30_kel74")]
transform = Transform3D(-0.992361, 0, -0.123369, 0, 1, 0, 0.123369, 0, -0.992361, 1.5074, 17.5781, 1.99841)

[node name="43Torch52" parent="Torch" instance=ExtResource("30_kel74")]
transform = Transform3D(0.989006, 0, 0.147877, 0, 1, 0, -0.147877, 0, 0.989006, -2.50655, 17.7344, 9.00466)

[node name="43Torch53" parent="Torch" instance=ExtResource("30_kel74")]
transform = Transform3D(-0.992361, 0, -0.123369, 0, 1, 0, 0.123369, 0, -0.992361, -6.4926, 17.5781, 1.99841)

[node name="43Torch54" parent="Torch" instance=ExtResource("30_kel74")]
transform = Transform3D(0.989006, 0, 0.147877, 0, 1, 0, -0.147877, 0, 0.989006, -10.5065, 17.7344, 9.00466)

[node name="43Torch55" parent="Torch" instance=ExtResource("30_kel74")]
transform = Transform3D(-1, 0, 8.9407e-08, 0, 1, 0, -8.9407e-08, 0, -1, -32.9582, 22.0312, -5.98597)

[node name="43Torch56" parent="Torch" instance=ExtResource("30_kel74")]
transform = Transform3D(0.989006, 0, 0.147877, 0, 1, 0, -0.147877, 0, 0.989006, -33.0534, 22.0312, 17.0047)

[node name="43Torch57" parent="Torch" instance=ExtResource("30_kel74")]
transform = Transform3D(0.989006, 0, 0.147877, 0, 1, 0, -0.147877, 0, 0.989006, -53.0534, 22.0312, 17.0047)

[node name="43Torch58" parent="Torch" instance=ExtResource("30_kel74")]
transform = Transform3D(0.111086, 0, -0.993811, 0, 1, 0, 0.993811, 0, 0.111086, -61.0001, 24.2969, 10.9219)

[node name="43Torch59" parent="Torch" instance=ExtResource("30_kel74")]
transform = Transform3D(0.111086, 0, -0.993811, 0, 1, 0, 0.993811, 0, 0.111086, -61.0001, 24.2969, -0.078114)

[node name="43Torch60" parent="Torch" instance=ExtResource("30_kel74")]
transform = Transform3D(-1, 0, 8.9407e-08, 0, 1, 0, -8.9407e-08, 0, -1, -52.9817, 22.0312, -5.98597)

[node name="AleTap" type="Node3D" parent="."]

[node name="46Aletap" parent="AleTap" instance=ExtResource("30_poe8a")]
transform = Transform3D(1, 0, 0, 0, 1, 0, 0, 0, 1, 10.188, 15, 46.5)

[node name="SpiderWeb" type="Node3D" parent="."]

[node name="51Spiderweb" parent="SpiderWeb" instance=ExtResource("29_tdd4i")]
transform = Transform3D(-0.609579, 5.96046e-08, -0.792725, 0.287441, 0.931946, -0.221032, 0.738777, -0.362598, -0.568095, 24.3906, 15.8594, -59.1094)

[node name="51Spiderweb2" parent="SpiderWeb" instance=ExtResource("29_tdd4i")]
transform = Transform3D(1, 0, 0, 0, 1, 0, 0, 0, 1, 48.2656, 20.4688, -25.5)

[node name="Barrel" type="Node3D" parent="."]

[node name="5Sbarrel" parent="Barrel" instance=ExtResource("30_adjvk")]
transform = Transform3D(1, 0, 0, 0, 1, 0, 0, 0, 1, 44.5, 15, -52.359)

[node name="5Sbarrel2" parent="Barrel" instance=ExtResource("30_adjvk")]
transform = Transform3D(1, 0, 0, 0, 1, 0, 0, 0, 1, 44.5, 15, -53.867)

[node name="Crate" type="Node3D" parent="."]

[node name="48Crate" parent="Crate" instance=ExtResource("30_hjucu")]
transform = Transform3D(0.902497, 0, -0.430697, 0, 1, 0, 0.430697, 0, 0.902497, 44.5, 15, -59.008)

[node name="48Crate2" parent="Crate" instance=ExtResource("30_hjucu")]
transform = Transform3D(0.96956, 1.49012e-08, -0.244854, 0.244686, -0.037097, 0.968892, -0.00908332, -0.999312, -0.0359677, 44.5193, 15.6921, -56.8693)

[node name="48Crate3" parent="Crate" instance=ExtResource("30_hjucu")]
transform = Transform3D(0.996254, 0, 0.0864712, 0, 1, 0, -0.0864712, 0, 0.996254, 44.5, 15, -56.031)

[node name="SkullPile" type="Node3D" parent="."]

[node name="49Skullpile" parent="SkullPile" instance=ExtResource("30_m1cgt")]
transform = Transform3D(1, 0, 0, 0, 1, 0, 0, 0, -1, 26.719, 15, -49.5)

[node name="Urn" type="Node3D" parent="."]

[node name="82Urn" parent="Urn" instance=ExtResource("29_rvskd")]
transform = Transform3D(1, 0, 0, 0, 1, 0, 0, 0, -1, -25.93, 8.75, -47.5)

[node name="82Urn2" parent="Urn" instance=ExtResource("29_rvskd")]
transform = Transform3D(1, 0, 0, 0, 1, 0, 0, 0, -1, -20.953, 8.75, -47.5)

[node name="82Urn3" parent="Urn" instance=ExtResource("29_rvskd")]
transform = Transform3D(1, 0, 0, 0, 1, 0, 0, 0, -1, -15.977, 8.75, -47.5)

[node name="82Urn4" parent="Urn" instance=ExtResource("29_rvskd")]
transform = Transform3D(1, 0, 0, 0, 1, 0, 0, 0, -1, -11.898, 8.75, -47.5)

[node name="82Urn5" parent="Urn" instance=ExtResource("29_rvskd")]
transform = Transform3D(1, 0, 0, 0, 1, 0, 0, 0, -1, -11.898, 8.75, -61.5)

[node name="82Urn6" parent="Urn" instance=ExtResource("29_rvskd")]
transform = Transform3D(1, 0, 0, 0, 1, 0, 0, 0, -1, -15.977, 8.75, -61.5)

[node name="82Urn7" parent="Urn" instance=ExtResource("29_rvskd")]
transform = Transform3D(1, 0, 0, 0, 1, 0, 0, 0, -1, -20.953, 8.75, -61.5)

[node name="82Urn8" parent="Urn" instance=ExtResource("29_rvskd")]
transform = Transform3D(1, 0, 0, 0, 1, 0, 0, 0, -1, -25.93, 8.75, -61.5)

[node name="Brazier" type="Node3D" parent="."]

[node name="76Brazier" parent="Brazier" instance=ExtResource("30_5p886")]
transform = Transform3D(1, 0, 0, 0, 1, 0, 0, 0, -1, -60.969, 21.75, 7.5)

[node name="76Brazier2" parent="Brazier" instance=ExtResource("30_5p886")]
transform = Transform3D(1, 0, 0, 0, 1, 0, 0, 0, -1, -60.969, 21.75, 3.5)

[node name="DarkChest" type="Node3D" parent="."]

[node name="135Darkchest" parent="DarkChest" instance=ExtResource("30_sbh6o")]
transform = Transform3D(-0.993307, 0, 0.115503, 0, 1, 0, -0.115503, 0, -0.993307, 56.0703, 14.9883, 49.5469)

[node name="135Darkchest2" parent="DarkChest" instance=ExtResource("30_sbh6o")]
transform = Transform3D(-0.993307, 0, 0.115503, 0, 1, 0, -0.115503, 0, -0.993307, 56.0703, 14.9883, 49.5469)
