[gd_scene load_steps=24 format=3 uid="uid://y0ywa755ksd6"]

[ext_resource type="PackedScene" uid="uid://7afenfg3682j" path="res://game/levels/crypt3/crypt3Static.tscn" id="1_avhsf"]
[ext_resource type="PackedScene" uid="uid://bd2dttiug1cvc" path="res://game/levels/crypt3/npc_placement/map.gltf" id="2_b81cw"]
[ext_resource type="Script" path="res://game/components/levelchange_activator/levelchange_activator.gd" id="2_vco7p"]
[ext_resource type="Environment" uid="uid://dhku8dhhyvp0u" path="res://game/assets/world_environments/interior.tres" id="3_1iasd"]
[ext_resource type="PackedScene" uid="uid://dddrothxl62m" path="res://game/tools/character_position_marker.tscn" id="3_2n05f"]
[ext_resource type="PackedScene" uid="uid://dgw30tnamfssm" path="res://game/actors/characters/generated_characters/3201_cryptsh3__m2_ancestor_ghost/3201_cryptsh3__m2_ancestor_ghost.tscn" id="5_j4bxd"]
[ext_resource type="PackedScene" uid="uid://7oy2elqv6paf" path="res://game/actors/characters/generated_characters/209_cryptsh3__m2_arrow_shade/209_cryptsh3__m2_arrow_shade.tscn" id="7_thajo"]
[ext_resource type="PackedScene" uid="uid://bpthu0og6mp60" path="res://game/actors/characters/generated_characters/105_cryptsh3__m2_night_dead/105_cryptsh3__m2_night_dead.tscn" id="8_m7jxd"]
[ext_resource type="PackedScene" uid="uid://beo7vcj0nsoer" path="res://game/actors/characters/generated_characters/261_cryptsh3__m1_shriekfloater/261_cryptsh3__m1_shriekfloater.tscn" id="9_01ghy"]
[ext_resource type="PackedScene" uid="uid://cn1t6osktxae3" path="res://game/actors/characters/generated_characters/209_cryptsh3__m1_arrow_shade/209_cryptsh3__m1_arrow_shade.tscn" id="10_e13n8"]
[ext_resource type="PackedScene" uid="uid://hlkvtvyn4txf" path="res://game/actors/characters/generated_characters/3201_monsters__ancestor_ghost/3201_monsters__ancestor_ghost.tscn" id="11_gigr4"]
[ext_resource type="PackedScene" uid="uid://c0s6fwn7bv34m" path="res://game/actors/characters/generated_characters/261_monsters__shriekfloater/261_monsters__shriekfloater.tscn" id="12_sglfn"]
[ext_resource type="PackedScene" uid="uid://bmd6rgyadrwqc" path="res://game/actors/characters/generated_characters/258_monsters__shadow_ghast/258_monsters__shadow_ghast.tscn" id="13_1amrc"]
[ext_resource type="PackedScene" uid="uid://dm8t03he5hva1" path="res://game/actors/characters/generated_characters/105_monsters__nightdead/105_monsters__nightdead.tscn" id="14_pie5d"]
[ext_resource type="PackedScene" uid="uid://bpo7dr1mkykbm" path="res://game/actors/characters/generated_characters/259_monsters__shadow_tentacle/259_monsters__shadow_tentacle.tscn" id="15_cfv4y"]
[ext_resource type="PackedScene" uid="uid://uh1porxrhyvj" path="res://game/tools/object_position_marker.tscn" id="16_iqrhs"]
[ext_resource type="PackedScene" uid="uid://xgpubh4asctk" path="res://game/actors/characters/generated_characters/275_monsters__umbric_rats/275_monsters__umbric_rats.tscn" id="17_ruqbm"]
[ext_resource type="PackedScene" uid="uid://cuexjjgni5ssf" path="res://game/actors/characters/generated_characters/223_monsters__dusk_wolves/223_monsters__dusk_wolves.tscn" id="18_janyr"]
[ext_resource type="PackedScene" uid="uid://ehqspqe18koe" path="res://game/actors/characters/generated_characters/924_monsters__tunnel_wight/924_monsters__tunnel_wight.tscn" id="19_paads"]
[ext_resource type="PackedScene" uid="uid://b02h5458drwd4" path="res://game/actors/characters/generated_characters/925_monsters__mountain_wight/925_monsters__mountain_wight.tscn" id="20_sh07i"]
[ext_resource type="PackedScene" uid="uid://byc1r2vuiprlh" path="res://game/actors/characters/generated_characters/209_monsters__arrow_shade/209_monsters__arrow_shade.tscn" id="21_uuagr"]

[sub_resource type="BoxMesh" id="BoxMesh_i3mve"]
size = Vector3(0.1, 0.1, 0.1)

[sub_resource type="BoxShape3D" id="BoxShape3D_0o1pb"]
size = Vector3(3, 5, 1)

[node name="crypt3" type="Node3D"]

[node name="StaticTerrain" type="Node3D" parent="." groups=["static_terrain"]]

[node name="crypt3" parent="StaticTerrain" instance=ExtResource("1_avhsf")]
transform = Transform3D(1, 0, 0, 0, 1, 0, 0, 0, 1, 0, -20.25, 0)

[node name="npc_placement" type="Node3D" parent="StaticTerrain"]
visible = false

[node name="map" parent="StaticTerrain/npc_placement" instance=ExtResource("2_b81cw")]

[node name="actors" type="Node3D" parent="."]

[node name="named_characters" type="Node3D" parent="actors"]

[node name="opponents" type="Node3D" parent="actors"]

[node name="3201_placeholder4" parent="actors/opponents" instance=ExtResource("5_j4bxd")]
transform = Transform3D(-0.0864711, 0, 0.996254, 0, 1, 0, -0.996254, 0, -0.0864711, -2.5, -5.2, 5.5)

[node name="209_placeholder6" parent="actors/opponents" instance=ExtResource("7_thajo")]
transform = Transform3D(-0.0864712, 0, -0.996254, 0, 1, 0, 0.996254, 0, -0.0864712, 2.5, -5.2, 5.5)

[node name="105_placeholder5" parent="actors/opponents" instance=ExtResource("8_m7jxd")]
transform = Transform3D(0.160098, 0, -0.987101, 0, 1, 0, 0.987101, 0, 0.160098, 8.5, -5.2, 4.5)

[node name="105_placeholder6" parent="actors/opponents" instance=ExtResource("8_m7jxd")]
transform = Transform3D(0.609579, 0, -0.792726, 0, 1, 0, 0.792726, 0, 0.609579, 8.5, -5.2, 7.5)

[node name="261_placeholder5" parent="actors/opponents" instance=ExtResource("9_01ghy")]
transform = Transform3D(-0.549126, 0, -0.835739, 0, 1, 0, 0.835739, 0, -0.549126, 17.5, -5.2, 52.5)

[node name="261_placeholder6" parent="actors/opponents" instance=ExtResource("9_01ghy")]
transform = Transform3D(-0.441826, 0, -0.897101, 0, 1, 0, 0.897101, 0, -0.441826, 11.5, -5.2, 52.5)

[node name="209_placeholder7" parent="actors/opponents" instance=ExtResource("10_e13n8")]
transform = Transform3D(-0.814793, 0, -0.579752, 0, 1, 0, 0.579752, 0, -0.814793, 17.5, -5.2, 48.5)

[node name="209_placeholder8" parent="actors/opponents" instance=ExtResource("10_e13n8")]
transform = Transform3D(-0.441826, 0, -0.897101, 0, 1, 0, 0.897101, 0, -0.441826, 11.5, -5.2, 49.5)

[node name="3201_placeholder5" parent="actors/opponents" instance=ExtResource("11_gigr4")]
transform = Transform3D(-0.999694, 0, -0.0247344, 0, 1, 0, 0.0247344, 0, -0.999694, 35.5, -5.2, -58.5)

[node name="261_placeholder7" parent="actors/opponents" instance=ExtResource("12_sglfn")]
transform = Transform3D(-0.999694, 0, -0.0247344, 0, 1, 0, 0.0247344, 0, -0.999694, 32.5, -5.2, -52.5)

[node name="261_placeholder8" parent="actors/opponents" instance=ExtResource("12_sglfn")]
transform = Transform3D(-0.999694, 0, -0.0247344, 0, 1, 0, 0.0247344, 0, -0.999694, 38.5, -5.2, -52.5)

[node name="258_placeholder4" parent="actors/opponents" instance=ExtResource("13_1amrc")]
transform = Transform3D(-0.999694, 0, -0.0247344, 0, 1, 0, 0.0247344, 0, -0.999694, 40.5, -5.2, -54.5)

[node name="258_placeholder5" parent="actors/opponents" instance=ExtResource("13_1amrc")]
transform = Transform3D(-0.999694, 0, -0.0247344, 0, 1, 0, 0.0247344, 0, -0.999694, 29.5, -5.2, -54.5)

[node name="258_placeholder6" parent="actors/opponents" instance=ExtResource("13_1amrc")]
transform = Transform3D(-0.061803, 0, 0.998088, 0, 1, 0, -0.998088, 0, -0.061803, 49.5, -0.7, -28.5)

[node name="105_placeholder7" parent="actors/opponents" instance=ExtResource("14_pie5d")]
transform = Transform3D(-0.327776, 0, 0.944755, 0, 1, 0, -0.944755, 0, -0.327776, 45.5, -0.7, -29.5)

[node name="105_placeholder8" parent="actors/opponents" instance=ExtResource("14_pie5d")]
transform = Transform3D(-0.208718, 0, 0.977976, 0, 1, 0, -0.977976, 0, -0.208718, 43.5, -0.7, -27.5)

[node name="259_placeholder5" parent="actors/opponents" instance=ExtResource("15_cfv4y")]
transform = Transform3D(-0.0864711, 0, 0.996254, 0, 1, 0, -0.996254, 0, -0.0864711, 39.5, -0.7, -29.5)

[node name="259_placeholder6" parent="actors/opponents" instance=ExtResource("15_cfv4y")]
transform = Transform3D(0.396921, 0, 0.917853, 0, 1, 0, -0.917853, 0, 0.396921, 38.5, -0.7, -27.5)

[node name="3201_placeholder6" parent="actors/opponents" instance=ExtResource("11_gigr4")]
transform = Transform3D(-0.327776, 0, -0.944755, 0, 1, 0, 0.944755, 0, -0.327776, 34.5, -5.2, 12.5)

[node name="275_placeholder4" parent="actors/opponents" instance=ExtResource("17_ruqbm")]
transform = Transform3D(-1, 0, -8.74228e-08, 0, 1, 0, 8.74228e-08, 0, -1, 50.5, -5.2, 19.5)

[node name="275_placeholder5" parent="actors/opponents" instance=ExtResource("17_ruqbm")]
transform = Transform3D(-0.880093, 0, 0.474802, 0, 1, 0, -0.474802, 0, -0.880093, 53.5, -5.2, 22.5)

[node name="275_placeholder6" parent="actors/opponents" instance=ExtResource("17_ruqbm")]
transform = Transform3D(-0.992361, 0, -0.12337, 0, 1, 0, 0.12337, 0, -0.992361, 50.5, -5.2, 22.5)

[node name="223_placeholder2" parent="actors/opponents" instance=ExtResource("18_janyr")]
transform = Transform3D(-0.814793, 0, 0.579752, 0, 1, 0, -0.579752, 0, -0.814793, 55.5, -5.2, 19.5)

[node name="924_placeholder3" parent="actors/opponents" instance=ExtResource("19_paads")]
transform = Transform3D(0.135634, 0, 0.990759, 0, 1, 0, -0.990759, 0, 0.135634, 40.5, -0.7, -10.5)

[node name="924_placeholder4" parent="actors/opponents" instance=ExtResource("19_paads")]
transform = Transform3D(-0.232844, 0, 0.972514, 0, 1, 0, -0.972514, 0, -0.232844, 40.5, -0.7, -12.5)

[node name="925_placeholder3" parent="actors/opponents" instance=ExtResource("20_sh07i")]
transform = Transform3D(0.0123682, 0, 0.999924, 0, 1, 0, -0.999924, 0, 0.0123682, 45.5, -0.7, -10.5)

[node name="925_placeholder4" parent="actors/opponents" instance=ExtResource("20_sh07i")]
transform = Transform3D(-0.208718, 0, 0.977976, 0, 1, 0, -0.977976, 0, -0.208718, 45.5, -0.7, -12.5)

[node name="209_placeholder9" parent="actors/opponents" instance=ExtResource("21_uuagr")]
transform = Transform3D(0.160098, 0, -0.987101, 0, 1, 0, 0.987101, 0, 0.160098, 28.5, -0.7, -19.5)

[node name="209_placeholder10" parent="actors/opponents" instance=ExtResource("21_uuagr")]
transform = Transform3D(-0.327776, 0, -0.944755, 0, 1, 0, 0.944755, 0, -0.327776, 28.5, -0.7, -21.5)

[node name="259_placeholder7" parent="actors/opponents" instance=ExtResource("15_cfv4y")]
transform = Transform3D(0.0370971, 0, -0.999312, 0, 1, 0, 0.999312, 0, 0.0370971, 22.5, -0.7, -19.5)

[node name="259_placeholder8" parent="actors/opponents" instance=ExtResource("15_cfv4y")]
transform = Transform3D(-0.0864712, 0, -0.996254, 0, 1, 0, 0.996254, 0, -0.0864712, 21.5, -0.7, -21.5)

[node name="objects" type="Node3D" parent="actors"]

[node name="placeholders" type="Node3D" parent="actors"]
transform = Transform3D(1, 0, 0, 0, 1, 0, 0, 0, 1, 0, -5.7, 0)
visible = false

[node name="3201_placeholder" parent="actors/placeholders" instance=ExtResource("3_2n05f")]
transform = Transform3D(-0.0864711, 0, 0.996254, 0, 1, 0, -0.996254, 0, -0.0864711, -2.5, 0.5, 5.5)
type = 2
scriptname = "cryptsh3\\m2_ancestor_ghost.s"

[node name="209_placeholder" parent="actors/placeholders" instance=ExtResource("3_2n05f")]
transform = Transform3D(-0.0864712, 0, -0.996254, 0, 1, 0, 0.996254, 0, -0.0864712, 2.5, 0.5, 5.5)
type = 2
scriptname = "cryptsh3\\m2_arrow_shade.s"

[node name="105_placeholder" parent="actors/placeholders" instance=ExtResource("3_2n05f")]
transform = Transform3D(0.160098, 0, -0.987101, 0, 1, 0, 0.987101, 0, 0.160098, 8.5, 0.5, 4.5)
type = 2
scriptname = "cryptsh3\\m2_night_dead.s"

[node name="105_placeholder2" parent="actors/placeholders" instance=ExtResource("3_2n05f")]
transform = Transform3D(0.609579, 0, -0.792726, 0, 1, 0, 0.792726, 0, 0.609579, 8.5, 0.5, 7.5)
type = 2
scriptname = "cryptsh3\\m2_night_dead.s"

[node name="261_placeholder" parent="actors/placeholders" instance=ExtResource("3_2n05f")]
transform = Transform3D(-0.549126, 0, -0.835739, 0, 1, 0, 0.835739, 0, -0.549126, 17.5, 0.5, 52.5)
type = 2
scriptname = "cryptsh3\\m1_shriekfloater.s"

[node name="261_placeholder2" parent="actors/placeholders" instance=ExtResource("3_2n05f")]
transform = Transform3D(-0.441826, 0, -0.897101, 0, 1, 0, 0.897101, 0, -0.441826, 11.5, 0.5, 52.5)
type = 2
scriptname = "cryptsh3\\m1_shriekfloater.s"

[node name="209_placeholder2" parent="actors/placeholders" instance=ExtResource("3_2n05f")]
transform = Transform3D(-0.814793, 0, -0.579752, 0, 1, 0, 0.579752, 0, -0.814793, 17.5, 0.5, 48.5)
type = 2
scriptname = "cryptsh3\\m1_arrow_shade.s"

[node name="209_placeholder3" parent="actors/placeholders" instance=ExtResource("3_2n05f")]
transform = Transform3D(-0.441826, 0, -0.897101, 0, 1, 0, 0.897101, 0, -0.441826, 11.5, 0.5, 49.5)
type = 2
scriptname = "cryptsh3\\m1_arrow_shade.s"

[node name="3201_placeholder2" parent="actors/placeholders" instance=ExtResource("3_2n05f")]
transform = Transform3D(-0.999694, 0, -0.0247344, 0, 1, 0, 0.0247344, 0, -0.999694, 35.5, 0.5, -58.5)
type = 2
scriptname = "monsters\\Ancestor_Ghost.s"

[node name="261_placeholder3" parent="actors/placeholders" instance=ExtResource("3_2n05f")]
transform = Transform3D(-0.999694, 0, -0.0247344, 0, 1, 0, 0.0247344, 0, -0.999694, 32.5, 0.5, -52.5)
type = 2
scriptname = "monsters\\Shriekfloater.s"

[node name="261_placeholder4" parent="actors/placeholders" instance=ExtResource("3_2n05f")]
transform = Transform3D(-0.999694, 0, -0.0247344, 0, 1, 0, 0.0247344, 0, -0.999694, 38.5, 0.5, -52.5)
type = 2
scriptname = "monsters\\Shriekfloater.s"

[node name="258_placeholder" parent="actors/placeholders" instance=ExtResource("3_2n05f")]
transform = Transform3D(-0.999694, 0, -0.0247344, 0, 1, 0, 0.0247344, 0, -0.999694, 40.5, 0.5, -54.5)
type = 2
scriptname = "monsters\\Shadow_Ghast.s"

[node name="258_placeholder2" parent="actors/placeholders" instance=ExtResource("3_2n05f")]
transform = Transform3D(-0.999694, 0, -0.0247344, 0, 1, 0, 0.0247344, 0, -0.999694, 29.5, 0.5, -54.5)
type = 2
scriptname = "monsters\\Shadow_Ghast.s"

[node name="258_placeholder3" parent="actors/placeholders" instance=ExtResource("3_2n05f")]
transform = Transform3D(-0.061803, 0, 0.998088, 0, 1, 0, -0.998088, 0, -0.061803, 49.5, 5, -28.5)
type = 2
scriptname = "monsters\\Shadow_Ghast.s"

[node name="105_placeholder3" parent="actors/placeholders" instance=ExtResource("3_2n05f")]
transform = Transform3D(-0.327776, 0, 0.944755, 0, 1, 0, -0.944755, 0, -0.327776, 45.5, 5, -29.5)
type = 2
scriptname = "monsters\\Nightdead.s"

[node name="105_placeholder4" parent="actors/placeholders" instance=ExtResource("3_2n05f")]
transform = Transform3D(-0.208718, 0, 0.977976, 0, 1, 0, -0.977976, 0, -0.208718, 43.5, 5, -27.5)
type = 2
scriptname = "monsters\\Nightdead.s"

[node name="259_placeholder" parent="actors/placeholders" instance=ExtResource("3_2n05f")]
transform = Transform3D(-0.0864711, 0, 0.996254, 0, 1, 0, -0.996254, 0, -0.0864711, 39.5, 5, -29.5)
type = 2
scriptname = "monsters\\shadow_tentacle.s"

[node name="259_placeholder2" parent="actors/placeholders" instance=ExtResource("3_2n05f")]
transform = Transform3D(0.396921, 0, 0.917853, 0, 1, 0, -0.917853, 0, 0.396921, 38.5, 5, -27.5)
type = 2
scriptname = "monsters\\shadow_tentacle.s"

[node name="3201_placeholder3" parent="actors/placeholders" instance=ExtResource("3_2n05f")]
transform = Transform3D(-0.327776, 0, -0.944755, 0, 1, 0, 0.944755, 0, -0.327776, 34.5, 0.5, 12.5)
type = 2
scriptname = "monsters\\Ancestor_Ghost.s"

[node name="301_placeholder" parent="actors/placeholders" instance=ExtResource("16_iqrhs")]
transform = Transform3D(0.0370969, 0, 0.999312, 0, 1, 0, -0.999312, 0, 0.0370969, 60.9688, 0.234375, 20.8906)
mesh = SubResource("BoxMesh_i3mve")
type = 8
scriptname = "cryptsh3\\rt_a.s"

[node name="275_placeholder" parent="actors/placeholders" instance=ExtResource("3_2n05f")]
transform = Transform3D(-1, 0, -8.74228e-08, 0, 1, 0, 8.74228e-08, 0, -1, 50.5, 0.5, 19.5)
type = 2
scriptname = "monsters\\Umbric_Rats.s"

[node name="275_placeholder2" parent="actors/placeholders" instance=ExtResource("3_2n05f")]
transform = Transform3D(-0.880093, 0, 0.474802, 0, 1, 0, -0.474802, 0, -0.880093, 53.5, 0.5, 22.5)
type = 2
scriptname = "monsters\\Umbric_Rats.s"

[node name="275_placeholder3" parent="actors/placeholders" instance=ExtResource("3_2n05f")]
transform = Transform3D(-0.992361, 0, -0.12337, 0, 1, 0, 0.12337, 0, -0.992361, 50.5, 0.5, 22.5)
type = 2
scriptname = "monsters\\Umbric_Rats.s"

[node name="223_placeholder" parent="actors/placeholders" instance=ExtResource("3_2n05f")]
transform = Transform3D(-0.814793, 0, 0.579752, 0, 1, 0, -0.579752, 0, -0.814793, 55.5, 0.5, 19.5)
type = 2
scriptname = "monsters\\Dusk_Wolves.s"

[node name="66_placeholder" parent="actors/placeholders" instance=ExtResource("16_iqrhs")]
transform = Transform3D(0.0370971, 0, -0.999312, 0, 1, 0, 0.999312, 0, 0.0370971, 51.9688, 5.19531, -28.5)
mesh = SubResource("BoxMesh_i3mve")
type = 1
scriptname = "shadowdoorsk_Wolves.s"

[node name="66_placeholder2" parent="actors/placeholders" instance=ExtResource("16_iqrhs")]
transform = Transform3D(-0.061803, 0, -0.998088, 0, 1, 0, 0.998088, 0, -0.061803, 51.9688, 5.11719, -11.5)
mesh = SubResource("BoxMesh_i3mve")
type = 1
scriptname = "shadowdoorsk_Wolves.s"

[node name="66_placeholder3" parent="actors/placeholders" instance=ExtResource("16_iqrhs")]
transform = Transform3D(7.54979e-08, 0, 1, 0, 1, 0, -1, 0, 7.54979e-08, 17.0312, 5.23438, -20.5)
mesh = SubResource("BoxMesh_i3mve")
type = 1
scriptname = "shadowdoorsk_Wolves.s"

[node name="71_placeholder" parent="actors/placeholders" instance=ExtResource("16_iqrhs")]
transform = Transform3D(-1, 0, -8.74228e-08, 0, 1, 0, 8.74228e-08, 0, -1, 37.5, 2.73438, -26.0312)
mesh = SubResource("BoxMesh_i3mve")
type = 1
scriptname = "torch01orsk_Wolves.s"

[node name="71_placeholder2" parent="actors/placeholders" instance=ExtResource("16_iqrhs")]
transform = Transform3D(0.999694, 0, -0.0247347, 0, 1, 0, 0.0247347, 0, 0.999694, 43.4609, 7.42188, -30.9688)
mesh = SubResource("BoxMesh_i3mve")
type = 1
scriptname = "torch01orsk_Wolves.s"

[node name="71_placeholder3" parent="actors/placeholders" instance=ExtResource("16_iqrhs")]
transform = Transform3D(-1, 0, -8.74228e-08, 0, 1, 0, 8.74228e-08, 0, -1, 43.5, 2.73438, -26.0312)
mesh = SubResource("BoxMesh_i3mve")
type = 1
scriptname = "torch01orsk_Wolves.s"

[node name="1_placeholder" parent="actors/placeholders" instance=ExtResource("16_iqrhs")]
transform = Transform3D(0.993307, 0, -0.115503, 0, 1, 0, 0.115503, 0, 0.993307, 56.0703, -0.0117188, 49.5469)
mesh = SubResource("BoxMesh_i3mve")
type = 1
scriptname = "EMPTY_CHESTk_Wolves.s"

[node name="1_placeholder2" parent="actors/placeholders" instance=ExtResource("16_iqrhs")]
transform = Transform3D(0.993307, 0, -0.115503, 0, 1, 0, 0.115503, 0, 0.993307, 56.0703, -0.0117188, 49.5469)
mesh = SubResource("BoxMesh_i3mve")
type = 1
scriptname = "!EMPTY_CHEST_Wolves.s"

[node name="1054_placeholder" parent="actors/placeholders" instance=ExtResource("16_iqrhs")]
transform = Transform3D(-1, 0, -8.74228e-08, 0, 1, 0, 8.74228e-08, 0, -1, -60.9688, 7.34375, 7.5)
mesh = SubResource("BoxMesh_i3mve")
type = 11
scriptname = "cryptsh3\\brazierp.s"

[node name="1054_placeholder2" parent="actors/placeholders" instance=ExtResource("16_iqrhs")]
transform = Transform3D(-1, 0, -8.74228e-08, 0, 1, 0, 8.74228e-08, 0, -1, -60.9688, 7.34375, 3.5)
mesh = SubResource("BoxMesh_i3mve")
type = 11
scriptname = "cryptsh3\\brazierl.s"

[node name="71_placeholder4" parent="actors/placeholders" instance=ExtResource("16_iqrhs")]
transform = Transform3D(-1, 0, -8.74228e-08, 0, 1, 0, 8.74228e-08, 0, -1, 52.5, 2.73438, 61.9688)
mesh = SubResource("BoxMesh_i3mve")
type = 1
scriptname = "torch01\\brazierl.s"

[node name="71_placeholder5" parent="actors/placeholders" instance=ExtResource("16_iqrhs")]
transform = Transform3D(-0.0864712, 0, -0.996254, 0, 1, 0, 0.996254, 0, -0.0864712, 60.9688, 2.73438, 53.5)
mesh = SubResource("BoxMesh_i3mve")
type = 1
scriptname = "torch01\\brazierl.s"

[node name="71_placeholder6" parent="actors/placeholders" instance=ExtResource("16_iqrhs")]
transform = Transform3D(-1, 0, -8.74228e-08, 0, 1, 0, 8.74228e-08, 0, -1, 52.5, 2.73438, 48.9688)
mesh = SubResource("BoxMesh_i3mve")
type = 1
scriptname = "torch01\\brazierl.s"

[node name="71_placeholder7" parent="actors/placeholders" instance=ExtResource("16_iqrhs")]
transform = Transform3D(-0.0864711, 0, 0.996254, 0, 1, 0, -0.996254, 0, -0.0864711, 45.0312, 2.73438, 51.5)
mesh = SubResource("BoxMesh_i3mve")
type = 1
scriptname = "torch01\\brazierl.s"

[node name="71_placeholder8" parent="actors/placeholders" instance=ExtResource("16_iqrhs")]
transform = Transform3D(-1, 0, -8.74228e-08, 0, 1, 0, 8.74228e-08, 0, -1, 40.5, 2.73438, 56.9688)
mesh = SubResource("BoxMesh_i3mve")
type = 1
scriptname = "torch01\\brazierl.s"

[node name="71_placeholder9" parent="actors/placeholders" instance=ExtResource("16_iqrhs")]
transform = Transform3D(-1, 0, -8.74228e-08, 0, 1, 0, 8.74228e-08, 0, -1, 31.5, 2.73438, 56.9688)
mesh = SubResource("BoxMesh_i3mve")
type = 1
scriptname = "torch01\\brazierl.s"

[node name="71_placeholder10" parent="actors/placeholders" instance=ExtResource("16_iqrhs")]
transform = Transform3D(-1, 0, -8.74228e-08, 0, 1, 0, 8.74228e-08, 0, -1, 23.5, 2.73438, 56.9688)
mesh = SubResource("BoxMesh_i3mve")
type = 1
scriptname = "torch01\\brazierl.s"

[node name="71_placeholder11" parent="actors/placeholders" instance=ExtResource("16_iqrhs")]
transform = Transform3D(-1, 0, -8.74228e-08, 0, 1, 0, 8.74228e-08, 0, -1, 14.5, 2.73438, 56.9688)
mesh = SubResource("BoxMesh_i3mve")
type = 1
scriptname = "torch01\\brazierl.s"

[node name="71_placeholder12" parent="actors/placeholders" instance=ExtResource("16_iqrhs")]
transform = Transform3D(-0.0864711, 0, 0.996254, 0, 1, 0, -0.996254, 0, -0.0864711, 8.03125, 2.73438, 50.5)
mesh = SubResource("BoxMesh_i3mve")
type = 1
scriptname = "torch01\\brazierl.s"

[node name="71_placeholder13" parent="actors/placeholders" instance=ExtResource("16_iqrhs")]
transform = Transform3D(-0.0864712, 0, -0.996254, 0, 1, 0, 0.996254, 0, -0.0864712, 52.9688, 2.73438, 38.5)
mesh = SubResource("BoxMesh_i3mve")
type = 1
scriptname = "torch01\\brazierl.s"

[node name="71_placeholder14" parent="actors/placeholders" instance=ExtResource("16_iqrhs")]
transform = Transform3D(-0.0864712, 0, -0.996254, 0, 1, 0, 0.996254, 0, -0.0864712, 52.9688, 2.73438, 28.5)
mesh = SubResource("BoxMesh_i3mve")
type = 1
scriptname = "torch01\\brazierl.s"

[node name="71_placeholder15" parent="actors/placeholders" instance=ExtResource("16_iqrhs")]
transform = Transform3D(-0.0864712, 0, -0.996254, 0, 1, 0, 0.996254, 0, -0.0864712, 16.9688, 2.73438, 41.5)
mesh = SubResource("BoxMesh_i3mve")
type = 1
scriptname = "torch01\\brazierl.s"

[node name="71_placeholder16" parent="actors/placeholders" instance=ExtResource("16_iqrhs")]
transform = Transform3D(-0.0864712, 0, -0.996254, 0, 1, 0, 0.996254, 0, -0.0864712, 16.9688, 2.73438, 33.5)
mesh = SubResource("BoxMesh_i3mve")
type = 1
scriptname = "torch01\\brazierl.s"

[node name="71_placeholder17" parent="actors/placeholders" instance=ExtResource("16_iqrhs")]
transform = Transform3D(-0.0864712, 0, -0.996254, 0, 1, 0, 0.996254, 0, -0.0864712, 16.9688, 2.73438, 24.5)
mesh = SubResource("BoxMesh_i3mve")
type = 1
scriptname = "torch01\\brazierl.s"

[node name="71_placeholder18" parent="actors/placeholders" instance=ExtResource("16_iqrhs")]
transform = Transform3D(-1, 0, -8.74228e-08, 0, 1, 0, 8.74228e-08, 0, -1, 56.5, 2.73438, 23.9688)
mesh = SubResource("BoxMesh_i3mve")
type = 1
scriptname = "torch01\\brazierl.s"

[node name="71_placeholder19" parent="actors/placeholders" instance=ExtResource("16_iqrhs")]
transform = Transform3D(0.999694, 0, -0.0247347, 0, 1, 0, 0.0247347, 0, 0.999694, 51.4609, 2.73438, 17.0312)
mesh = SubResource("BoxMesh_i3mve")
type = 1
scriptname = "torch01\\brazierl.s"

[node name="71_placeholder20" parent="actors/placeholders" instance=ExtResource("16_iqrhs")]
transform = Transform3D(-0.0864712, 0, -0.996254, 0, 1, 0, 0.996254, 0, -0.0864712, 61.9688, 2.73438, 17.5)
mesh = SubResource("BoxMesh_i3mve")
type = 1
scriptname = "torch01\\brazierl.s"

[node name="71_placeholder21" parent="actors/placeholders" instance=ExtResource("16_iqrhs")]
transform = Transform3D(0.999694, 0, -0.0247347, 0, 1, 0, 0.0247347, 0, 0.999694, 57.4609, 2.73438, 11.0312)
mesh = SubResource("BoxMesh_i3mve")
type = 1
scriptname = "torch01\\brazierl.s"

[node name="71_placeholder22" parent="actors/placeholders" instance=ExtResource("16_iqrhs")]
transform = Transform3D(0.999694, 0, -0.0247347, 0, 1, 0, 0.0247347, 0, 0.999694, 47.4609, 2.73438, 11.0312)
mesh = SubResource("BoxMesh_i3mve")
type = 1
scriptname = "torch01\\brazierl.s"

[node name="71_placeholder23" parent="actors/placeholders" instance=ExtResource("16_iqrhs")]
transform = Transform3D(0.999694, 0, -0.0247347, 0, 1, 0, 0.0247347, 0, 0.999694, 39.4609, 2.73438, 11.0312)
mesh = SubResource("BoxMesh_i3mve")
type = 1
scriptname = "torch01\\brazierl.s"

[node name="71_placeholder24" parent="actors/placeholders" instance=ExtResource("16_iqrhs")]
transform = Transform3D(-0.0864712, 0, -0.996254, 0, 1, 0, 0.996254, 0, -0.0864712, 35.9688, 2.73438, 8.5)
mesh = SubResource("BoxMesh_i3mve")
type = 1
scriptname = "torch01\\brazierl.s"

[node name="71_placeholder25" parent="actors/placeholders" instance=ExtResource("16_iqrhs")]
transform = Transform3D(-0.0864712, 0, -0.996254, 0, 1, 0, 0.996254, 0, -0.0864712, 35.9688, 2.73438, 1.5)
mesh = SubResource("BoxMesh_i3mve")
type = 1
scriptname = "torch01\\brazierl.s"

[node name="71_placeholder26" parent="actors/placeholders" instance=ExtResource("16_iqrhs")]
transform = Transform3D(-0.0864712, 0, -0.996254, 0, 1, 0, 0.996254, 0, -0.0864712, 36.0078, 6.64062, -6.5)
mesh = SubResource("BoxMesh_i3mve")
type = 1
scriptname = "torch01\\brazierl.s"

[node name="71_placeholder27" parent="actors/placeholders" instance=ExtResource("16_iqrhs")]
transform = Transform3D(0.999694, 0, -0.0247347, 0, 1, 0, 0.0247347, 0, 0.999694, 43.4609, 7.42188, -13.9688)
mesh = SubResource("BoxMesh_i3mve")
type = 1
scriptname = "torch01\\brazierl.s"

[node name="71_placeholder28" parent="actors/placeholders" instance=ExtResource("16_iqrhs")]
transform = Transform3D(-1, 0, -8.74228e-08, 0, 1, 0, 8.74228e-08, 0, -1, 43.5, 2.73438, -9.03125)
mesh = SubResource("BoxMesh_i3mve")
type = 1
scriptname = "torch01\\brazierl.s"

[node name="71_placeholder29" parent="actors/placeholders" instance=ExtResource("16_iqrhs")]
transform = Transform3D(-1, 0, -8.74228e-08, 0, 1, 0, 8.74228e-08, 0, -1, 37.5, 2.73438, -9.03125)
mesh = SubResource("BoxMesh_i3mve")
type = 1
scriptname = "torch01\\brazierl.s"

[node name="71_placeholder30" parent="actors/placeholders" instance=ExtResource("16_iqrhs")]
transform = Transform3D(0.999694, 0, -0.0247347, 0, 1, 0, 0.0247347, 0, 0.999694, 37.4609, 7.42188, -13.9688)
mesh = SubResource("BoxMesh_i3mve")
type = 1
scriptname = "torch01\\brazierl.s"

[node name="71_placeholder31" parent="actors/placeholders" instance=ExtResource("16_iqrhs")]
transform = Transform3D(-0.0864712, 0, -0.996254, 0, 1, 0, 0.996254, 0, -0.0864712, 35.9688, 7.42188, -20.5)
mesh = SubResource("BoxMesh_i3mve")
type = 1
scriptname = "torch01\\brazierl.s"

[node name="71_placeholder32" parent="actors/placeholders" instance=ExtResource("16_iqrhs")]
transform = Transform3D(-1, 0, -8.74228e-08, 0, 1, 0, 8.74228e-08, 0, -1, 31.5, 2.73438, -18.0312)
mesh = SubResource("BoxMesh_i3mve")
type = 1
scriptname = "torch01\\brazierl.s"

[node name="71_placeholder33" parent="actors/placeholders" instance=ExtResource("16_iqrhs")]
transform = Transform3D(0.999694, 0, -0.0247347, 0, 1, 0, 0.0247347, 0, 0.999694, 31.4609, 7.42188, -22.9688)
mesh = SubResource("BoxMesh_i3mve")
type = 1
scriptname = "torch01\\brazierl.s"

[node name="71_placeholder34" parent="actors/placeholders" instance=ExtResource("16_iqrhs")]
transform = Transform3D(0.999694, 0, -0.0247347, 0, 1, 0, 0.0247347, 0, 0.999694, 25.4609, 7.42188, -22.9688)
mesh = SubResource("BoxMesh_i3mve")
type = 1
scriptname = "torch01\\brazierl.s"

[node name="71_placeholder35" parent="actors/placeholders" instance=ExtResource("16_iqrhs")]
transform = Transform3D(-1, 0, -8.74228e-08, 0, 1, 0, 8.74228e-08, 0, -1, 25.5, 2.73438, -18.0312)
mesh = SubResource("BoxMesh_i3mve")
type = 1
scriptname = "torch01\\brazierl.s"

[node name="71_placeholder36" parent="actors/placeholders" instance=ExtResource("16_iqrhs")]
transform = Transform3D(0.999694, 0, -0.0247347, 0, 1, 0, 0.0247347, 0, 0.999694, 37.4609, 7.42188, -30.9688)
mesh = SubResource("BoxMesh_i3mve")
type = 1
scriptname = "torch01\\brazierl.s"

[node name="71_placeholder37" parent="actors/placeholders" instance=ExtResource("16_iqrhs")]
transform = Transform3D(-0.0864712, 0, -0.996254, 0, 1, 0, 0.996254, 0, -0.0864712, 35.9688, 6.25, -34.5)
mesh = SubResource("BoxMesh_i3mve")
type = 1
scriptname = "torch01\\brazierl.s"

[node name="71_placeholder38" parent="actors/placeholders" instance=ExtResource("16_iqrhs")]
transform = Transform3D(-0.0864712, 0, -0.996254, 0, 1, 0, 0.996254, 0, -0.0864712, 35.9688, 2.73438, -43.5)
mesh = SubResource("BoxMesh_i3mve")
type = 1
scriptname = "torch01\\brazierl.s"

[node name="71_placeholder39" parent="actors/placeholders" instance=ExtResource("16_iqrhs")]
transform = Transform3D(-0.0864712, 0, -0.996254, 0, 1, 0, 0.996254, 0, -0.0864712, 44.9688, 2.73438, -55.5)
mesh = SubResource("BoxMesh_i3mve")
type = 1
scriptname = "torch01\\brazierl.s"

[node name="71_placeholder40" parent="actors/placeholders" instance=ExtResource("16_iqrhs")]
transform = Transform3D(0.985045, 0, -0.172294, 0, 1, 0, 0.172294, 0, 0.985045, 34.5, 2.73438, -61.9688)
mesh = SubResource("BoxMesh_i3mve")
type = 1
scriptname = "torch01\\brazierl.s"

[node name="71_placeholder41" parent="actors/placeholders" instance=ExtResource("16_iqrhs")]
transform = Transform3D(-1, 0, -8.74228e-08, 0, 1, 0, 8.74228e-08, 0, -1, 20.0469, 1.17188, -53.0312)
mesh = SubResource("BoxMesh_i3mve")
type = 1
scriptname = "torch01\\brazierl.s"

[node name="71_placeholder42" parent="actors/placeholders" instance=ExtResource("16_iqrhs")]
transform = Transform3D(-1, 0, -8.74228e-08, 0, 1, 0, 8.74228e-08, 0, -1, -2.42188, -4.29688, -53.0312)
mesh = SubResource("BoxMesh_i3mve")
type = 1
scriptname = "torch01\\brazierl.s"

[node name="71_placeholder43" parent="actors/placeholders" instance=ExtResource("16_iqrhs")]
transform = Transform3D(0.0370969, 0, 0.999312, 0, 1, 0, -0.999312, 0, 0.0370969, -34.9688, -3.51562, -54.5)
mesh = SubResource("BoxMesh_i3mve")
type = 1
scriptname = "torch01\\brazierl.s"

[node name="71_placeholder44" parent="actors/placeholders" instance=ExtResource("16_iqrhs")]
transform = Transform3D(-1, 0, -8.74228e-08, 0, 1, 0, 8.74228e-08, 0, -1, -19.4219, -4.29688, -52.0312)
mesh = SubResource("BoxMesh_i3mve")
type = 1
scriptname = "torch01\\brazierl.s"

[node name="71_placeholder45" parent="actors/placeholders" instance=ExtResource("16_iqrhs")]
transform = Transform3D(0.998776, 0, -0.0494539, 0, 1, 0, 0.0494539, 0, 0.998776, -19.6172, -4.29688, -56.9688)
mesh = SubResource("BoxMesh_i3mve")
type = 1
scriptname = "torch01\\brazierl.s"

[node name="71_placeholder46" parent="actors/placeholders" instance=ExtResource("16_iqrhs")]
transform = Transform3D(-1, 0, -8.74228e-08, 0, 1, 0, 8.74228e-08, 0, -1, 7.57812, -4.29688, -53.0312)
mesh = SubResource("BoxMesh_i3mve")
type = 1
scriptname = "torch01\\brazierl.s"

[node name="1060_placeholder" parent="actors/placeholders" instance=ExtResource("16_iqrhs")]
transform = Transform3D(-1, 0, -8.74228e-08, 0, 1, 0, 8.74228e-08, 0, -1, -25.9297, -5.74219, -47.5)
mesh = SubResource("BoxMesh_i3mve")
type = 11
scriptname = "urnh01\\brazierl.s"

[node name="1060_placeholder2" parent="actors/placeholders" instance=ExtResource("16_iqrhs")]
transform = Transform3D(-1, 0, -8.74228e-08, 0, 1, 0, 8.74228e-08, 0, -1, -20.9531, -5.74219, -47.5)
mesh = SubResource("BoxMesh_i3mve")
type = 11
scriptname = "urnh01\\brazierl.s"

[node name="1060_placeholder3" parent="actors/placeholders" instance=ExtResource("16_iqrhs")]
transform = Transform3D(-1, 0, -8.74228e-08, 0, 1, 0, 8.74228e-08, 0, -1, -15.9766, -5.74219, -47.5)
mesh = SubResource("BoxMesh_i3mve")
type = 11
scriptname = "urnh01\\brazierl.s"

[node name="1060_placeholder4" parent="actors/placeholders" instance=ExtResource("16_iqrhs")]
transform = Transform3D(-1, 0, -8.74228e-08, 0, 1, 0, 8.74228e-08, 0, -1, -11.8984, -5.74219, -47.5)
mesh = SubResource("BoxMesh_i3mve")
type = 11
scriptname = "urnh01\\brazierl.s"

[node name="1060_placeholder5" parent="actors/placeholders" instance=ExtResource("16_iqrhs")]
transform = Transform3D(-1, 0, -8.74228e-08, 0, 1, 0, 8.74228e-08, 0, -1, -11.8984, -5.74219, -61.5)
mesh = SubResource("BoxMesh_i3mve")
type = 11
scriptname = "urnh01\\brazierl.s"

[node name="1060_placeholder6" parent="actors/placeholders" instance=ExtResource("16_iqrhs")]
transform = Transform3D(-1, 0, -8.74228e-08, 0, 1, 0, 8.74228e-08, 0, -1, -15.9766, -5.74219, -61.5)
mesh = SubResource("BoxMesh_i3mve")
type = 11
scriptname = "urnh01\\brazierl.s"

[node name="1060_placeholder7" parent="actors/placeholders" instance=ExtResource("16_iqrhs")]
transform = Transform3D(-1, 0, -8.74228e-08, 0, 1, 0, 8.74228e-08, 0, -1, -20.9531, -5.74219, -61.5)
mesh = SubResource("BoxMesh_i3mve")
type = 11
scriptname = "urnh01\\brazierl.s"

[node name="1060_placeholder8" parent="actors/placeholders" instance=ExtResource("16_iqrhs")]
transform = Transform3D(-1, 0, -8.74228e-08, 0, 1, 0, 8.74228e-08, 0, -1, -25.9297, -5.74219, -61.5)
mesh = SubResource("BoxMesh_i3mve")
type = 11
scriptname = "urnh01\\brazierl.s"

[node name="78_placeholder" parent="actors/placeholders" instance=ExtResource("16_iqrhs")]
transform = Transform3D(-1, 0, -8.74228e-08, 0, 1, 0, 8.74228e-08, 0, -1, 26.7188, 0.390625, -49.5)
mesh = SubResource("BoxMesh_i3mve")
type = 1
scriptname = "skullpilerazierl.s"

[node name="66_placeholder4" parent="actors/placeholders" instance=ExtResource("16_iqrhs")]
transform = Transform3D(-1, 0, -8.74228e-08, 0, 1, 0, 8.74228e-08, 0, -1, 29.9297, 0.507812, -49.0703)
mesh = SubResource("BoxMesh_i3mve")
type = 1
scriptname = "ironmaidenazierl.s"

[node name="66_placeholder5" parent="actors/placeholders" instance=ExtResource("16_iqrhs")]
transform = Transform3D(-1, 0, -8.74228e-08, 0, 1, 0, 8.74228e-08, 0, -1, 28.1875, 0.507812, -49.0703)
mesh = SubResource("BoxMesh_i3mve")
type = 1
scriptname = "ironmaidenazierl.s"

[node name="80_placeholder" parent="actors/placeholders" instance=ExtResource("16_iqrhs")]
transform = Transform3D(0.609579, -0.287441, 0.738777, 0, 0.931946, 0.362598, -0.792726, -0.221032, 0.568094, 24.3906, 0.859375, -59.1094)
mesh = SubResource("BoxMesh_i3mve")
type = 1
scriptname = "spiderwebazierl.s"

[node name="72_placeholder" parent="actors/placeholders" instance=ExtResource("16_iqrhs")]
transform = Transform3D(0.0370971, 0, -0.999312, 0, 1, 0, 0.999312, 0, 0.0370971, 31.4219, 0, -60.875)
mesh = SubResource("BoxMesh_i3mve")
type = 1
scriptname = "weaponrackazierl.s"

[node name="72_placeholder2" parent="actors/placeholders" instance=ExtResource("16_iqrhs")]
transform = Transform3D(0.0370971, 0, -0.999312, 0, 1, 0, 0.999312, 0, 0.0370971, 37.4609, 0, -60.8359)
mesh = SubResource("BoxMesh_i3mve")
type = 1
scriptname = "weaponrackazierl.s"

[node name="76_placeholder" parent="actors/placeholders" instance=ExtResource("16_iqrhs")]
transform = Transform3D(-0.902496, 0, 0.430697, 0, 1, 0, -0.430697, 0, -0.902496, 44.5, 0.742188, -59.0078)
mesh = SubResource("BoxMesh_i3mve")
type = 1
scriptname = "craterackazierl.s"

[node name="76_placeholder2" parent="actors/placeholders" instance=ExtResource("16_iqrhs")]
transform = Transform3D(-0.96956, -0.244686, -0.00908332, 0, -0.0370969, 0.999312, -0.244854, 0.968893, 0.0359676, 44.5, 0.742188, -57.5781)
mesh = SubResource("BoxMesh_i3mve")
type = 1
scriptname = "craterackazierl.s"

[node name="76_placeholder3" parent="actors/placeholders" instance=ExtResource("16_iqrhs")]
transform = Transform3D(-0.996254, 0, -0.0864713, 0, 1, 0, 0.0864713, 0, -0.996254, 44.5, 0.742188, -56.0312)
mesh = SubResource("BoxMesh_i3mve")
type = 1
scriptname = "craterackazierl.s"

[node name="6_placeholder" parent="actors/placeholders" instance=ExtResource("16_iqrhs")]
transform = Transform3D(-1, 0, -8.74228e-08, 0, 1, 0, 8.74228e-08, 0, -1, 44.5, 0.585938, -52.3594)
mesh = SubResource("BoxMesh_i3mve")
type = 1
scriptname = "barrelackazierl.s"

[node name="6_placeholder2" parent="actors/placeholders" instance=ExtResource("16_iqrhs")]
transform = Transform3D(-1, 0, -8.74228e-08, 0, 1, 0, 8.74228e-08, 0, -1, 44.5, 0.585938, -53.8672)
mesh = SubResource("BoxMesh_i3mve")
type = 1
scriptname = "barrelackazierl.s"

[node name="80_placeholder2" parent="actors/placeholders" instance=ExtResource("16_iqrhs")]
transform = Transform3D(-1, 0, -8.74228e-08, 0, 1, 0, 8.74228e-08, 0, -1, 48.2656, 5.46875, -25.5)
mesh = SubResource("BoxMesh_i3mve")
type = 1
scriptname = "spiderwebazierl.s"

[node name="72_placeholder3" parent="actors/placeholders" instance=ExtResource("16_iqrhs")]
transform = Transform3D(-1, 0, -8.74228e-08, 0, 1, 0, 8.74228e-08, 0, -1, 19.9531, 0.3125, 46.5234)
mesh = SubResource("BoxMesh_i3mve")
type = 1
scriptname = "weaponrackazierl.s"

[node name="72_placeholder4" parent="actors/placeholders" instance=ExtResource("16_iqrhs")]
transform = Transform3D(-1, 0, -8.74228e-08, 0, 1, 0, 8.74228e-08, 0, -1, 19.9531, 0.3125, 50.3281)
mesh = SubResource("BoxMesh_i3mve")
type = 1
scriptname = "weaponrackazierl.s"

[node name="74_placeholder" parent="actors/placeholders" instance=ExtResource("16_iqrhs")]
transform = Transform3D(-1, 0, -8.74228e-08, 0, 1, 0, 8.74228e-08, 0, -1, 10.1875, 0.664062, 46.5)
mesh = SubResource("BoxMesh_i3mve")
type = 1
scriptname = "aletapackazierl.s"

[node name="71_placeholder47" parent="actors/placeholders" instance=ExtResource("16_iqrhs")]
transform = Transform3D(0.0370971, 0, -0.999312, 0, 1, 0, 0.999312, 0, 0.0370971, 16.9688, 2.73438, 13.5)
mesh = SubResource("BoxMesh_i3mve")
type = 1
scriptname = "torch01ckazierl.s"

[node name="71_placeholder48" parent="actors/placeholders" instance=ExtResource("16_iqrhs")]
transform = Transform3D(0.0370971, 0, -0.999312, 0, 1, 0, 0.999312, 0, 0.0370971, 16.9688, 2.73438, 5.5)
mesh = SubResource("BoxMesh_i3mve")
type = 1
scriptname = "torch01ckazierl.s"

[node name="71_placeholder49" parent="actors/placeholders" instance=ExtResource("16_iqrhs")]
transform = Transform3D(0.999694, 0, -0.0247347, 0, 1, 0, 0.0247347, 0, 0.999694, 9.38281, 2.57812, 2.03125)
mesh = SubResource("BoxMesh_i3mve")
type = 1
scriptname = "torch01ckazierl.s"

[node name="71_placeholder50" parent="actors/placeholders" instance=ExtResource("16_iqrhs")]
transform = Transform3D(-1, 0, -8.74228e-08, 0, 1, 0, 8.74228e-08, 0, -1, 5.61719, 2.73438, 8.96875)
mesh = SubResource("BoxMesh_i3mve")
type = 1
scriptname = "torch01ckazierl.s"

[node name="71_placeholder51" parent="actors/placeholders" instance=ExtResource("16_iqrhs")]
transform = Transform3D(0.999694, 0, -0.0247347, 0, 1, 0, 0.0247347, 0, 0.999694, 1.38281, 2.57812, 2.03125)
mesh = SubResource("BoxMesh_i3mve")
type = 1
scriptname = "torch01ckazierl.s"

[node name="71_placeholder52" parent="actors/placeholders" instance=ExtResource("16_iqrhs")]
transform = Transform3D(-1, 0, -8.74228e-08, 0, 1, 0, 8.74228e-08, 0, -1, -2.38281, 2.73438, 8.96875)
mesh = SubResource("BoxMesh_i3mve")
type = 1
scriptname = "torch01ckazierl.s"

[node name="71_placeholder53" parent="actors/placeholders" instance=ExtResource("16_iqrhs")]
transform = Transform3D(0.999694, 0, -0.0247347, 0, 1, 0, 0.0247347, 0, 0.999694, -6.61719, 2.57812, 2.03125)
mesh = SubResource("BoxMesh_i3mve")
type = 1
scriptname = "torch01ckazierl.s"

[node name="71_placeholder54" parent="actors/placeholders" instance=ExtResource("16_iqrhs")]
transform = Transform3D(-1, 0, -8.74228e-08, 0, 1, 0, 8.74228e-08, 0, -1, -10.3828, 2.73438, 8.96875)
mesh = SubResource("BoxMesh_i3mve")
type = 1
scriptname = "torch01ckazierl.s"

[node name="71_placeholder55" parent="actors/placeholders" instance=ExtResource("16_iqrhs")]
transform = Transform3D(0.989006, 0, -0.147877, 0, 1, 0, 0.147877, 0, 0.989006, -33.0859, 7.03125, -5.96875)
