{
  "asset": {
    "version": "2.0",
    "generator": "THREE.GLTFExporter"
  },
  "scenes": [
    {
      "nodes": [
        179
      ]
    }
  ],
  "scene": 0,
  "nodes": [
    {
      "mesh": 0
    },
    {
      "mesh": 1
    },
    {
      "mesh": 2
    },
    {
      "mesh": 3
    },
    {
      "mesh": 4
    },
    {
      "mesh": 5
    },
    {
      "mesh": 6
    },
    {
      "mesh": 7
    },
    {
      "mesh": 8
    },
    {
      "mesh": 9
    },
    {
      "mesh": 10
    },
    {
      "mesh": 11
    },
    {
      "mesh": 12
    },
    {
      "mesh": 13
    },
    {
      "mesh": 14
    },
    {
      "mesh": 15
    },
    {
      "mesh": 16
    },
    {
      "matrix": [
        1,
        0,
        0,
        0,
        0,
        1,
        0,
        0,
        0,
        0,
        1,
        0,
        -105.5,
        -3.5,
        114.5,
        1
      ],
      "mesh": 17
    },
    {
      "matrix": [
        -0.16009823929579747,
        0,
        0.9871010858946442,
        0,
        0,
        1,
        0,
        0,
        -0.9871010858946442,
        0,
        -0.16009823929579747,
        0,
        -111.453125,
        -3,
        109.640625,
        1
      ],
      "mesh": 18
    },
    {
      "matrix": [
        -0.37409685460479314,
        0,
        0.9273896394584104,
        0,
        0,
        1,
        0,
        0,
        -0.9273896394584104,
        0,
        -0.37409685460479314,
        0,
        -112.5,
        -3,
        117.625,
        1
      ],
      "mesh": 18
    },
    {
      "matrix": [
        0.11108652504880467,
        0,
        0.9938107384973163,
        0,
        0,
        1,
        0,
        0,
        -0.9938107384973163,
        0,
        0.11108652504880467,
        0,
        -108.5,
        -3,
        112.5,
        1
      ],
      "mesh": 19
    },
    {
      "matrix": [
        -0.03709691109260538,
        0,
        0.9993116726964553,
        0,
        0,
        1,
        0,
        0,
        -0.9993116726964553,
        0,
        -0.03709691109260538,
        0,
        -41.96875,
        2.734375,
        14.578125,
        1
      ],
      "mesh": 20
    },
    {
      "matrix": [
        -0.03709691109260538,
        0,
        0.9993116726964553,
        0,
        0,
        1,
        0,
        0,
        -0.9993116726964553,
        0,
        -0.03709691109260538,
        0,
        -41.96875,
        2.734375,
        9.5390625,
        1
      ],
      "mesh": 20
    },
    {
      "matrix": [
        -0.03709691109260538,
        0,
        -0.9993116726964553,
        0,
        0,
        1,
        0,
        0,
        0.9993116726964553,
        0,
        -0.03709691109260538,
        0,
        -27.03125,
        2.734375,
        11.5,
        1
      ],
      "mesh": 20
    },
    {
      "matrix": [
        -0.9996940572530832,
        0,
        -0.024734427279995138,
        0,
        0,
        1,
        0,
        0,
        0.024734427279995138,
        0,
        -0.9996940572530832,
        0,
        -20.5,
        2.34375,
        1.953125,
        1
      ],
      "mesh": 20
    },
    {
      "matrix": [
        -0.03709691109260538,
        0,
        -0.9993116726964553,
        0,
        0,
        1,
        0,
        0,
        0.9993116726964553,
        0,
        -0.03709691109260538,
        0,
        -1.9921875,
        2.34375,
        20.5,
        1
      ],
      "mesh": 20
    },
    {
      "matrix": [
        -0.9996940572530832,
        0,
        -0.024734427279995138,
        0,
        0,
        1,
        0,
        0,
        0.024734427279995138,
        0,
        -0.9996940572530832,
        0,
        -3.5,
        2.34375,
        71.9921875,
        1
      ],
      "mesh": 20
    },
    {
      "matrix": [
        -0.03709691109260538,
        0,
        0.9993116726964553,
        0,
        0,
        1,
        0,
        0,
        -0.9993116726964553,
        0,
        -0.03709691109260538,
        0,
        -21.046875,
        2.34375,
        94.5,
        1
      ],
      "mesh": 20
    },
    {
      "matrix": [
        -0.03709691109260538,
        0,
        -0.9993116726964553,
        0,
        0,
        1,
        0,
        0,
        0.9993116726964553,
        0,
        -0.03709691109260538,
        0,
        -2.0703125,
        2.34375,
        94.0703125,
        1
      ],
      "mesh": 20
    },
    {
      "matrix": [
        -0.9999235113880167,
        0,
        0.012368159663363043,
        0,
        0,
        1,
        0,
        0,
        -0.012368159663363043,
        0,
        -0.9999235113880167,
        0,
        -39.0078125,
        0.390625,
        117.5,
        1
      ],
      "mesh": 21
    },
    {
      "matrix": [
        1,
        0,
        0,
        0,
        0,
        1,
        0,
        0,
        0,
        0,
        1,
        0,
        -27.515625,
        0.6640625,
        124.890625,
        1
      ],
      "mesh": 22
    },
    {
      "matrix": [
        1,
        0,
        0,
        0,
        0,
        1,
        0,
        0,
        0,
        0,
        1,
        0,
        -26.28125,
        0.6640625,
        124.890625,
        1
      ],
      "mesh": 22
    },
    {
      "matrix": [
        0.9993116726964553,
        0,
        -0.03709691109260531,
        0,
        0,
        1,
        0,
        0,
        0.03709691109260531,
        0,
        0.9993116726964553,
        0,
        -24.8125,
        0.6640625,
        124.890625,
        1
      ],
      "mesh": 22
    },
    {
      "matrix": [
        -0.03709691109260538,
        0,
        0.9993116726964553,
        0,
        0,
        1,
        0,
        0,
        -0.9993116726964553,
        0,
        -0.03709691109260538,
        0,
        -39.984375,
        0.5078125,
        107.5,
        1
      ],
      "mesh": 23
    },
    {
      "matrix": [
        -0.03709691109260538,
        0,
        0.9993116726964553,
        0,
        0,
        1,
        0,
        0,
        -0.9993116726964553,
        0,
        -0.03709691109260538,
        0,
        -39.984375,
        0.5078125,
        109.5,
        1
      ],
      "mesh": 23
    },
    {
      "matrix": [
        -0.03709691109260538,
        0,
        0.9993116726964553,
        0,
        0,
        1,
        0,
        0,
        -0.9993116726964553,
        0,
        -0.03709691109260538,
        0,
        -39.203125,
        0.4296875,
        121.453125,
        1
      ],
      "mesh": 24
    },
    {
      "matrix": [
        1,
        0,
        0,
        0,
        0,
        1,
        0,
        0,
        0,
        0,
        1,
        0,
        -25.2265625,
        0.703125,
        100.71875,
        1
      ],
      "mesh": 22
    },
    {
      "matrix": [
        1,
        0,
        0,
        0,
        0,
        1,
        0,
        0,
        0,
        0,
        1,
        0,
        -26.7734375,
        0.703125,
        100.71875,
        1
      ],
      "mesh": 22
    },
    {
      "matrix": [
        -0.2806535185300929,
        0,
        0.9598091490169692,
        0,
        0,
        1,
        0,
        0,
        -0.9598091490169692,
        0,
        -0.2806535185300929,
        0,
        -4.8125,
        2.6171875,
        108.046875,
        1
      ],
      "mesh": 25
    },
    {
      "matrix": [
        0.8424672050733574,
        0,
        0.5387476295779736,
        0,
        0,
        1,
        0,
        0,
        -0.5387476295779736,
        0,
        0.8424672050733574,
        0,
        -4.921875,
        2.6171875,
        106.9921875,
        1
      ],
      "mesh": 25
    },
    {
      "matrix": [
        -0.024734427279994975,
        -0.9996940572530831,
        0,
        0,
        0.9996940572530831,
        -0.024734427279994975,
        0,
        0,
        0,
        0,
        1,
        0,
        -7.03125,
        3.984375,
        105.9375,
        1
      ],
      "mesh": 26
    },
    {
      "matrix": [
        0.7114661480574332,
        0,
        0.7027203712489901,
        0,
        0,
        1,
        0,
        0,
        -0.7027203712489901,
        0,
        0.7114661480574332,
        0,
        -9.328125,
        2.65625,
        105.9375,
        1
      ],
      "mesh": 26
    },
    {
      "matrix": [
        0.998088369688552,
        0,
        0.061802963460084105,
        0,
        0,
        1,
        0,
        0,
        -0.061802963460084105,
        0,
        0.998088369688552,
        0,
        -7.8203125,
        2.65625,
        105.9375,
        1
      ],
      "mesh": 26
    },
    {
      "matrix": [
        -0.03691545745677094,
        0.9944236987115049,
        -0.09878641830579414,
        0,
        -0.9993116726964553,
        -0.03709691109260538,
        0,
        0,
        -0.003664670977046966,
        0.09871842091685487,
        0.9951086591716066,
        0,
        -5.9375,
        2.7734375,
        105.9375,
        1
      ],
      "mesh": 26
    },
    {
      "matrix": [
        0.08647119949074578,
        0,
        -0.996254350885672,
        0,
        0,
        1,
        0,
        0,
        0.996254350885672,
        0,
        0.08647119949074578,
        0,
        -10.6953125,
        2.3828125,
        119.734375,
        1
      ],
      "mesh": 27
    },
    {
      "matrix": [
        -0.03709691109260538,
        0,
        0.9993116726964553,
        0,
        0,
        1,
        0,
        0,
        -0.9993116726964553,
        0,
        -0.03709691109260538,
        0,
        -6.6171875,
        2.4609375,
        119.734375,
        1
      ],
      "mesh": 27
    },
    {
      "matrix": [
        -0.9996940572530832,
        0,
        -0.024734427279995138,
        0,
        0,
        1,
        0,
        0,
        0.024734427279995138,
        0,
        -0.9996940572530832,
        0,
        -8.7109375,
        2.0703125,
        119.75,
        1
      ],
      "mesh": 28
    },
    {
      "matrix": [
        0.08647119949074578,
        0,
        -0.996254350885672,
        0,
        0,
        1,
        0,
        0,
        0.996254350885672,
        0,
        0.08647119949074578,
        0,
        -72.671875,
        0,
        85.1484375,
        1
      ],
      "mesh": 21
    },
    {
      "matrix": [
        -0.9996940572530832,
        0,
        -0.024734427279995138,
        0,
        0,
        1,
        0,
        0,
        0.024734427279995138,
        0,
        -0.9996940572530832,
        0,
        -75.5859375,
        0.5859375,
        84.7578125,
        1
      ],
      "mesh": 24
    },
    {
      "matrix": [
        1,
        0,
        0,
        0,
        0,
        1,
        0,
        0,
        0,
        0,
        1,
        0,
        -60.0703125,
        0.546875,
        84.8359375,
        1
      ],
      "mesh": 29
    },
    {
      "matrix": [
        1,
        0,
        0,
        0,
        0,
        1,
        0,
        0,
        0,
        0,
        1,
        0,
        -58.8515625,
        0.546875,
        85.875,
        1
      ],
      "mesh": 29
    },
    {
      "matrix": [
        1,
        0,
        0,
        0,
        0,
        1,
        0,
        0,
        0,
        0,
        1,
        0,
        -57.5,
        0.546875,
        85.875,
        1
      ],
      "mesh": 29
    },
    {
      "matrix": [
        1,
        0,
        0,
        0,
        0,
        1,
        0,
        0,
        0,
        0,
        1,
        0,
        -55.96875,
        0.546875,
        84.8359375,
        1
      ],
      "mesh": 29
    },
    {
      "matrix": [
        1,
        0,
        0,
        0,
        0,
        1,
        0,
        0,
        0,
        0,
        1,
        0,
        -58.2421875,
        0,
        84.9140625,
        1
      ],
      "mesh": 28
    },
    {
      "matrix": [
        -0.9996940572530832,
        0,
        -0.024734427279995138,
        0,
        0,
        1,
        0,
        0,
        0.024734427279995138,
        0,
        -0.9996940572530832,
        0,
        -121.828125,
        -3.0078125,
        110.453125,
        1
      ],
      "mesh": 21
    },
    {
      "matrix": [
        1,
        0,
        0,
        0,
        0,
        1,
        0,
        0,
        0,
        0,
        1,
        0,
        -108.5,
        2.734375,
        125.96875,
        1
      ],
      "mesh": 20
    },
    {
      "matrix": [
        -0.03709691109260538,
        0,
        -0.9993116726964553,
        0,
        0,
        1,
        0,
        0,
        0.9993116726964553,
        0,
        -0.03709691109260538,
        0,
        -88.03125,
        2.734375,
        113.5,
        1
      ],
      "mesh": 20
    },
    {
      "matrix": [
        -0.9996940572530832,
        0,
        -0.024734427279995138,
        0,
        0,
        1,
        0,
        0,
        0.024734427279995138,
        0,
        -0.9996940572530832,
        0,
        -108.5,
        2.734375,
        102.03125,
        1
      ],
      "mesh": 20
    },
    {
      "matrix": [
        -0.03709691109260538,
        0,
        0.9993116726964553,
        0,
        0,
        1,
        0,
        0,
        -0.9993116726964553,
        0,
        -0.03709691109260538,
        0,
        -125.96875,
        2.734375,
        106.5,
        1
      ],
      "mesh": 20
    },
    {
      "matrix": [
        -0.03709691109260538,
        0,
        0.9993116726964553,
        0,
        0,
        1,
        0,
        0,
        -0.9993116726964553,
        0,
        -0.03709691109260538,
        0,
        -125.96875,
        2.734375,
        113.5,
        1
      ],
      "mesh": 20
    },
    {
      "matrix": [
        -0.9996940572530832,
        0,
        -0.024734427279995138,
        0,
        0,
        1,
        0,
        0,
        0.024734427279995138,
        0,
        -0.9996940572530832,
        0,
        -69.5,
        2.734375,
        84.03125,
        1
      ],
      "mesh": 20
    },
    {
      "matrix": [
        -0.9996940572530832,
        0,
        -0.024734427279995138,
        0,
        0,
        1,
        0,
        0,
        0.024734427279995138,
        0,
        -0.9996940572530832,
        0,
        -58.5,
        2.734375,
        84.03125,
        1
      ],
      "mesh": 20
    },
    {
      "matrix": [
        1,
        0,
        0,
        0,
        0,
        1,
        0,
        0,
        0,
        0,
        1,
        0,
        -40.9140625,
        2.734375,
        66.96875,
        1
      ],
      "mesh": 20
    },
    {
      "matrix": [
        -0.03709691109260538,
        0,
        -0.9993116726964553,
        0,
        0,
        1,
        0,
        0,
        0.9993116726964553,
        0,
        -0.03709691109260538,
        0,
        -41.03125,
        2.734375,
        79.875,
        1
      ],
      "mesh": 20
    },
    {
      "matrix": [
        1,
        0,
        0,
        0,
        0,
        1,
        0,
        0,
        0,
        0,
        1,
        0,
        -56.5,
        2.734375,
        81.96875,
        1
      ],
      "mesh": 20
    },
    {
      "matrix": [
        1,
        0,
        0,
        0,
        0,
        1,
        0,
        0,
        0,
        0,
        1,
        0,
        -72.5,
        2.734375,
        81.96875,
        1
      ],
      "mesh": 20
    },
    {
      "matrix": [
        -0.03709691109260538,
        0,
        0.9993116726964553,
        0,
        0,
        1,
        0,
        0,
        -0.9993116726964553,
        0,
        -0.03709691109260538,
        0,
        -89.96875,
        2.734375,
        71.109375,
        1
      ],
      "mesh": 20
    },
    {
      "matrix": [
        -0.03709691109260538,
        0,
        0.9993116726964553,
        0,
        0,
        1,
        0,
        0,
        -0.9993116726964553,
        0,
        -0.03709691109260538,
        0,
        -100.96875,
        2.734375,
        57.1484375,
        1
      ],
      "mesh": 20
    },
    {
      "matrix": [
        -0.9996940572530832,
        0,
        -0.024734427279995138,
        0,
        0,
        1,
        0,
        0,
        0.024734427279995138,
        0,
        -0.9996940572530832,
        0,
        -113.1484375,
        2.734375,
        17.03125,
        1
      ],
      "mesh": 20
    },
    {
      "matrix": [
        -0.9996940572530832,
        0,
        -0.024734427279995138,
        0,
        0,
        1,
        0,
        0,
        0.024734427279995138,
        0,
        -0.9996940572530832,
        0,
        -112.109375,
        2.734375,
        34.03125,
        1
      ],
      "mesh": 20
    },
    {
      "matrix": [
        -0.9996940572530832,
        0,
        -0.024734427279995138,
        0,
        0,
        1,
        0,
        0,
        0.024734427279995138,
        0,
        -0.9996940572530832,
        0,
        -99.109375,
        2.734375,
        38.03125,
        1
      ],
      "mesh": 20
    },
    {
      "matrix": [
        0.08647119949074578,
        0,
        -0.996254350885672,
        0,
        0,
        1,
        0,
        0,
        0.996254350885672,
        0,
        0.08647119949074578,
        0,
        -42.03125,
        2.734375,
        48.9140625,
        1
      ],
      "mesh": 20
    },
    {
      "matrix": [
        -0.9996940572530832,
        0,
        -0.024734427279995138,
        0,
        0,
        1,
        0,
        0,
        0.024734427279995138,
        0,
        -0.9996940572530832,
        0,
        -76.1875,
        2.734375,
        54.03125,
        1
      ],
      "mesh": 20
    },
    {
      "matrix": [
        -0.9996940572530832,
        0,
        -0.024734427279995138,
        0,
        0,
        1,
        0,
        0,
        0.024734427279995138,
        0,
        -0.9996940572530832,
        0,
        -53.1875,
        2.734375,
        54.03125,
        1
      ],
      "mesh": 20
    },
    {
      "matrix": [
        -0.9996940572530832,
        0,
        -0.024734427279995138,
        0,
        0,
        1,
        0,
        0,
        0.024734427279995138,
        0,
        -0.9996940572530832,
        0,
        -60.1484375,
        2.6953125,
        41.03125,
        1
      ],
      "mesh": 20
    },
    {
      "matrix": [
        -0.9996940572530832,
        0,
        -0.024734427279995138,
        0,
        0,
        1,
        0,
        0,
        0.024734427279995138,
        0,
        -0.9996940572530832,
        0,
        -69.109375,
        2.734375,
        34.03125,
        1
      ],
      "mesh": 20
    },
    {
      "matrix": [
        -0.9996940572530832,
        0,
        -0.024734427279995138,
        0,
        0,
        1,
        0,
        0,
        0.024734427279995138,
        0,
        -0.9996940572530832,
        0,
        -62.1484375,
        2.34375,
        24.03125,
        1
      ],
      "mesh": 20
    },
    {
      "matrix": [
        1,
        0,
        0,
        0,
        0,
        -0.03709691109260538,
        0.9993116726964553,
        0,
        0,
        -0.9993116726964553,
        -0.03709691109260538,
        0,
        -17.5,
        2.1484375,
        26.0546875,
        1
      ],
      "mesh": 22
    },
    {
      "matrix": [
        1,
        0,
        0,
        0,
        0,
        -0.03709691109260538,
        0.9993116726964553,
        0,
        0,
        -0.9993116726964553,
        -0.03709691109260538,
        0,
        -16.5,
        2.1484375,
        26.0546875,
        1
      ],
      "mesh": 22
    },
    {
      "matrix": [
        0.9695598647982466,
        0,
        0.2448543823835012,
        0,
        0,
        1,
        0,
        0,
        -0.2448543823835012,
        0,
        0.9695598647982466,
        0,
        -2.796875,
        0.6640625,
        29.8125,
        1
      ],
      "mesh": 29
    },
    {
      "matrix": [
        0.8147933014790244,
        0,
        0.5797515639176074,
        0,
        0,
        1,
        0,
        0,
        -0.5797515639176074,
        0,
        0.8147933014790244,
        0,
        -2.6953125,
        0.5859375,
        25.9921875,
        1
      ],
      "mesh": 29
    },
    {
      "matrix": [
        -0.03709691109260538,
        0,
        0.9993116726964553,
        0,
        0,
        1,
        0,
        0,
        -0.9993116726964553,
        0,
        -0.03709691109260538,
        0,
        -2.7265625,
        0.078125,
        28.0078125,
        1
      ],
      "mesh": 28
    },
    {
      "matrix": [
        1,
        0,
        0,
        0,
        0,
        -0.03709691109260538,
        0.9993116726964553,
        0,
        0,
        -0.9993116726964553,
        -0.03709691109260538,
        0,
        -18.046875,
        1.484375,
        26.015625,
        1
      ],
      "mesh": 22
    },
    {
      "matrix": [
        1,
        0,
        0,
        0,
        0,
        -0.03709691109260538,
        0.9993116726964553,
        0,
        0,
        -0.9993116726964553,
        -0.03709691109260538,
        0,
        -17.046875,
        1.484375,
        26.015625,
        1
      ],
      "mesh": 22
    },
    {
      "matrix": [
        1,
        0,
        0,
        0,
        0,
        -0.03709691109260538,
        0.9993116726964553,
        0,
        0,
        -0.9993116726964553,
        -0.03709691109260538,
        0,
        -16.046875,
        1.484375,
        26.015625,
        1
      ],
      "mesh": 22
    },
    {
      "matrix": [
        1,
        0,
        0,
        0,
        0,
        1,
        0,
        0,
        0,
        0,
        1,
        0,
        -3.0703125,
        0,
        39.4609375,
        1
      ],
      "mesh": 21
    },
    {
      "matrix": [
        1,
        0,
        0,
        0,
        0,
        1,
        0,
        0,
        0,
        0,
        1,
        0,
        -3.0859375,
        0,
        32.375,
        1
      ],
      "mesh": 21
    },
    {
      "matrix": [
        -0.03709691109260538,
        0,
        0.9993116726964553,
        0,
        0,
        1,
        0,
        0,
        -0.9993116726964553,
        0,
        -0.03709691109260538,
        0,
        -21.96875,
        2.734375,
        34.96875,
        1
      ],
      "mesh": 20
    },
    {
      "matrix": [
        -0.9996940572530832,
        0,
        0.024734427279995138,
        0,
        0,
        1,
        0,
        0,
        -0.024734427279995138,
        0,
        -0.9996940572530832,
        0,
        -11.65625,
        2.734375,
        25.03125,
        1
      ],
      "mesh": 20
    },
    {
      "matrix": [
        0.08647119949074578,
        0,
        -0.996254350885672,
        0,
        0,
        1,
        0,
        0,
        0.996254350885672,
        0,
        0.08647119949074578,
        0,
        -2.03125,
        2.734375,
        35.5,
        1
      ],
      "mesh": 20
    },
    {
      "matrix": [
        1,
        0,
        0,
        0,
        0,
        1,
        0,
        0,
        0,
        0,
        1,
        0,
        -11.3828125,
        2.734375,
        44.96875,
        1
      ],
      "mesh": 20
    },
    {
      "matrix": [
        -0.9996940572530832,
        0,
        0.024734427279995138,
        0,
        0,
        1,
        0,
        0,
        -0.024734427279995138,
        0,
        -0.9996940572530832,
        0,
        -14.6015625,
        0,
        42.5,
        1
      ],
      "mesh": 30
    },
    {
      "matrix": [
        -0.9996940572530832,
        0,
        0.024734427279995138,
        0,
        0,
        1,
        0,
        0,
        -0.024734427279995138,
        0,
        -0.9996940572530832,
        0,
        -8.5,
        0,
        42.5,
        1
      ],
      "mesh": 30
    },
    {
      "matrix": [
        1,
        0,
        0,
        0,
        0,
        1,
        0,
        0,
        0,
        0,
        1,
        0,
        -109.421875,
        2.890625,
        89.96875,
        1
      ],
      "mesh": 20
    },
    {
      "matrix": [
        -0.9996940572530832,
        0,
        0.024734427279995138,
        0,
        0,
        1,
        0,
        0,
        -0.024734427279995138,
        0,
        -0.9996940572530832,
        0,
        -116.5,
        2.734375,
        75.03125,
        1
      ],
      "mesh": 20
    },
    {
      "matrix": [
        1,
        0,
        0,
        0,
        0,
        1,
        0,
        0,
        0,
        0,
        1,
        0,
        -116.5,
        2.734375,
        93.96875,
        1
      ],
      "mesh": 20
    },
    {
      "matrix": [
        -0.03709691109260538,
        0,
        0.9993116726964553,
        0,
        0,
        1,
        0,
        0,
        -0.9993116726964553,
        0,
        -0.03709691109260538,
        0,
        -39.96875,
        3.515625,
        113.1484375,
        1
      ],
      "mesh": 20
    },
    {
      "matrix": [
        1,
        0,
        0,
        0,
        0,
        1,
        0,
        0,
        0,
        0,
        1,
        0,
        -16.9140625,
        3.515625,
        123.96875,
        1
      ],
      "mesh": 20
    },
    {
      "matrix": [
        1,
        0,
        0,
        0,
        0,
        1,
        0,
        0,
        0,
        0,
        1,
        0,
        -28.9140625,
        3.515625,
        123.96875,
        1
      ],
      "mesh": 20
    },
    {
      "matrix": [
        -0.9996940572530832,
        0,
        -0.024734427279995138,
        0,
        0,
        1,
        0,
        0,
        0.024734427279995138,
        0,
        -0.9996940572530832,
        0,
        -29.1484375,
        3.515625,
        102.03125,
        1
      ],
      "mesh": 20
    },
    {
      "matrix": [
        -0.9996940572530832,
        0,
        -0.024734427279995138,
        0,
        0,
        1,
        0,
        0,
        0.024734427279995138,
        0,
        -0.9996940572530832,
        0,
        -17.1484375,
        3.515625,
        102.03125,
        1
      ],
      "mesh": 20
    },
    {
      "matrix": [
        -0.03709691109260538,
        0,
        -0.9993116726964553,
        0,
        0,
        1,
        0,
        0,
        0.9993116726964553,
        0,
        -0.03709691109260538,
        0,
        -4.03125,
        4.6875,
        118.875,
        1
      ],
      "mesh": 20
    },
    {
      "matrix": [
        -0.03709691109260538,
        0,
        -0.9993116726964553,
        0,
        0,
        1,
        0,
        0,
        0.9993116726964553,
        0,
        -0.03709691109260538,
        0,
        -4.03125,
        4.6875,
        106.875,
        1
      ],
      "mesh": 20
    },
    {
      "matrix": [
        1,
        0,
        0,
        0,
        0,
        1,
        0,
        0,
        0,
        0,
        1,
        0,
        -2.4296875,
        2.46875,
        111.9453125,
        1
      ],
      "mesh": 29
    },
    {
      "matrix": [
        -0.03709691109260538,
        0,
        -0.9993116726964553,
        0,
        0,
        1,
        0,
        0,
        0.9993116726964553,
        0,
        -0.03709691109260538,
        0,
        -2.8515625,
        3.1640625,
        115.28125,
        1
      ],
      "mesh": 31
    },
    {
      "matrix": [
        -0.03709691109260538,
        0,
        -0.9993116726964553,
        0,
        0,
        1,
        0,
        0,
        0.9993116726964553,
        0,
        -0.03709691109260538,
        0,
        -5.0859375,
        2.1875,
        110.5,
        1
      ],
      "mesh": 32
    },
    {
      "matrix": [
        -0.03709691109260538,
        0,
        -0.9993116726964553,
        0,
        0,
        1,
        0,
        0,
        0.9993116726964553,
        0,
        -0.03709691109260538,
        0,
        -2.890625,
        2.6953125,
        110.4609375,
        1
      ],
      "mesh": 33
    },
    {
      "matrix": [
        -0.9996940572530837,
        -0.02471740189836078,
        0.0009175708497324957,
        0,
        -1.734723475976807e-18,
        -0.03709691109260582,
        -0.9993116726964554,
        0,
        0.02473442727999514,
        -0.9990059405382846,
        0.03708556156172338,
        0,
        -18.5,
        0.78125,
        26.03125,
        1
      ],
      "mesh": 22
    },
    {
      "matrix": [
        -0.9996940572530837,
        -0.02471740189836078,
        0.0009175708497324957,
        0,
        -1.734723475976807e-18,
        -0.03709691109260582,
        -0.9993116726964554,
        0,
        0.02473442727999514,
        -0.9990059405382846,
        0.03708556156172338,
        0,
        -17.5,
        0.78125,
        26.03125,
        1
      ],
      "mesh": 22
    },
    {
      "matrix": [
        -0.9996940572530837,
        -0.02471740189836078,
        0.0009175708497324957,
        0,
        -1.734723475976807e-18,
        -0.03709691109260582,
        -0.9993116726964554,
        0,
        0.02473442727999514,
        -0.9990059405382846,
        0.03708556156172338,
        0,
        -16.5,
        0.78125,
        26.03125,
        1
      ],
      "mesh": 22
    },
    {
      "matrix": [
        -0.9996940572530837,
        -0.02471740189836078,
        0.0009175708497324957,
        0,
        -1.734723475976807e-18,
        -0.03709691109260582,
        -0.9993116726964554,
        0,
        0.02473442727999514,
        -0.9990059405382846,
        0.03708556156172338,
        0,
        -15.5,
        0.78125,
        26.03125,
        1
      ],
      "mesh": 22
    },
    {
      "matrix": [
        1,
        0,
        0,
        0,
        0,
        1,
        0,
        0,
        0,
        0,
        1,
        0,
        -113.109375,
        -2.796875,
        105.71875,
        1
      ],
      "mesh": 26
    },
    {
      "matrix": [
        -0.1105431629933491,
        -0.9935337669957403,
        -0.02590102227095281,
        0,
        0.09878641830579427,
        -0.03691545745677116,
        0.9944236987115052,
        0,
        -0.9889496714564088,
        0.10736807179050878,
        0.10222839373799031,
        0,
        -111.34375,
        -2.875,
        105.6953125,
        1
      ],
      "mesh": 26
    },
    {
      "matrix": [
        0.8147933014790244,
        0,
        0.5797515639176074,
        0,
        0,
        1,
        0,
        0,
        -0.5797515639176074,
        0,
        0.8147933014790244,
        0,
        -112.1484375,
        -1.640625,
        105.8125,
        1
      ],
      "mesh": 26
    },
    {
      "matrix": [
        1,
        0,
        0,
        0,
        0,
        0.8800926628551884,
        -0.4748019637580112,
        0,
        0,
        0.4748019637580112,
        0.8800926628551884,
        0,
        -114.1484375,
        -2.96875,
        105.4609375,
        1
      ],
      "mesh": 25
    },
    {
      "matrix": [
        0.8800926628551884,
        0.22025138196003186,
        0.42062600196987343,
        0,
        1.3877787807814457e-17,
        0.8858977722852274,
        -0.4638805202420893,
        0,
        -0.4748019637580112,
        0.40825784230651047,
        0.779672129427985,
        0,
        -115.2265625,
        -2.96875,
        105.5390625,
        1
      ],
      "mesh": 25
    },
    {
      "matrix": [
        -0.024734427279994975,
        0,
        -0.9996940572530831,
        0,
        0,
        1,
        0,
        0,
        0.9996940572530831,
        0,
        -0.024734427279994975,
        0,
        -106.5859375,
        -3.125,
        106.125,
        1
      ],
      "mesh": 21
    },
    {
      "matrix": [
        -0.024734427279994975,
        0,
        -0.9996940572530831,
        0,
        0,
        1,
        0,
        0,
        0.9996940572530831,
        0,
        -0.024734427279994975,
        0,
        -102.5703125,
        -3.125,
        106.125,
        1
      ],
      "mesh": 21
    },
    {
      "matrix": [
        1,
        0,
        0,
        0,
        0,
        1,
        0,
        0,
        0,
        0,
        1,
        0,
        -106.53125,
        -2.953125,
        122.90625,
        1
      ],
      "mesh": 23
    },
    {
      "matrix": [
        1,
        0,
        0,
        0,
        0,
        1,
        0,
        0,
        0,
        0,
        1,
        0,
        -108.53125,
        -2.953125,
        122.90625,
        1
      ],
      "mesh": 23
    },
    {
      "matrix": [
        1,
        0,
        0,
        0,
        0,
        1,
        0,
        0,
        0,
        0,
        1,
        0,
        -110.53125,
        -2.953125,
        122.90625,
        1
      ],
      "mesh": 23
    },
    {
      "matrix": [
        -0.03709691109260538,
        0,
        -0.9993116726964553,
        0,
        0,
        1,
        0,
        0,
        0.9993116726964553,
        0,
        -0.03709691109260538,
        0,
        -91.7421875,
        -2.953125,
        110.203125,
        1
      ],
      "mesh": 24
    },
    {
      "matrix": [
        1,
        0,
        0,
        0,
        0,
        1,
        0,
        0,
        0,
        0,
        1,
        0,
        -92.125,
        -3.03125,
        115.5,
        1
      ],
      "mesh": 21
    },
    {
      "matrix": [
        1,
        0,
        0,
        0,
        0,
        1,
        0,
        0,
        0,
        0,
        1,
        0,
        -65.0078125,
        0,
        102.96875,
        1
      ],
      "mesh": 23
    },
    {
      "matrix": [
        1,
        0,
        0,
        0,
        0,
        1,
        0,
        0,
        0,
        0,
        1,
        0,
        -58.0078125,
        0,
        102.96875,
        1
      ],
      "mesh": 23
    },
    {
      "matrix": [
        0.9487371075487712,
        -0.007817718708141814,
        -0.31596959352790865,
        0,
        0,
        0.9996940572530831,
        -0.024734427279994954,
        0,
        0.3160662917174045,
        0.02346646899449783,
        0.9484468483119857,
        0,
        -50.5,
        0.625,
        113.359375,
        1
      ],
      "mesh": 26
    },
    {
      "matrix": [
        1,
        0,
        0,
        0,
        0,
        -0.012368159663362688,
        -0.9999235113880167,
        0,
        0,
        0.9999235113880167,
        -0.012368159663362688,
        0,
        -50.5,
        0.7421875,
        111.8125,
        1
      ],
      "mesh": 26
    },
    {
      "matrix": [
        0.9695598647982466,
        0,
        0.2448543823835012,
        0,
        0,
        1,
        0,
        0,
        -0.2448543823835012,
        0,
        0.9695598647982466,
        0,
        -50.34375,
        0.625,
        110.2265625,
        1
      ],
      "mesh": 26
    },
    {
      "matrix": [
        1,
        0,
        0,
        0,
        0,
        1,
        0,
        0,
        0,
        0,
        1,
        0,
        -58.5,
        0.546875,
        120.5,
        1
      ],
      "mesh": 34
    },
    {
      "matrix": [
        1,
        0,
        0,
        0,
        0,
        1,
        0,
        0,
        0,
        0,
        1,
        0,
        -61.046875,
        0.546875,
        120.5,
        1
      ],
      "mesh": 34
    },
    {
      "matrix": [
        -0.9999235113880167,
        0,
        -0.012368159663362844,
        0,
        0,
        1,
        0,
        0,
        0.012368159663362844,
        0,
        -0.9999235113880167,
        0,
        -71.0078125,
        0,
        113.5390625,
        1
      ],
      "mesh": 21
    },
    {
      "matrix": [
        0.9695598647982466,
        0,
        -0.2448543823835012,
        0,
        0,
        1,
        0,
        0,
        0.2448543823835012,
        0,
        0.9695598647982466,
        0,
        -9.8125,
        0.5,
        33.984375,
        1
      ],
      "mesh": 19
    },
    {
      "matrix": [
        1,
        0,
        0,
        0,
        0,
        1,
        0,
        0,
        0,
        0,
        1,
        0,
        -12.28125,
        0.5,
        35.203125,
        1
      ],
      "mesh": 19
    },
    {
      "matrix": [
        0.992360787415103,
        0,
        0.12336963808359298,
        0,
        0,
        1,
        0,
        0,
        -0.12336963808359298,
        0,
        0.992360787415103,
        0,
        -8.5,
        0.5,
        35.71875,
        1
      ],
      "mesh": 19
    },
    {
      "matrix": [
        0.5491261904230724,
        0,
        0.8357394492253215,
        0,
        0,
        1,
        0,
        0,
        -0.8357394492253215,
        0,
        0.5491261904230724,
        0,
        -5.5,
        -0.25,
        5.109375,
        1
      ],
      "mesh": 19
    },
    {
      "matrix": [
        -0.7027203712489902,
        0,
        -0.7114661480574334,
        0,
        0,
        1,
        0,
        0,
        0.7114661480574334,
        0,
        -0.7027203712489902,
        0,
        -19.34375,
        -0.25,
        19.109375,
        1
      ],
      "mesh": 19
    },
    {
      "matrix": [
        0.11108652504880467,
        0,
        0.9938107384973163,
        0,
        0,
        1,
        0,
        0,
        -0.9938107384973163,
        0,
        0.11108652504880467,
        0,
        -33.5,
        0.5,
        12.890625,
        1
      ],
      "mesh": 19
    },
    {
      "matrix": [
        -0.507123863869773,
        0,
        0.8618731848095703,
        0,
        0,
        1,
        0,
        0,
        -0.8618731848095703,
        0,
        -0.507123863869773,
        0,
        -34.0625,
        0.5,
        17.28125,
        1
      ],
      "mesh": 35
    },
    {
      "matrix": [
        0.37409685460479325,
        0,
        0.9273896394584102,
        0,
        0,
        1,
        0,
        0,
        -0.9273896394584102,
        0,
        0.37409685460479325,
        0,
        -32.15625,
        0.5,
        8.28125,
        1
      ],
      "mesh": 35
    },
    {
      "matrix": [
        -0.912873454093249,
        0,
        0.4082426445287906,
        0,
        0,
        1,
        0,
        0,
        -0.4082426445287906,
        0,
        -0.912873454093249,
        0,
        -47.9375,
        0.5,
        65.5,
        1
      ],
      "mesh": 35
    },
    {
      "matrix": [
        -0.9850454633172632,
        0,
        0.17229461743791677,
        0,
        0,
        1,
        0,
        0,
        -0.17229461743791677,
        0,
        -0.9850454633172632,
        0,
        -51.5,
        0.5,
        67.5,
        1
      ],
      "mesh": 35
    },
    {
      "matrix": [
        -0.9890057044881309,
        0,
        -0.14787736976946897,
        0,
        0,
        1,
        0,
        0,
        0.14787736976946897,
        0,
        -0.9890057044881309,
        0,
        -77.5,
        0.5,
        68.5,
        1
      ],
      "mesh": 35
    },
    {
      "matrix": [
        -0.8680794502434015,
        0,
        -0.4964252895100264,
        0,
        0,
        1,
        0,
        0,
        0.4964252895100264,
        0,
        -0.8680794502434015,
        0,
        -83.625,
