[gd_scene load_steps=12 format=3 uid="uid://b5ucxwcm6kbyu"]

[ext_resource type="PackedScene" uid="uid://b86lebiiixdq4" path="res://game/levels/ffarena/ffarenaStatic.tscn" id="1_1y8jx"]
[ext_resource type="Script" path="res://game/components/levelchange_activator/levelchange_activator.gd" id="2_jl0ky"]
[ext_resource type="PackedScene" uid="uid://b1ubrk2sleq4v" path="res://game/assets/maps_with_npcs/ffarena/map.gltf" id="2_jum4t"]
[ext_resource type="Environment" uid="uid://dhku8dhhyvp0u" path="res://game/assets/world_environments/interior.tres" id="3_7q8t5"]
[ext_resource type="PackedScene" uid="uid://dddrothxl62m" path="res://game/tools/character_position_marker.tscn" id="3_raqdq"]
[ext_resource type="PackedScene" uid="uid://uh1porxrhyvj" path="res://game/tools/object_position_marker.tscn" id="3_ytwpf"]
[ext_resource type="PackedScene" uid="uid://2oogppad6sbp" path="res://game/actors/characters/generated_characters/89_ffarena__azra/89_ffarena__azra.tscn" id="6_qjxab"]
[ext_resource type="PackedScene" uid="uid://cuexjjgni5ssf" path="res://game/actors/characters/generated_characters/223_monsters__dusk_wolves/223_monsters__dusk_wolves.tscn" id="7_vq5ov"]
[ext_resource type="PackedScene" uid="uid://xgpubh4asctk" path="res://game/actors/characters/generated_characters/275_monsters__umbric_rats/275_monsters__umbric_rats.tscn" id="9_0y7t8"]

[sub_resource type="BoxMesh" id="BoxMesh_i3mve"]
size = Vector3(0.1, 0.1, 0.1)

[sub_resource type="BoxShape3D" id="BoxShape3D_7hdnc"]
size = Vector3(3, 5, 1)

[node name="ffarena" type="Node3D"]

[node name="StaticTerrain" type="Node3D" parent="." groups=["static_terrain"]]

[node name="ffarena" parent="StaticTerrain" instance=ExtResource("1_1y8jx")]
transform = Transform3D(1, 0, 0, 0, 1, 0, 0, 0, 1, 0, -2.12, 0.5)

[node name="npc_placement" type="Node3D" parent="StaticTerrain"]
visible = false

[node name="map" parent="StaticTerrain/npc_placement" instance=ExtResource("2_jum4t")]

[node name="actors" type="Node3D" parent="."]

[node name="named_characters" type="Node3D" parent="actors"]

[node name="opponents" type="Node3D" parent="actors"]

[node name="89_placeholder2" parent="actors/opponents" instance=ExtResource("6_qjxab")]
transform = Transform3D(0.507124, 0, -0.861873, 0, 1, 0, 0.861873, 0, 0.507124, -27.125, -4.75, 6.91406)

[node name="223_placeholder5" parent="actors/opponents" instance=ExtResource("7_vq5ov")]
transform = Transform3D(-1, 0, -8.74228e-08, 0, 1, 0, 8.74228e-08, 0, -1, -23.5, -2, -26.8438)

[node name="223_placeholder6" parent="actors/opponents" instance=ExtResource("7_vq5ov")]
transform = Transform3D(-1, 0, -8.74228e-08, 0, 1, 0, 8.74228e-08, 0, -1, -27.5, -2, -25.5)

[node name="275_placeholder6" parent="actors/opponents" instance=ExtResource("9_0y7t8")]
transform = Transform3D(-0.999694, 0, -0.0247344, 0, 1, 0, 0.0247344, 0, -0.999694, 22.5, -2, -23.5)

[node name="275_placeholder7" parent="actors/opponents" instance=ExtResource("9_0y7t8")]
transform = Transform3D(-1, 0, -8.74228e-08, 0, 1, 0, 8.74228e-08, 0, -1, 24.8906, -2, -28.2812)

[node name="275_placeholder8" parent="actors/opponents" instance=ExtResource("9_0y7t8")]
transform = Transform3D(-0.999694, 0, -0.0247344, 0, 1, 0, 0.0247344, 0, -0.999694, 22.2812, -2, -28.5)

[node name="275_placeholder9" parent="actors/opponents" instance=ExtResource("9_0y7t8")]
transform = Transform3D(-0.70272, 0, 0.711466, 0, 1, 0, -0.711466, 0, -0.70272, 24.5, -2, -18.5)

[node name="275_placeholder10" parent="actors/opponents" instance=ExtResource("9_0y7t8")]
transform = Transform3D(-0.507124, 0, 0.861873, 0, 1, 0, -0.861873, 0, -0.507124, 20.5, -2, -17.5)

[node name="223_placeholder7" parent="actors/opponents" instance=ExtResource("7_vq5ov")]
transform = Transform3D(-1, 0, -8.74228e-08, 0, 1, 0, 8.74228e-08, 0, -1, 18.5, -2, 20.5)

[node name="223_placeholder8" parent="actors/opponents" instance=ExtResource("7_vq5ov")]
transform = Transform3D(-1, 0, -8.74228e-08, 0, 1, 0, 8.74228e-08, 0, -1, 12.5, -2, 28.5)

[node name="objects" type="Node3D" parent="actors"]

[node name="placeholders" type="Node3D" parent="actors"]
transform = Transform3D(1, 0, 0, 0, 1, 0, 0, 0, 1, 0, -2.5, 0)
visible = false

[node name="1_placeholder" parent="actors/placeholders" instance=ExtResource("3_ytwpf")]
transform = Transform3D(0.999713, -0.00483009, -0.0234786, 0.00483142, 0.999988, 0, 0.0234783, -0.000113435, 0.999724, 7.97656, 3.28125, -2.08594)
mesh = SubResource("BoxMesh_i3mve")
type = 1
scriptname = "EMPTY_CHEST"

[node name="1_placeholder2" parent="actors/placeholders" instance=ExtResource("3_ytwpf")]
transform = Transform3D(0.999724, 0, -0.0234786, 0, 1, 0, 0.0234786, 0, 0.999724, 7.97656, 3.28125, -2.08594)
mesh = SubResource("BoxMesh_i3mve")
type = 1
scriptname = "!EMPTY_CHEST"

[node name="1057_placeholder" parent="actors/placeholders" instance=ExtResource("3_ytwpf")]
transform = Transform3D(-1, 0, -8.74228e-08, 0, 1, 0, 8.74228e-08, 0, -1, -19.5, 0, -6.5)
mesh = SubResource("BoxMesh_i3mve")
type = 1
scriptname = "icecrystalT"

[node name="1057_placeholder2" parent="actors/placeholders" instance=ExtResource("3_ytwpf")]
transform = Transform3D(-1, 0, -8.74228e-08, 0, 1, 0, 8.74228e-08, 0, -1, -8.5, 0, 8.5)
mesh = SubResource("BoxMesh_i3mve")
type = 1
scriptname = "icecrystalT"

[node name="1057_placeholder3" parent="actors/placeholders" instance=ExtResource("3_ytwpf")]
transform = Transform3D(-1, 0, -8.74228e-08, 0, 1, 0, 8.74228e-08, 0, -1, -10.7188, 0, -23.5)
mesh = SubResource("BoxMesh_i3mve")
type = 1
scriptname = "icecrystalT"

[node name="1095_placeholder" parent="actors/placeholders" instance=ExtResource("3_ytwpf")]
transform = Transform3D(-1, 0, -8.74228e-08, 0, 1, 0, 8.74228e-08, 0, -1, -16.4531, 0.546875, -0.375)
mesh = SubResource("BoxMesh_i3mve")
type = 11
scriptname = "fearfrostcrystal"

[node name="1436_placeholder" parent="actors/placeholders" instance=ExtResource("3_ytwpf")]
transform = Transform3D(0.985045, -0.172295, -8.74228e-08, -0.172295, -0.985045, 0, -8.61154e-08, 1.50625e-08, -1, -4.5, 10.1484, -7.5)
mesh = SubResource("BoxMesh_i3mve")
type = 1
scriptname = "icecrystalystal"

[node name="1436_placeholder2" parent="actors/placeholders" instance=ExtResource("3_ytwpf")]
transform = Transform3D(0.985045, -0.172295, -8.74228e-08, -0.172295, -0.985045, 0, -8.61154e-08, 1.50625e-08, -1, 9.5, 7.8125, -16.5)
mesh = SubResource("BoxMesh_i3mve")
type = 1
scriptname = "icecrystalystal"

[node name="3_placeholder" parent="actors/placeholders" instance=ExtResource("3_ytwpf")]
transform = Transform3D(-1, 0, -8.74228e-08, 0, 1, 0, 8.74228e-08, 0, -1, 3.5, 0, -3.5)
mesh = SubResource("BoxMesh_i3mve")
type = 1
scriptname = "lanternalystal"

[node name="1057_placeholder4" parent="actors/placeholders" instance=ExtResource("3_ytwpf")]
transform = Transform3D(-1, 0, -8.74228e-08, 0, 1, 0, 8.74228e-08, 0, -1, 6.5, 0.390625, 1.45312)
mesh = SubResource("BoxMesh_i3mve")
type = 1
scriptname = "icecrystalystal"

[node name="1057_placeholder5" parent="actors/placeholders" instance=ExtResource("3_ytwpf")]
transform = Transform3D(-1, 0, -8.74228e-08, 0, 1, 0, 8.74228e-08, 0, -1, 6.5, 0, 13.5)
mesh = SubResource("BoxMesh_i3mve")
type = 1
scriptname = "icecrystalystal"

[node name="1436_placeholder3" parent="actors/placeholders" instance=ExtResource("3_ytwpf")]
transform = Transform3D(0.985045, -0.172295, -8.74228e-08, -0.172295, -0.985045, 0, -8.61154e-08, 1.50625e-08, -1, 0.5, 7.61719, 12.5)
mesh = SubResource("BoxMesh_i3mve")
type = 1
scriptname = "icecrystalystal"

[node name="1436_placeholder4" parent="actors/placeholders" instance=ExtResource("3_ytwpf")]
transform = Transform3D(0.985045, -0.172295, -8.74228e-08, -0.172295, -0.985045, 0, -8.61154e-08, 1.50625e-08, -1, 23.5, 7.77344, 8.5)
mesh = SubResource("BoxMesh_i3mve")
type = 1
scriptname = "icecrystalystal"

[node name="1436_placeholder5" parent="actors/placeholders" instance=ExtResource("3_ytwpf")]
transform = Transform3D(0.998776, -0.0494537, -8.74228e-08, -0.0494537, -0.998776, 0, -8.73158e-08, 4.32338e-09, -1, 26.4609, 7.8125, 0.5)
mesh = SubResource("BoxMesh_i3mve")
type = 1
scriptname = "icecrystalystal"

[node name="1436_placeholder6" parent="actors/placeholders" instance=ExtResource("3_ytwpf")]
transform = Transform3D(0.785125, -0.619337, -8.74228e-08, -0.619337, -0.785125, 0, -6.86379e-08, 5.41441e-08, -1, -3.5, 9.52344, -15.5)
mesh = SubResource("BoxMesh_i3mve")
type = 1
scriptname = "icecrystalystal"

[node name="1057_placeholder6" parent="actors/placeholders" instance=ExtResource("3_ytwpf")]
transform = Transform3D(0.998776, -0.0494537, -8.74228e-08, -0.0494537, -0.998776, 0, -8.73158e-08, 4.32338e-09, -1, 19.5, 7.85156, 21.5)
mesh = SubResource("BoxMesh_i3mve")
type = 1
scriptname = "icecrystalystal"

[node name="1436_placeholder7" parent="actors/placeholders" instance=ExtResource("3_ytwpf")]
transform = Transform3D(0.998776, -0.0494537, -8.74228e-08, -0.0494537, -0.998776, 0, -8.73158e-08, 4.32338e-09, -1, 11.5, 7.85156, 26.5)
mesh = SubResource("BoxMesh_i3mve")
type = 1
scriptname = "icecrystalystal"

[node name="1436_placeholder8" parent="actors/placeholders" instance=ExtResource("3_ytwpf")]
transform = Transform3D(0.998776, -0.0494537, -8.74228e-08, -0.0494537, -0.998776, 0, -8.73158e-08, 4.32338e-09, -1, -0.5, 7.85156, 26.5)
mesh = SubResource("BoxMesh_i3mve")
type = 1
scriptname = "icecrystalystal"

[node name="1436_placeholder9" parent="actors/placeholders" instance=ExtResource("3_ytwpf")]
transform = Transform3D(0.998776, -0.0494537, -8.74228e-08, -0.0494537, -0.998776, 0, -8.73158e-08, 4.32338e-09, -1, 24.5, 7.92969, -17.5)
mesh = SubResource("BoxMesh_i3mve")
type = 1
scriptname = "icecrystalystal"

[node name="1436_placeholder10" parent="actors/placeholders" instance=ExtResource("3_ytwpf")]
transform = Transform3D(0.998776, -0.0494537, -8.74228e-08, -0.0494537, -0.998776, 0, -8.73158e-08, 4.32338e-09, -1, 22.5, 7.89062, -27.5)
mesh = SubResource("BoxMesh_i3mve")
type = 1
scriptname = "icecrystalystal"

[node name="79_placeholder" parent="actors/placeholders" instance=ExtResource("3_ytwpf")]
transform = Transform3D(-1, 0, -8.74228e-08, 0, 1, 0, 8.74228e-08, 0, -1, 20.6953, 0, -26.5156)
mesh = SubResource("BoxMesh_i3mve")
type = 8
scriptname = "crystalalystal"

[node name="79_placeholder2" parent="actors/placeholders" instance=ExtResource("3_ytwpf")]
transform = Transform3D(-1, 0, -8.74228e-08, 0, 1, 0, 8.74228e-08, 0, -1, 4.4375, 0.390625, -22.5)
mesh = SubResource("BoxMesh_i3mve")
type = 8
scriptname = "crystalalystal"

[node name="79_placeholder3" parent="actors/placeholders" instance=ExtResource("3_ytwpf")]
transform = Transform3D(-0.0864711, 0, 0.996254, 0, 1, 0, -0.996254, 0, -0.0864711, -5.71094, 0.390625, -24.5)
mesh = SubResource("BoxMesh_i3mve")
type = 8
scriptname = "crystalalystal"

[node name="79_placeholder4" parent="actors/placeholders" instance=ExtResource("3_ytwpf")]
transform = Transform3D(0.0370969, 0, 0.999312, 0, 1, 0, -0.999312, 0, 0.0370969, 5.5, 0.390625, -6.96875)
mesh = SubResource("BoxMesh_i3mve")
type = 8
scriptname = "crystalalystal"

[node name="1057_placeholder7" parent="actors/placeholders" instance=ExtResource("3_ytwpf")]
transform = Transform3D(-1, 0, -8.74228e-08, 0, 1, 0, 8.74228e-08, 0, -1, -24.5, 0, -23.5)
mesh = SubResource("BoxMesh_i3mve")
type = 1
scriptname = "icecrystalystal"

[node name="89_placeholder" parent="actors/placeholders" instance=ExtResource("3_raqdq")]
transform = Transform3D(0.507124, 0, -0.861873, 0, 1, 0, 0.861873, 0, 0.507124, -27.125, -2.25, 6.91406)
type = 2
scriptname = "ffarena\\Azra.s"

[node name="301_placeholder" parent="actors/placeholders" instance=ExtResource("3_ytwpf")]
transform = Transform3D(-0.0247344, 0, 0.999694, 0, 1, 0, -0.999694, 0, -0.0247344, -19.7188, 0.195312, -27.7734)
mesh = SubResource("BoxMesh_i3mve")
type = 8
scriptname = "ffarena\\loot1.s"

[node name="223_placeholder" parent="actors/placeholders" instance=ExtResource("3_raqdq")]
transform = Transform3D(-1, 0, -8.74228e-08, 0, 1, 0, 8.74228e-08, 0, -1, -23.5, 0.5, -26.8438)
type = 2
scriptname = "monsters\\Dusk_Wolves.s"

[node name="223_placeholder2" parent="actors/placeholders" instance=ExtResource("3_raqdq")]
transform = Transform3D(-1, 0, -8.74228e-08, 0, 1, 0, 8.74228e-08, 0, -1, -27.5, 0.5, -25.5)
type = 2
scriptname = "monsters\\Dusk_Wolves.s"

[node name="300_placeholder" parent="actors/placeholders" instance=ExtResource("3_ytwpf")]
transform = Transform3D(-0.208718, 0, 0.977976, 0, 1, 0, -0.977976, 0, -0.208718, 22.9844, 0.273438, -27.3281)
mesh = SubResource("BoxMesh_i3mve")
type = 8
scriptname = "ffarena\\loot2.s"

[node name="275_placeholder" parent="actors/placeholders" instance=ExtResource("3_raqdq")]
transform = Transform3D(-0.999694, 0, -0.0247344, 0, 1, 0, 0.0247344, 0, -0.999694, 22.5, 0.5, -23.5)
type = 2
scriptname = "monsters\\Umbric_Rats.s"

[node name="275_placeholder2" parent="actors/placeholders" instance=ExtResource("3_raqdq")]
transform = Transform3D(-1, 0, -8.74228e-08, 0, 1, 0, 8.74228e-08, 0, -1, 24.8906, 0.5, -28.2812)
type = 2
scriptname = "monsters\\Umbric_Rats.s"

[node name="275_placeholder3" parent="actors/placeholders" instance=ExtResource("3_raqdq")]
transform = Transform3D(-0.999694, 0, -0.0247344, 0, 1, 0, 0.0247344, 0, -0.999694, 22.2812, 0.5, -28.5)
type = 2
scriptname = "monsters\\Umbric_Rats.s"

[node name="275_placeholder4" parent="actors/placeholders" instance=ExtResource("3_raqdq")]
transform = Transform3D(-0.70272, 0, 0.711466, 0, 1, 0, -0.711466, 0, -0.70272, 24.5, 0.5, -18.5)
type = 2
scriptname = "monsters\\Umbric_Rats.s"

[node name="275_placeholder5" parent="actors/placeholders" instance=ExtResource("3_raqdq")]
transform = Transform3D(-0.507124, 0, 0.861873, 0, 1, 0, -0.861873, 0, -0.507124, 20.5, 0.5, -17.5)
type = 2
scriptname = "monsters\\Umbric_Rats.s"

[node name="223_placeholder3" parent="actors/placeholders" instance=ExtResource("3_raqdq")]
transform = Transform3D(-1, 0, -8.74228e-08, 0, 1, 0, 8.74228e-08, 0, -1, 18.5, 0.5, 20.5)
type = 2
scriptname = "monsters\\Dusk_Wolves.s"

[node name="223_placeholder4" parent="actors/placeholders" instance=ExtResource("3_raqdq")]
transform = Transform3D(-1, 0, -8.74228e-08, 0, 1, 0, 8.74228e-08, 0, -1, 12.5, 0.5, 28.5)
type = 2
scriptname = "monsters\\Dusk_Wolves.s"

[node name="301_placeholder2" parent="actors/placeholders" instance=ExtResource("3_ytwpf")]
transform = Transform3D(-1, 0, -8.74228e-08, 0, 1, 0, 8.74228e-08, 0, -1, -1.5, 0.234375, 22.6562)
mesh = SubResource("BoxMesh_i3mve")
type = 8
scriptname = "ffarena\\loot3.s"

[node name="300_placeholder2" parent="actors/placeholders" instance=ExtResource("3_ytwpf")]
transform = Transform3D(-1, 0, -8.74228e-08, 0, 1, 0, 8.74228e-08, 0, -1, 26.5, 0.195312, -0.242188)
mesh = SubResource("BoxMesh_i3mve")
type = 8
scriptname = "ffarena\\loot_sanctuary.s"

[node name="300_placeholder3" parent="actors/placeholders" instance=ExtResource("3_ytwpf")]
transform = Transform3D(-1, 0, -8.74228e-08, 0, 1, 0, 8.74228e-08, 0, -1, 25.5, 0.234375, 10.5)
mesh = SubResource("BoxMesh_i3mve")
type = 8
scriptname = "ffarena\\loot_UseFrenzy.s"

[node name="activators" type="Node3D" parent="."]

[node name="levelchange1" type="Area3D" parent="activators"]
transform = Transform3D(-0.05068, 0, 0.998715, 0, 1, 0, -0.998715, 0, -0.0506801, 5.48426, 3.80814, -1.70859)
script = ExtResource("2_jl0ky")
next_level = "fearfrst"

[node name="CollisionShape3D" type="CollisionShape3D" parent="activators/levelchange1"]
shape = SubResource("BoxShape3D_7hdnc")

[node name="player_spawn_positions" type="Node3D" parent="."]

[node name="fearfrst" type="Marker3D" parent="player_spawn_positions"]
transform = Transform3D(1, 0, 0, 0, 1, 0, 0, 0, 1, 8.04876, 4.5164, -1.97804)

[node name="WorldEnvironment" type="WorldEnvironment" parent="."]
environment = ExtResource("3_7q8t5")

[connection signal="body_entered" from="activators/levelchange1" to="activators/levelchange1" method="_on_body_entered"]
