[gd_scene load_steps=25 format=3 uid="uid://dx3ohiun3h7he"]

[ext_resource type="PackedScene" uid="uid://bisfr7bp7iuay" path="res://game/levels/lothcav/lothcavStatic.tscn" id="1_tsfvt"]
[ext_resource type="PackedScene" uid="uid://m22bxbfmucbq" path="res://game/assets/maps_with_npcs/lothcav/map.gltf" id="2_otfg8"]
[ext_resource type="Script" path="res://game/components/levelchange_activator/levelchange_activator.gd" id="2_wfqk1"]
[ext_resource type="Environment" uid="uid://dhku8dhhyvp0u" path="res://game/assets/world_environments/interior.tres" id="3_ccov1"]
[ext_resource type="PackedScene" uid="uid://uh1porxrhyvj" path="res://game/tools/object_position_marker.tscn" id="3_iy65p"]
[ext_resource type="PackedScene" uid="uid://dddrothxl62m" path="res://game/tools/character_position_marker.tscn" id="3_rbb0y"]
[ext_resource type="PackedScene" uid="uid://b8febj4fcegsr" path="res://game/actors/characters/generated_characters/250_monsters__highwaymage/250_monsters__highwaymage.tscn" id="6_x5qa3"]
[ext_resource type="PackedScene" uid="uid://0scbs7ggsyb2" path="res://game/actors/characters/generated_characters/4212_monsters__skyrim_soldier/4212_monsters__skyrim_soldier.tscn" id="8_teow4"]
[ext_resource type="PackedScene" uid="uid://dj54kjr7bfee" path="res://game/actors/characters/generated_characters/4244_monsters__skyrim_archer/4244_monsters__skyrim_archer.tscn" id="9_ok3i7"]
[ext_resource type="PackedScene" uid="uid://b3ycd1u1fme62" path="res://game/actors/characters/generated_characters/247_monsters__ill_floater/247_monsters__ill_floater.tscn" id="10_ik5li"]
[ext_resource type="PackedScene" uid="uid://3d05s50ueopf" path="res://game/actors/characters/generated_characters/4202_monsters__sgoblin/4202_monsters__sgoblin.tscn" id="11_htt0p"]
[ext_resource type="PackedScene" uid="uid://td5baivwv8qa" path="res://game/actors/characters/generated_characters/200_monsters__wormmouth/200_monsters__wormmouth.tscn" id="12_b58d8"]
[ext_resource type="PackedScene" uid="uid://b6q0w745l5k6q" path="res://game/actors/characters/generated_characters/3201_lothna__pilgrim_ghost/3201_lothna__pilgrim_ghost.tscn" id="13_1i0os"]
[ext_resource type="PackedScene" uid="uid://dpy38wjtw8ahy" path="res://game/actors/characters/generated_characters/4244_monsters__skyrim_soldier/4244_monsters__skyrim_soldier.tscn" id="14_v865p"]
[ext_resource type="PackedScene" uid="uid://b0yc1nmb067q2" path="res://game/actors/characters/generated_characters/273_monsters__twilight_wolf/273_monsters__twilight_wolf.tscn" id="15_rr47i"]
[ext_resource type="PackedScene" uid="uid://c207dtypmu1kv" path="res://game/actors/characters/generated_characters/252_monsters__horrid_wormmouth/252_monsters__horrid_wormmouth.tscn" id="16_0yyg6"]
[ext_resource type="PackedScene" uid="uid://cu2lt1bpva8tu" path="res://game/actors/characters/generated_characters/4003_monsters__shardwolf/4003_monsters__shardwolf.tscn" id="17_267nb"]
[ext_resource type="PackedScene" uid="uid://bjn82wpesl75j" path="res://game/actors/characters/generated_characters/269_monsters__sting_floater/269_monsters__sting_floater.tscn" id="18_6tqib"]
[ext_resource type="PackedScene" uid="uid://d1xs886ydalo2" path="res://game/actors/characters/generated_characters/4030_monsters__duvais/4030_monsters__duvais.tscn" id="19_afltw"]
[ext_resource type="PackedScene" uid="uid://i8fv70f6ihxn" path="res://game/actors/characters/generated_characters/1015_lothna__fortifyingcrystal/1015_lothna__fortifyingcrystal.tscn" id="20_g8jou"]
[ext_resource type="PackedScene" uid="uid://c4pjuauujyt8f" path="res://game/actors/characters/generated_characters/901_monsters__sergeant/901_monsters__sergeant.tscn" id="21_ofuf4"]
[ext_resource type="PackedScene" uid="uid://q7cp7gt3r2tn" path="res://game/actors/characters/generated_characters/272_monsters__tunnel_wight/272_monsters__tunnel_wight.tscn" id="22_uxs7n"]

[sub_resource type="BoxMesh" id="BoxMesh_i3mve"]
size = Vector3(0.1, 0.1, 0.1)

[sub_resource type="BoxShape3D" id="BoxShape3D_amy0u"]
size = Vector3(3, 5, 1)

[node name="lothcav" type="Node3D"]

[node name="StaticTerrain" type="Node3D" parent="." groups=["static_terrain"]]

[node name="lothcav" parent="StaticTerrain" instance=ExtResource("1_tsfvt")]
transform = Transform3D(1, 0, 0, 0, 1, 0, 0, 0, 1, 0, -33.5, 0)

[node name="npc_placement" type="Node3D" parent="StaticTerrain"]
visible = false

[node name="map" parent="StaticTerrain/npc_placement" instance=ExtResource("2_otfg8")]

[node name="actors" type="Node3D" parent="."]

[node name="named_characters" type="Node3D" parent="actors"]

[node name="opponents" type="Node3D" parent="actors"]

[node name="250_placeholder6" parent="actors/opponents" instance=ExtResource("6_x5qa3")]
transform = Transform3D(-1, 0, -8.74228e-08, 0, 1, 0, 8.74228e-08, 0, -1, -54.5, -18.5, 25.5)

[node name="4212_placeholder22" parent="actors/opponents" instance=ExtResource("8_teow4")]
transform = Transform3D(-1, 0, -8.74228e-08, 0, 1, 0, 8.74228e-08, 0, -1, -57.5, -18.5, 26.5)

[node name="4212_placeholder23" parent="actors/opponents" instance=ExtResource("8_teow4")]
transform = Transform3D(-1, 0, -8.74228e-08, 0, 1, 0, 8.74228e-08, 0, -1, -57.5, -18.5, 30.5)

[node name="4244_placeholder19" parent="actors/opponents" instance=ExtResource("9_ok3i7")]
transform = Transform3D(-1, 0, -8.74228e-08, 0, 1, 0, 8.74228e-08, 0, -1, -55.5, -18.5, 28.5)

[node name="247_placeholder29" parent="actors/opponents" instance=ExtResource("10_ik5li")]
transform = Transform3D(-0.999694, 0, -0.0247344, 0, 1, 0, 0.0247344, 0, -0.999694, -13.5, -18.5, 38.5)

[node name="4244_placeholder20" parent="actors/opponents" instance=ExtResource("9_ok3i7")]
transform = Transform3D(-0.999694, 0, -0.0247344, 0, 1, 0, 0.0247344, 0, -0.999694, -3.5, -24.5, 40.5)

[node name="4244_placeholder21" parent="actors/opponents" instance=ExtResource("9_ok3i7")]
transform = Transform3D(-1, 0, -8.74228e-08, 0, 1, 0, 8.74228e-08, 0, -1, -1.5, -24.5, 44.5)

[node name="4244_placeholder22" parent="actors/opponents" instance=ExtResource("9_ok3i7")]
transform = Transform3D(-0.999694, 0, 0.0247345, 0, 1, 0, -0.0247345, 0, -0.999694, 3.5, -24.5, 43.5)

[node name="4244_placeholder23" parent="actors/opponents" instance=ExtResource("9_ok3i7")]
transform = Transform3D(-0.995109, 0, -0.0987865, 0, 1, 0, 0.0987865, 0, -0.995109, 24.5, -18.5, 38.5)

[node name="4202_placeholder15" parent="actors/opponents" instance=ExtResource("11_htt0p")]
transform = Transform3D(-0.997248, 0, -0.0741429, 0, 1, 0, 0.0741429, 0, -0.997248, 23.5, -18.5, 42.5)

[node name="4202_placeholder16" parent="actors/opponents" instance=ExtResource("11_htt0p")]
transform = Transform3D(-0.995109, 0, -0.0987865, 0, 1, 0, 0.0987865, 0, -0.995109, 29.5, -18.5, 37.5)

[node name="250_placeholder7" parent="actors/opponents" instance=ExtResource("6_x5qa3")]
transform = Transform3D(-0.998776, 0, -0.0494537, 0, 1, 0, 0.0494537, 0, -0.998776, 57.5, -18.5, 45.5)

[node name="200_placeholder5" parent="actors/opponents" instance=ExtResource("12_b58d8")]
transform = Transform3D(-0.998776, 0, -0.0494537, 0, 1, 0, 0.0494537, 0, -0.998776, 57.5, -18.5, 47.5)

[node name="200_placeholder6" parent="actors/opponents" instance=ExtResource("12_b58d8")]
transform = Transform3D(-1, 0, -8.74228e-08, 0, 1, 0, 8.74228e-08, 0, -1, 60.5, -18.5, 44.5)

[node name="3201_placeholder2" parent="actors/opponents" instance=ExtResource("13_1i0os")]
transform = Transform3D(-0.208718, 0, 0.977976, 0, 1, 0, -0.977976, 0, -0.208718, -44.5, -18.5, 1.5)

[node name="4244_placeholder24" parent="actors/opponents" instance=ExtResource("14_v865p")]
transform = Transform3D(-1, 0, -8.74228e-08, 0, 1, 0, 8.74228e-08, 0, -1, -57.5, -18.5, 54.5)

[node name="273_placeholder9" parent="actors/opponents" instance=ExtResource("15_rr47i")]
transform = Transform3D(-0.0123682, 0, 0.999924, 0, 1, 0, -0.999924, 0, -0.0123682, -33.5, -18.5, 30.5)

[node name="273_placeholder10" parent="actors/opponents" instance=ExtResource("15_rr47i")]
transform = Transform3D(0.452888, 0, 0.891567, 0, 1, 0, -0.891567, 0, 0.452888, -39.5, -18.5, 35.5)

[node name="273_placeholder11" parent="actors/opponents" instance=ExtResource("15_rr47i")]
transform = Transform3D(0.12337, 0, 0.992361, 0, 1, 0, -0.992361, 0, 0.12337, -39.5, -18.5, 31.5)

[node name="4202_placeholder17" parent="actors/opponents" instance=ExtResource("11_htt0p")]
transform = Transform3D(-0.362598, 0, 0.931946, 0, 1, 0, -0.931946, 0, -0.362598, -32.5, -18.5, 39.5)

[node name="273_placeholder12" parent="actors/opponents" instance=ExtResource("15_rr47i")]
transform = Transform3D(-1, 0, -8.74228e-08, 0, 1, 0, 8.74228e-08, 0, -1, 37.5, -18.5, 55.5)

[node name="4212_placeholder24" parent="actors/opponents" instance=ExtResource("8_teow4")]
transform = Transform3D(-1, 0, -8.74228e-08, 0, 1, 0, 8.74228e-08, 0, -1, 35.5, -18.5, 56.5)

[node name="200_placeholder7" parent="actors/opponents" instance=ExtResource("12_b58d8")]
transform = Transform3D(-0.998776, 0, 0.0494537, 0, 1, 0, -0.0494537, 0, -0.998776, 0.5, -24.5, 52.5)

[node name="200_placeholder8" parent="actors/opponents" instance=ExtResource("12_b58d8")]
transform = Transform3D(-0.999694, 0, -0.0247344, 0, 1, 0, 0.0247344, 0, -0.999694, -4.5, -24.5, 54.5)

[node name="4212_placeholder25" parent="actors/opponents" instance=ExtResource("8_teow4")]
transform = Transform3D(-0.999694, 0, 0.0247345, 0, 1, 0, -0.0247345, 0, -0.999694, -4.5, -18.5, 60.5)

[node name="4212_placeholder26" parent="actors/opponents" instance=ExtResource("8_teow4")]
transform = Transform3D(-1, 0, -8.74228e-08, 0, 1, 0, 8.74228e-08, 0, -1, -8.5, -18.5, 61.3281)

[node name="4212_placeholder27" parent="actors/opponents" instance=ExtResource("8_teow4")]
transform = Transform3D(-1, 0, -8.74228e-08, 0, 1, 0, 8.74228e-08, 0, -1, -10.5, -18.5, 60.5)

[node name="4212_placeholder28" parent="actors/opponents" instance=ExtResource("8_teow4")]
transform = Transform3D(-1, 0, -8.74228e-08, 0, 1, 0, 8.74228e-08, 0, -1, -19.5, -18.5, 57.5)

[node name="250_placeholder8" parent="actors/opponents" instance=ExtResource("6_x5qa3")]
transform = Transform3D(-1, 0, -8.74228e-08, 0, 1, 0, 8.74228e-08, 0, -1, -22.5, -18.5, 57.5)

[node name="4244_placeholder25" parent="actors/opponents" instance=ExtResource("9_ok3i7")]
transform = Transform3D(-1, 0, -8.74228e-08, 0, 1, 0, 8.74228e-08, 0, -1, -30.5, -18.5, 57.5)

[node name="4244_placeholder26" parent="actors/opponents" instance=ExtResource("9_ok3i7")]
transform = Transform3D(-1, 0, -8.74228e-08, 0, 1, 0, 8.74228e-08, 0, -1, -33.5, -18.5, 56.5)

[node name="4202_placeholder18" parent="actors/opponents" instance=ExtResource("11_htt0p")]
transform = Transform3D(-1, 0, -8.74228e-08, 0, 1, 0, 8.74228e-08, 0, -1, -35.5, -18.5, 54.5)

[node name="4202_placeholder19" parent="actors/opponents" instance=ExtResource("11_htt0p")]
transform = Transform3D(-1, 0, -8.74228e-08, 0, 1, 0, 8.74228e-08, 0, -1, -40.5, -18.5, 54.5)

[node name="247_placeholder30" parent="actors/opponents" instance=ExtResource("10_ik5li")]
transform = Transform3D(-0.997248, 0, -0.0741429, 0, 1, 0, 0.0741429, 0, -0.997248, 51.5, -24.5, 33.5)

[node name="247_placeholder31" parent="actors/opponents" instance=ExtResource("10_ik5li")]
transform = Transform3D(-0.997248, 0, -0.0741429, 0, 1, 0, 0.0741429, 0, -0.997248, 44.5, -24.5, 33.5)

[node name="247_placeholder32" parent="actors/opponents" instance=ExtResource("10_ik5li")]
transform = Transform3D(-0.999694, 0, -0.0247344, 0, 1, 0, 0.0247344, 0, -0.999694, 52.5, -24.5, 28.5)

[node name="247_placeholder33" parent="actors/opponents" instance=ExtResource("10_ik5li")]
transform = Transform3D(-0.998776, 0, -0.0494537, 0, 1, 0, 0.0494537, 0, -0.998776, 41.5, -24.5, 29.5)

[node name="252_placeholder8" parent="actors/opponents" instance=ExtResource("16_0yyg6")]
transform = Transform3D(-0.999694, 0, -0.0247344, 0, 1, 0, 0.0247344, 0, -0.999694, 10.5, -18.5, 31.5)

[node name="252_placeholder9" parent="actors/opponents" instance=ExtResource("16_0yyg6")]
transform = Transform3D(-0.999694, 0, -0.0247344, 0, 1, 0, 0.0247344, 0, -0.999694, 5.5, -18.5, 33.5)

[node name="4212_placeholder29" parent="actors/opponents" instance=ExtResource("8_teow4")]
transform = Transform3D(-1, 0, -8.74228e-08, 0, 1, 0, 8.74228e-08, 0, -1, -40.5, -18.5, 16.5)

[node name="4212_placeholder30" parent="actors/opponents" instance=ExtResource("8_teow4")]
transform = Transform3D(-1, 0, -8.74228e-08, 0, 1, 0, 8.74228e-08, 0, -1, -45.5, -18.5, 17.5)

[node name="4202_placeholder20" parent="actors/opponents" instance=ExtResource("11_htt0p")]
transform = Transform3D(-1, 0, -8.74228e-08, 0, 1, 0, 8.74228e-08, 0, -1, -43.5, -18.5, 15.5)

[node name="273_placeholder13" parent="actors/opponents" instance=ExtResource("15_rr47i")]
transform = Transform3D(-1, 0, -8.74228e-08, 0, 1, 0, 8.74228e-08, 0, -1, 53.5, -18.5, -0.5)

[node name="4202_placeholder21" parent="actors/opponents" instance=ExtResource("11_htt0p")]
transform = Transform3D(-1, 0, -8.74228e-08, 0, 1, 0, 8.74228e-08, 0, -1, 50.5, -18.5, -1.5)

[node name="4212_placeholder31" parent="actors/opponents" instance=ExtResource("8_teow4")]
transform = Transform3D(-0.995109, 0, -0.0987865, 0, 1, 0, 0.0987865, 0, -0.995109, 30.5, -18.5, 4.5)

[node name="4212_placeholder32" parent="actors/opponents" instance=ExtResource("8_teow4")]
transform = Transform3D(-0.997248, 0, -0.0741429, 0, 1, 0, 0.0741429, 0, -0.997248, 25.5, -18.5, 4.5)

[node name="4244_placeholder27" parent="actors/opponents" instance=ExtResource("9_ok3i7")]
transform = Transform3D(-0.997248, 0, -0.0741429, 0, 1, 0, 0.0741429, 0, -0.997248, 26.5, -18.5, 3.5)

[node name="250_placeholder9" parent="actors/opponents" instance=ExtResource("6_x5qa3")]
transform = Transform3D(-0.995109, 0, -0.0987865, 0, 1, 0, 0.0987865, 0, -0.995109, 27.5, -24.75, 11.0625)

[node name="252_placeholder10" parent="actors/opponents" instance=ExtResource("16_0yyg6")]
transform = Transform3D(-0.999694, 0, 0.0247345, 0, 1, 0, -0.0247345, 0, -0.999694, 57.5, -18.5, -23.5)

[node name="252_placeholder11" parent="actors/opponents" instance=ExtResource("16_0yyg6")]
transform = Transform3D(-0.999694, 0, 0.0247345, 0, 1, 0, -0.0247345, 0, -0.999694, 53.5, -18.5, -24.5)

[node name="252_placeholder12" parent="actors/opponents" instance=ExtResource("16_0yyg6")]
transform = Transform3D(-1, 0, -8.74228e-08, 0, 1, 0, 8.74228e-08, 0, -1, 51.5, -18.5, -22.5)

[node name="247_placeholder34" parent="actors/opponents" instance=ExtResource("10_ik5li")]
transform = Transform3D(-0.998776, 0, -0.0494537, 0, 1, 0, 0.0494537, 0, -0.998776, 26.5, -18.5, -17.5)

[node name="247_placeholder35" parent="actors/opponents" instance=ExtResource("10_ik5li")]
transform = Transform3D(-0.998776, 0, -0.0494537, 0, 1, 0, 0.0494537, 0, -0.998776, 20.5, -18.5, -14.5)

[node name="247_placeholder36" parent="actors/opponents" instance=ExtResource("10_ik5li")]
transform = Transform3D(-0.999694, 0, -0.0247344, 0, 1, 0, 0.0247344, 0, -0.999694, 15.5, -18.5, -18.5)

[node name="4003_placeholder5" parent="actors/opponents" instance=ExtResource("17_267nb")]
transform = Transform3D(-1, 0, -8.74228e-08, 0, 1, 0, 8.74228e-08, 0, -1, 42.5, -18.5, -20.2812)

[node name="4003_placeholder6" parent="actors/opponents" instance=ExtResource("17_267nb")]
transform = Transform3D(-1, 0, -8.74228e-08, 0, 1, 0, 8.74228e-08, 0, -1, 37.6406, -18.5, -21.0625)

[node name="4003_placeholder7" parent="actors/opponents" instance=ExtResource("17_267nb")]
transform = Transform3D(-1, 0, -8.74228e-08, 0, 1, 0, 8.74228e-08, 0, -1, 44.5, -18.5, -27.9688)

[node name="4003_placeholder8" parent="actors/opponents" instance=ExtResource("17_267nb")]
transform = Transform3D(-1, 0, -8.74228e-08, 0, 1, 0, 8.74228e-08, 0, -1, 41.2812, -18.5, -26.0156)

[node name="247_placeholder37" parent="actors/opponents" instance=ExtResource("10_ik5li")]
transform = Transform3D(-1, 0, -8.74228e-08, 0, 1, 0, 8.74228e-08, 0, -1, 34.5, -24.5, -19.5)

[node name="4244_placeholder28" parent="actors/opponents" instance=ExtResource("9_ok3i7")]
transform = Transform3D(-1, 0, -8.74228e-08, 0, 1, 0, 8.74228e-08, 0, -1, 30.5, -24.5, -21.5)

[node name="4244_placeholder29" parent="actors/opponents" instance=ExtResource("9_ok3i7")]
transform = Transform3D(-1, 0, -8.74228e-08, 0, 1, 0, 8.74228e-08, 0, -1, 34.5, -24.5, -24.5)

[node name="4212_placeholder33" parent="actors/opponents" instance=ExtResource("8_teow4")]
transform = Transform3D(-0.999694, 0, 0.0247345, 0, 1, 0, -0.0247345, 0, -0.999694, 29.5, -18.5, -27.5)

[node name="4212_placeholder34" parent="actors/opponents" instance=ExtResource("8_teow4")]
transform = Transform3D(-0.999694, 0, 0.0247345, 0, 1, 0, -0.0247345, 0, -0.999694, 27.5, -18.5, -29.5)

[node name="250_placeholder10" parent="actors/opponents" instance=ExtResource("6_x5qa3")]
transform = Transform3D(-0.999694, 0, -0.0247344, 0, 1, 0, 0.0247344, 0, -0.999694, -3.5, -24.5, -18.5)

[node name="247_placeholder38" parent="actors/opponents" instance=ExtResource("10_ik5li")]
transform = Transform3D(-0.999694, 0, -0.0247344, 0, 1, 0, 0.0247344, 0, -0.999694, -14.5, -24.5, -21.5)

[node name="247_placeholder39" parent="actors/opponents" instance=ExtResource("10_ik5li")]
transform = Transform3D(-1, 0, -8.74228e-08, 0, 1, 0, 8.74228e-08, 0, -1, -11.5, -24.5, -19.5)

[node name="269_placeholder11" parent="actors/opponents" instance=ExtResource("18_6tqib")]
transform = Transform3D(-1, 0, -8.74228e-08, 0, 1, 0, 8.74228e-08, 0, -1, 55.5, -18.5, -36.5)

[node name="4202_placeholder22" parent="actors/opponents" instance=ExtResource("11_htt0p")]
transform = Transform3D(-1, 0, -8.74228e-08, 0, 1, 0, 8.74228e-08, 0, -1, 50.5, -18.5, -38.5)

[node name="4202_placeholder23" parent="actors/opponents" instance=ExtResource("11_htt0p")]
transform = Transform3D(-1, 0, -8.74228e-08, 0, 1, 0, 8.74228e-08, 0, -1, 46.5, -18.5, -39.5)

[node name="4202_placeholder24" parent="actors/opponents" instance=ExtResource("11_htt0p")]
transform = Transform3D(-1, 0, -8.74228e-08, 0, 1, 0, 8.74228e-08, 0, -1, 47.5, -18.5, -42.5)

[node name="269_placeholder12" parent="actors/opponents" instance=ExtResource("18_6tqib")]
transform = Transform3D(-1, 0, -8.74228e-08, 0, 1, 0, 8.74228e-08, 0, -1, 38.5, -24.5, -37.5)

[node name="269_placeholder13" parent="actors/opponents" instance=ExtResource("18_6tqib")]
transform = Transform3D(-0.999694, 0, 0.0247345, 0, 1, 0, -0.0247345, 0, -0.999694, 36.5, -24.5, -38.5)

[node name="247_placeholder40" parent="actors/opponents" instance=ExtResource("10_ik5li")]
transform = Transform3D(-1, 0, -8.74228e-08, 0, 1, 0, 8.74228e-08, 0, -1, 31.5, -24.5, -38.5)

[node name="247_placeholder41" parent="actors/opponents" instance=ExtResource("10_ik5li")]
transform = Transform3D(-1, 0, -8.74228e-08, 0, 1, 0, 8.74228e-08, 0, -1, 28.5, -24.5, -36.5)

[node name="247_placeholder42" parent="actors/opponents" instance=ExtResource("10_ik5li")]
transform = Transform3D(-0.999694, 0, 0.0247345, 0, 1, 0, -0.0247345, 0, -0.999694, 22.5, -18.5, -40.5)

[node name="247_placeholder43" parent="actors/opponents" instance=ExtResource("10_ik5li")]
transform = Transform3D(-0.999694, 0, 0.0247345, 0, 1, 0, -0.0247345, 0, -0.999694, 19.5, -18.5, -39.5)

[node name="269_placeholder14" parent="actors/opponents" instance=ExtResource("18_6tqib")]
transform = Transform3D(-1, 0, -8.74228e-08, 0, 1, 0, 8.74228e-08, 0, -1, 14.5, -18.5, -39.5)

[node name="269_placeholder15" parent="actors/opponents" instance=ExtResource("18_6tqib")]
transform = Transform3D(-1, 0, -8.74228e-08, 0, 1, 0, 8.74228e-08, 0, -1, 13.5, -18.5, -41.5)

[node name="4212_placeholder35" parent="actors/opponents" instance=ExtResource("8_teow4")]
transform = Transform3D(-1, 0, -8.74228e-08, 0, 1, 0, 8.74228e-08, 0, -1, 0.5, -18.5, -27.5)

[node name="4212_placeholder36" parent="actors/opponents" instance=ExtResource("8_teow4")]
transform = Transform3D(-0.999694, 0, -0.0247344, 0, 1, 0, 0.0247344, 0, -0.999694, -5.5, -18.5, -26.5)

[node name="4244_placeholder30" parent="actors/opponents" instance=ExtResource("9_ok3i7")]
transform = Transform3D(-1, 0, -8.74228e-08, 0, 1, 0, 8.74228e-08, 0, -1, 4.5, -18.5, -33.0625)

[node name="4212_placeholder37" parent="actors/opponents" instance=ExtResource("8_teow4")]
transform = Transform3D(-1, 0, -8.74228e-08, 0, 1, 0, 8.74228e-08, 0, -1, -4.5, -18.5, -34.5)

[node name="4212_placeholder38" parent="actors/opponents" instance=ExtResource("8_teow4")]
transform = Transform3D(-0.999694, 0, -0.0247344, 0, 1, 0, 0.0247344, 0, -0.999694, -3.5, -18.5, -29.5)

[node name="4212_placeholder39" parent="actors/opponents" instance=ExtResource("8_teow4")]
transform = Transform3D(-0.999694, 0, -0.0247344, 0, 1, 0, 0.0247344, 0, -0.999694, -21.4062, -18.5, -36.5)

[node name="4212_placeholder40" parent="actors/opponents" instance=ExtResource("8_teow4")]
transform = Transform3D(-1, 0, -8.74228e-08, 0, 1, 0, 8.74228e-08, 0, -1, -21.8438, -18.5, -31.7188)

[node name="4244_placeholder31" parent="actors/opponents" instance=ExtResource("9_ok3i7")]
transform = Transform3D(-0.999694, 0, 0.0247345, 0, 1, 0, -0.0247345, 0, -0.999694, -10.5, -18.5, -35.5)

[node name="4244_placeholder32" parent="actors/opponents" instance=ExtResource("9_ok3i7")]
transform = Transform3D(-0.998776, 0, 0.0494537, 0, 1, 0, -0.0494537, 0, -0.998776, -11.8906, -18.5, -28.5469)

[node name="4202_placeholder25" parent="actors/opponents" instance=ExtResource("11_htt0p")]
transform = Transform3D(-1, 0, -8.74228e-08, 0, 1, 0, 8.74228e-08, 0, -1, -15.5, -18.5, -33.0625)

[node name="247_placeholder44" parent="actors/opponents" instance=ExtResource("10_ik5li")]
transform = Transform3D(-1, 0, -8.74228e-08, 0, 1, 0, 8.74228e-08, 0, -1, -33.5, -18.5, -37.5)

[node name="247_placeholder45" parent="actors/opponents" instance=ExtResource("10_ik5li")]
transform = Transform3D(-0.999694, 0, 0.0247345, 0, 1, 0, -0.0247345, 0, -0.999694, -37.5, -18.5, -38.5)

[node name="247_placeholder46" parent="actors/opponents" instance=ExtResource("10_ik5li")]
transform = Transform3D(-0.999694, 0, 0.0247345, 0, 1, 0, -0.0247345, 0, -0.999694, -41.5, -18.5, -35.5)

[node name="247_placeholder47" parent="actors/opponents" instance=ExtResource("10_ik5li")]
transform = Transform3D(-0.999694, 0, 0.0247345, 0, 1, 0, -0.0247345, 0, -0.999694, -37.5, -18.5, -34.5)

[node name="269_placeholder16" parent="actors/opponents" instance=ExtResource("18_6tqib")]
transform = Transform3D(0.256827, 0, 0.966457, 0, 1, 0, -0.966457, 0, 0.256827, -57.2148, -18.5, -35.9883)

[node name="4202_placeholder26" parent="actors/opponents" instance=ExtResource("11_htt0p")]
transform = Transform3D(-0.998776, 0, -0.0494537, 0, 1, 0, 0.0494537, 0, -0.998776, -27.5, -18.5, -51.5)

[node name="4202_placeholder27" parent="actors/opponents" instance=ExtResource("11_htt0p")]
transform = Transform3D(-0.998776, 0, -0.0494537, 0, 1, 0, 0.0494537, 0, -0.998776, -27.5, -18.5, -48.5)

[node name="4202_placeholder28" parent="actors/opponents" instance=ExtResource("11_htt0p")]
transform = Transform3D(-0.999694, 0, -0.0247344, 0, 1, 0, 0.0247344, 0, -0.999694, -28.5, -18.5, -44.5)

[node name="269_placeholder17" parent="actors/opponents" instance=ExtResource("18_6tqib")]
transform = Transform3D(-0.999694, 0, -0.0247344, 0, 1, 0, 0.0247344, 0, -0.999694, -37.5, -18.5, -55.5)

[node name="247_placeholder48" parent="actors/opponents" instance=ExtResource("10_ik5li")]
transform = Transform3D(-0.998776, 0, -0.0494537, 0, 1, 0, 0.0494537, 0, -0.998776, -37.5, -18.5, -58.5)

[node name="247_placeholder49" parent="actors/opponents" instance=ExtResource("10_ik5li")]
transform = Transform3D(-0.999694, 0, -0.0247344, 0, 1, 0, 0.0247344, 0, -0.999694, -40.5, -18.5, -58.5)

[node name="247_placeholder50" parent="actors/opponents" instance=ExtResource("10_ik5li")]
transform = Transform3D(-0.999694, 0, -0.0247344, 0, 1, 0, 0.0247344, 0, -0.999694, -43.5, -18.5, -58.5)

[node name="247_placeholder51" parent="actors/opponents" instance=ExtResource("10_ik5li")]
transform = Transform3D(-0.999694, 0, -0.0247344, 0, 1, 0, 0.0247344, 0, -0.999694, -55.5, -18.5, -60.5)

[node name="247_placeholder52" parent="actors/opponents" instance=ExtResource("10_ik5li")]
transform = Transform3D(-0.999694, 0, -0.0247344, 0, 1, 0, 0.0247344, 0, -0.999694, -59.5, -18.5, -60.5)

[node name="269_placeholder18" parent="actors/opponents" instance=ExtResource("18_6tqib")]
transform = Transform3D(-0.999694, 0, -0.0247344, 0, 1, 0, 0.0247344, 0, -0.999694, -57.5, -18.5, -56.5)

[node name="269_placeholder19" parent="actors/opponents" instance=ExtResource("18_6tqib")]
transform = Transform3D(-0.999694, 0, -0.0247344, 0, 1, 0, 0.0247344, 0, -0.999694, -60.5, -18.5, -55.5)

[node name="4030_placeholder2" parent="actors/opponents" instance=ExtResource("19_afltw")]
transform = Transform3D(0.507124, 0, 0.861873, 0, 1, 0, -0.861873, 0, 0.507124, 38.4688, -18.0703, 44.5781)

[node name="4244_placeholder33" parent="actors/opponents" instance=ExtResource("9_ok3i7")]
transform = Transform3D(-0.997248, 0, -0.0741429, 0, 1, 0, 0.0741429, 0, -0.997248, 42.5, -18.5, 44.5)

[node name="4244_placeholder34" parent="actors/opponents" instance=ExtResource("9_ok3i7")]
transform = Transform3D(-0.998776, 0, -0.0494537, 0, 1, 0, 0.0494537, 0, -0.998776, 36.5, -18.5, 48.5)

[node name="4212_placeholder41" parent="actors/opponents" instance=ExtResource("8_teow4")]
transform = Transform3D(-0.997248, 0, -0.0741429, 0, 1, 0, 0.0741429, 0, -0.997248, 41.5, -18.5, 40.5)

[node name="4212_placeholder42" parent="actors/opponents" instance=ExtResource("8_teow4")]
transform = Transform3D(-0.999694, 0, -0.0247344, 0, 1, 0, 0.0247344, 0, -0.999694, 32.5, -18.5, 43.5)

[node name="1015_placeholder2" parent="actors/opponents" instance=ExtResource("20_g8jou")]
transform = Transform3D(-1, 0, -8.74228e-08, 0, 1, 0, 8.74228e-08, 0, -1, -57.5, -18.5, 56.5)

[node name="273_placeholder14" parent="actors/opponents" instance=ExtResource("15_rr47i")]
transform = Transform3D(-0.998776, 0, -0.0494537, 0, 1, 0, 0.0494537, 0, -0.998776, 38.5, -18.5, 18.5)

[node name="901_placeholder3" parent="actors/opponents" instance=ExtResource("21_ofuf4")]
transform = Transform3D(-0.998776, 0, -0.0494537, 0, 1, 0, 0.0494537, 0, -0.998776, 16.5, -18.5, 18.5)

[node name="901_placeholder4" parent="actors/opponents" instance=ExtResource("21_ofuf4")]
transform = Transform3D(-0.998776, 0, -0.0494537, 0, 1, 0, 0.0494537, 0, -0.998776, 21.5, -18.5, 20.5)

[node name="4244_placeholder35" parent="actors/opponents" instance=ExtResource("9_ok3i7")]
transform = Transform3D(-0.997248, 0, -0.0741429, 0, 1, 0, 0.0741429, 0, -0.997248, 21.5, -18.5, 17.5)

[node name="4244_placeholder36" parent="actors/opponents" instance=ExtResource("9_ok3i7")]
transform = Transform3D(-0.999694, 0, -0.0247344, 0, 1, 0, 0.0247344, 0, -0.999694, 17.5, -18.5, 22.5)

[node name="247_placeholder53" parent="actors/opponents" instance=ExtResource("10_ik5li")]
transform = Transform3D(-1, 0, -8.74228e-08, 0, 1, 0, 8.74228e-08, 0, -1, 9.5, -24.75, 21.5)

[node name="269_placeholder20" parent="actors/opponents" instance=ExtResource("18_6tqib")]
transform = Transform3D(-1, 0, -8.74228e-08, 0, 1, 0, 8.74228e-08, 0, -1, 8.5, -24.75, 17.5)

[node name="252_placeholder13" parent="actors/opponents" instance=ExtResource("16_0yyg6")]
transform = Transform3D(-1, 0, -8.74228e-08, 0, 1, 0, 8.74228e-08, 0, -1, 55.5, -18.5, 20.5)

[node name="252_placeholder14" parent="actors/opponents" instance=ExtResource("16_0yyg6")]
transform = Transform3D(-1, 0, -8.74228e-08, 0, 1, 0, 8.74228e-08, 0, -1, 57.5, -18.5, 15.5)

[node name="273_placeholder15" parent="actors/opponents" instance=ExtResource("15_rr47i")]
transform = Transform3D(-1, 0, -8.74228e-08, 0, 1, 0, 8.74228e-08, 0, -1, 34.5, -18.5, -46.5)

[node name="273_placeholder16" parent="actors/opponents" instance=ExtResource("15_rr47i")]
transform = Transform3D(-0.999694, 0, -0.0247344, 0, 1, 0, 0.0247344, 0, -0.999694, 29.5, -18.5, -45.5)

[node name="247_placeholder54" parent="actors/opponents" instance=ExtResource("10_ik5li")]
transform = Transform3D(-1, 0, -8.74228e-08, 0, 1, 0, 8.74228e-08, 0, -1, 9.5, -24.5, -56.5)

[node name="247_placeholder55" parent="actors/opponents" instance=ExtResource("10_ik5li")]
transform = Transform3D(-1, 0, -8.74228e-08, 0, 1, 0, 8.74228e-08, 0, -1, 12.5, -24.5, -50.5)

[node name="247_placeholder56" parent="actors/opponents" instance=ExtResource("10_ik5li")]
transform = Transform3D(-1, 0, -8.74228e-08, 0, 1, 0, 8.74228e-08, 0, -1, 17.5, -24.5, -57.5)

[node name="272_placeholder2" parent="actors/opponents" instance=ExtResource("22_uxs7n")]
transform = Transform3D(-1, 0, -8.74228e-08, 0, 1, 0, 8.74228e-08, 0, -1, 25.5, -25.25, 53.5)

[node name="objects" type="Node3D" parent="actors"]

[node name="placeholders" type="Node3D" parent="actors"]
transform = Transform3D(1, 0, 0, 0, 1, 0, 0, 0, 1, 0, -19, 0)
visible = false

[node name="3212_placeholder" parent="actors/placeholders" instance=ExtResource("3_iy65p")]
transform = Transform3D(-1, 0, -8.74228e-08, 0, 1, 0, 8.74228e-08, 0, -1, -12.5, 0.390625, 41.5)
mesh = SubResource("BoxMesh_i3mve")
type = 1
scriptname = "stalagmite"

[node name="3212_placeholder2" parent="actors/placeholders" instance=ExtResource("3_iy65p")]
transform = Transform3D(-1, 0, -8.74228e-08, 0, 1, 0, 8.74228e-08, 0, -1, -14.5, 0.390625, 41.5)
mesh = SubResource("BoxMesh_i3mve")
type = 1
scriptname = "stalagmite"

[node name="3212_placeholder3" parent="actors/placeholders" instance=ExtResource("3_iy65p")]
transform = Transform3D(0.998776, -0.0494537, -8.74228e-08, -0.0494537, -0.998776, 0, -8.73158e-08, 4.32338e-09, -1, 34.5, 6.09375, 48.1094)
mesh = SubResource("BoxMesh_i3mve")
type = 1
scriptname = "stalagmite"

[node name="3212_placeholder4" parent="actors/placeholders" instance=ExtResource("3_iy65p")]
transform = Transform3D(0.998776, -0.0494537, -8.74228e-08, -0.0494537, -0.998776, 0, -8.73158e-08, 4.32338e-09, -1, 35.5, 6.09375, 48.8906)
mesh = SubResource("BoxMesh_i3mve")
type = 1
scriptname = "stalagmite"

[node name="3212_placeholder5" parent="actors/placeholders" instance=ExtResource("3_iy65p")]
transform = Transform3D(-1, 0, -8.74228e-08, 0, 1, 0, 8.74228e-08, 0, -1, 40.5, 0.390625, 38.5)
mesh = SubResource("BoxMesh_i3mve")
type = 1
scriptname = "stalagmite"

[node name="3212_placeholder6" parent="actors/placeholders" instance=ExtResource("3_iy65p")]
transform = Transform3D(-1, 0, -8.74228e-08, 0, 1, 0, 8.74228e-08, 0, -1, 43.5, 0.390625, 38.5)
mesh = SubResource("BoxMesh_i3mve")
type = 1
scriptname = "stalagmite"

[node name="3213_placeholder" parent="actors/placeholders" instance=ExtResource("3_iy65p")]
transform = Transform3D(0.998776, -0.0494537, -8.74228e-08, -0.0494537, -0.998776, 0, -8.73158e-08, 4.32338e-09, -1, -2.5, 3.17969, -18.5)
mesh = SubResource("BoxMesh_i3mve")
type = 1
scriptname = "stalagmite"

[node name="3212_placeholder7" parent="actors/placeholders" instance=ExtResource("3_iy65p")]
transform = Transform3D(-1, 0, -8.74228e-08, 0, 1, 0, 8.74228e-08, 0, -1, 25.5, 0.390625, -10.5)
mesh = SubResource("BoxMesh_i3mve")
type = 1
scriptname = "stalagmite"

[node name="3212_placeholder8" parent="actors/placeholders" instance=ExtResource("3_iy65p")]
transform = Transform3D(-1, 0, -8.74228e-08, 0, 1, 0, 8.74228e-08, 0, -1, 26.5, 0.390625, -9.5)
mesh = SubResource("BoxMesh_i3mve")
type = 1
scriptname = "stalagmite"

[node name="3212_placeholder9" parent="actors/placeholders" instance=ExtResource("3_iy65p")]
transform = Transform3D(-1, 0, -8.74228e-08, 0, 1, 0, 8.74228e-08, 0, -1, 28.5, 0.390625, -10.5)
mesh = SubResource("BoxMesh_i3mve")
type = 1
scriptname = "stalagmite"

[node name="3213_placeholder2" parent="actors/placeholders" instance=ExtResource("3_iy65p")]
transform = Transform3D(0.998776, -0.0494537, -8.74228e-08, -0.0494537, -0.998776, 0, -8.73158e-08, 4.32338e-09, -1, 33.2812, 4.35156, -37.8906)
mesh = SubResource("BoxMesh_i3mve")
type = 1
scriptname = "stalagmite"

[node name="3213_placeholder3" parent="actors/placeholders" instance=ExtResource("3_iy65p")]
transform = Transform3D(0.998776, -0.0494537, -8.74228e-08, -0.0494537, -0.998776, 0, -8.73158e-08, 4.32338e-09, -1, 34.8906, 4.15625, -37.5)
mesh = SubResource("BoxMesh_i3mve")
type = 1
scriptname = "stalagmite"

[node name="3213_placeholder4" parent="actors/placeholders" instance=ExtResource("3_iy65p")]
transform = Transform3D(0.998776, -0.0494537, -8.74228e-08, -0.0494537, -0.998776, 0, -8.73158e-08, 4.32338e-09, -1, 37.5, 4.15625, -37.5)
mesh = SubResource("BoxMesh_i3mve")
type = 1
scriptname = "stalagmite"

[node name="3212_placeholder10" parent="actors/placeholders" instance=ExtResource("3_iy65p")]
transform = Transform3D(0.998776, -0.0494537, -8.74228e-08, -0.0494537, -0.998776, 0, -8.73158e-08, 4.32338e-09, -1, 34.5, 5.99219, -56.5)
mesh = SubResource("BoxMesh_i3mve")
type = 1
scriptname = "stalagmite"

[node name="3213_placeholder5" parent="actors/placeholders" instance=ExtResource("3_iy65p")]
transform = Transform3D(0.992057, 0.0245456, 0.12337, 0.0247345, -0.999694, 0, 0.123332, 0.00305149, -0.992361, 13.6719, 3.10156, -54.3281)
mesh = SubResource("BoxMesh_i3mve")
type = 1
scriptname = "stalagmite"

[node name="3213_placeholder6" parent="actors/placeholders" instance=ExtResource("3_iy65p")]
transform = Transform3D(0.992057, 0.0245456, 0.12337, 0.0247345, -0.999694, 0, 0.123332, 0.00305149, -0.992361, 14.5, 3.25781, -55.1094)
mesh = SubResource("BoxMesh_i3mve")
type = 1
scriptname = "stalagmite"

[node name="3212_placeholder11" parent="actors/placeholders" instance=ExtResource("3_iy65p")]
transform = Transform3D(-1, 0, -8.74228e-08, 0, 1, 0, 8.74228e-08, 0, -1, -5.5, -5.60938, -40.5)
mesh = SubResource("BoxMesh_i3mve")
type = 1
scriptname = "stalagmite"

[node name="3212_placeholder12" parent="actors/placeholders" instance=ExtResource("3_iy65p")]
transform = Transform3D(-1, 0, -8.74228e-08, 0, 1, 0, 8.74228e-08, 0, -1, -4.5, -5.60938, -38.5)
mesh = SubResource("BoxMesh_i3mve")
type = 1
scriptname = "stalagmite"

[node name="3_placeholder" parent="actors/placeholders" instance=ExtResource("3_iy65p")]
transform = Transform3D(-1, 0, -8.74228e-08, 0, 1, 0, 8.74228e-08, 0, -1, -0.5, -4.82812, -37.5)
mesh = SubResource("BoxMesh_i3mve")
type = 1
scriptname = "lanternte"

[node name="3212_placeholder13" parent="actors/placeholders" instance=ExtResource("3_iy65p")]
transform = Transform3D(0.991147, -0.0490759, 0.12337, -0.0494537, -0.998776, 0, 0.123219, -0.00610109, -0.992361, -1.10938, 3.88281, -50.5)
mesh = SubResource("BoxMesh_i3mve")
type = 1
scriptname = "stalagmite"

[node name="3212_placeholder14" parent="actors/placeholders" instance=ExtResource("3_iy65p")]
transform = Transform3D(-1, 0, -8.74228e-08, 0, 1, 0, 8.74228e-08, 0, -1, -1.5, -5.60938, -50.5)
mesh = SubResource("BoxMesh_i3mve")
type = 1
scriptname = "stalagmite"

[node name="3212_placeholder15" parent="actors/placeholders" instance=ExtResource("3_iy65p")]
transform = Transform3D(0.930805, -0.0460882, 0.362598, -0.0494537, -0.998776, 0, 0.362155, -0.0179318, -0.931946, -13.1094, 6.13281, -44.5)
mesh = SubResource("BoxMesh_i3mve")
type = 1
scriptname = "stalagmite"

[node name="3212_placeholder16" parent="actors/placeholders" instance=ExtResource("3_iy65p")]
transform = Transform3D(0.930805, -0.0460882, 0.362598, -0.0494537, -0.998776, 0, 0.362155, -0.0179318, -0.931946, -15.1484, 6.13281, -47.5)
mesh = SubResource("BoxMesh_i3mve")
type = 1
scriptname = "stalagmite"

[node name="3212_placeholder17" parent="actors/placeholders" instance=ExtResource("3_iy65p")]
transform = Transform3D(0.160098, 0, 0.987101, 0, 1, 0, -0.987101, 0, 0.160098, -15.1094, 0.390625, -47.5)
mesh = SubResource("BoxMesh_i3mve")
type = 1
scriptname = "stalagmite"

[node name="3212_placeholder18" parent="actors/placeholders" instance=ExtResource("3_iy65p")]
transform = Transform3D(0.0370969, 0, 0.999312, 0, 1, 0, -0.999312, 0, 0.0370969, -13.5, 0.390625, -44.5)
mesh = SubResource("BoxMesh_i3mve")
type = 1
scriptname = "stalagmite"

[node name="3212_placeholder19" parent="actors/placeholders" instance=ExtResource("3_iy65p")]
transform = Transform3D(-1, 0, -8.74228e-08, 0, 1, 0, 8.74228e-08, 0, -1, -15.5, 0.390625, -45.5)
mesh = SubResource("BoxMesh_i3mve")
type = 1
scriptname = "stalagmite"

[node name="3212_placeholder20" parent="actors/placeholders" instance=ExtResource("3_iy65p")]
transform = Transform3D(-0.208718, 0, 0.977976, 0, 1, 0, -0.977976, 0, -0.208718, -21.5, -5.60938, -43.5)
mesh = SubResource("BoxMesh_i3mve")
type = 1
scriptname = "stalagmite"

[node name="3212_placeholder21" parent="actors/placeholders" instance=ExtResource("3_iy65p")]
transform = Transform3D(0.507124, 0, -0.861873, 0, 1, 0, 0.861873, 0, 0.507124, -18.5, -5.60938, -41.5)
mesh = SubResource("BoxMesh_i3mve")
type = 1
scriptname = "stalagmite"

[node name="3212_placeholder22" parent="actors/placeholders" instance=ExtResource("3_iy65p")]
transform = Transform3D(0.999924, -0.0123683, -8.74228e-08, -0.0123683, -0.999924, 0, -8.74161e-08, 1.08127e-09, -1, -20.5, 6.07031, -41.5)
mesh = SubResource("BoxMesh_i3mve")
type = 1
scriptname = "stalagmite"

[node name="3212_placeholder23" parent="actors/placeholders" instance=ExtResource("3_iy65p")]
transform = Transform3D(-1, 0, -8.74228e-08, 0, 1, 0, 8.74228e-08, 0, -1, -20.5, -5.60938, -41.5)
mesh = SubResource("BoxMesh_i3mve")
type = 1
scriptname = "stalagmite"

[node name="250_placeholder" parent="actors/placeholders" instance=ExtResource("3_rbb0y")]
transform = Transform3D(-1, 0, -8.74228e-08, 0, 1, 0, 8.74228e-08, 0, -1, -54.5, 0.5, 25.5)
type = 2
scriptname = "monsters\\Highwaymage.s"

[node name="4212_placeholder" parent="actors/placeholders" instance=ExtResource("3_rbb0y")]
transform = Transform3D(-1, 0, -8.74228e-08, 0, 1, 0, 8.74228e-08, 0, -1, -57.5, 0.5, 26.5)
type = 2
scriptname = "monsters\\Skyrim_Soldier.s"

[node name="4212_placeholder2" parent="actors/placeholders" instance=ExtResource("3_rbb0y")]
transform = Transform3D(-1, 0, -8.74228e-08, 0, 1, 0, 8.74228e-08, 0, -1, -57.5, 0.5, 30.5)
type = 2
scriptname = "monsters\\Skyrim_Soldier.s"

[node name="4244_placeholder" parent="actors/placeholders" instance=ExtResource("3_rbb0y")]
transform = Transform3D(-1, 0, -8.74228e-08, 0, 1, 0, 8.74228e-08, 0, -1, -55.5, 0.5, 28.5)
type = 2
scriptname = "monsters\\Skyrim_Archer.s"

[node name="247_placeholder" parent="actors/placeholders" instance=ExtResource("3_rbb0y")]
transform = Transform3D(-0.999694, 0, -0.0247344, 0, 1, 0, 0.0247344, 0, -0.999694, -13.5, 0.5, 38.5)
type = 2
scriptname = "monsters\\Ill_Floater.s"

[node name="4244_placeholder2" parent="actors/placeholders" instance=ExtResource("3_rbb0y")]
transform = Transform3D(-0.999694, 0, -0.0247344, 0, 1, 0, 0.0247344, 0, -0.999694, -3.5, -5.5, 40.5)
type = 2
scriptname = "monsters\\Skyrim_Archer.s"

[node name="4244_placeholder3" parent="actors/placeholders" instance=ExtResource("3_rbb0y")]
transform = Transform3D(-1, 0, -8.74228e-08, 0, 1, 0, 8.74228e-08, 0, -1, -1.5, -5.5, 44.5)
type = 2
scriptname = "monsters\\Skyrim_Archer.s"

[node name="4244_placeholder4" parent="actors/placeholders" instance=ExtResource("3_rbb0y")]
transform = Transform3D(-0.999694, 0, 0.0247345, 0, 1, 0, -0.0247345, 0, -0.999694, 3.5, -5.5, 43.5)
type = 2
scriptname = "monsters\\Skyrim_Archer.s"

[node name="301_placeholder" parent="actors/placeholders" instance=ExtResource("3_iy65p")]
transform = Transform3D(-1, 0, -8.74228e-08, 0, 1, 0, 8.74228e-08, 0, -1, 7.5, 0, 31.5)
mesh = SubResource("BoxMesh_i3mve")
type = 8
scriptname = "lothna\\treasure_lootA.s"

[node name="4244_placeholder5" parent="actors/placeholders" instance=ExtResource("3_rbb0y")]
transform = Transform3D(-0.995109, 0, -0.0987865, 0, 1, 0, 0.0987865, 0, -0.995109, 24.5, 0.5, 38.5)
type = 2
scriptname = "monsters\\Skyrim_Archer.s"

[node name="4202_placeholder" parent="actors/placeholders" instance=ExtResource("3_rbb0y")]
transform = Transform3D(-0.997248, 0, -0.0741429, 0, 1, 0, 0.0741429, 0, -0.997248, 23.5, 0.5, 42.5)
type = 2
scriptname = "monsters\\sgoblin.s"

[node name="4202_placeholder2" parent="actors/placeholders" instance=ExtResource("3_rbb0y")]
