{
  "asset": {
    "version": "2.0",
    "generator": "THREE.GLTFExporter"
  },
  "scenes": [
    {
      "nodes": [
        233
      ]
    }
  ],
  "scene": 0,
  "nodes": [
    {
      "mesh": 0
    },
    {
      "mesh": 1
    },
    {
      "mesh": 2
    },
    {
      "mesh": 3
    },
    {
      "mesh": 4
    },
    {
      "mesh": 5
    },
    {
      "mesh": 6
    },
    {
      "mesh": 7
    },
    {
      "mesh": 8
    },
    {
      "mesh": 9
    },
    {
      "mesh": 10
    },
    {
      "mesh": 11
    },
    {
      "matrix": [
        0.9987764162142613,
        0,
        -0.049453719922738996,
        0,
        0,
        1,
        0,
        0,
        0.049453719922738996,
        0,
        0.9987764162142613,
        0,
        -87.5,
        0.5,
        14.5,
        1
      ],
      "mesh": 12
    },
    {
      "matrix": [
        0.9987764162142613,
        0,
        -0.049453719922738996,
        0,
        0,
        1,
        0,
        0,
        0.049453719922738996,
        0,
        0.9987764162142613,
        0,
        -92.5,
        0.5,
        19.5,
        1
      ],
      "mesh": 12
    },
    {
      "matrix": [
        1.1915205261473019,
        0,
        0.8041673244851828,
        0,
        0,
        1.4375,
        0,
        0,
        -0.8041673244851828,
        0,
        1.1915205261473019,
        0,
        -62.28125,
        0.5,
        83.5,
        1
      ],
      "mesh": 12
    },
    {
      "matrix": [
        1,
        0,
        0,
        0,
        0,
        1,
        0,
        0,
        0,
        0,
        1,
        0,
        -61.5,
        0.25,
        3.890625,
        1
      ],
      "mesh": 13
    },
    {
      "matrix": [
        1,
        0,
        0,
        0,
        0,
        1,
        0,
        0,
        0,
        0,
        1,
        0,
        -61.5,
        0.25,
        3.890625,
        1
      ],
      "mesh": 13
    },
    {
      "matrix": [
        0.6064266916772071,
        0.4314920388558108,
        0.09252722856269473,
        0,
        -0.4348136729382056,
        0.6110949761092683,
        0,
        0,
        -0.07539056603730232,
        -0.05364280546418418,
        0.7442705905613273,
        0,
        -120.109375,
        0,
        40.890625,
        1
      ],
      "mesh": 14
    },
    {
      "matrix": [
        0.75,
        0,
        0,
        0,
        0,
        0.75,
        0,
        0,
        0,
        0,
        0.75,
        0,
        -114.5,
        0.15625,
        24.5,
        1
      ],
      "mesh": 14
    },
    {
      "matrix": [
        1,
        0,
        0,
        0,
        0,
        1,
        0,
        0,
        0,
        0,
        1,
        0,
        -108.5,
        0,
        34.328125,
        1
      ],
      "mesh": 14
    },
    {
      "matrix": [
        1.3125,
        0,
        0,
        0,
        0,
        -1.3120984501446717,
        -0.03246393580499362,
        0,
        0,
        0.03246393580499362,
        -1.3120984501446717,
        0,
        -88.5,
        8.0546875,
        8.5,
        1
      ],
      "mesh": 14
    },
    {
      "matrix": [
        1,
        0,
        0,
        0,
        0,
        1,
        0,
        0,
        0,
        0,
        1,
        0,
        -89.5,
        0,
        23.5,
        1
      ],
      "mesh": 14
    },
    {
      "matrix": [
        0.6875,
        0,
        0,
        0,
        0,
        0.6875,
        0,
        0,
        0,
        0,
        0.6875,
        0,
        -81.3203125,
        0,
        16.5,
        1
      ],
      "mesh": 15
    },
    {
      "matrix": [
        1.3125,
        0,
        0,
        0,
        0,
        1.3125,
        0,
        0,
        0,
        0,
        1.3125,
        0,
        -81.5,
        0.234375,
        11.5,
        1
      ],
      "mesh": 14
    },
    {
      "matrix": [
        1,
        0,
        0,
        0,
        0,
        1,
        0,
        0,
        0,
        0,
        1,
        0,
        -84.5,
        0,
        33.5,
        1
      ],
      "mesh": 14
    },
    {
      "matrix": [
        0.8125,
        0,
        0,
        0,
        0,
        0.8125,
        0,
        0,
        0,
        0,
        0.8125,
        0,
        -24.5,
        0,
        30.28125,
        1
      ],
      "mesh": 14
    },
    {
      "matrix": [
        0.625,
        0,
        0,
        0,
        0,
        -0.6242352601339134,
        0.030908574951712023,
        0,
        0,
        -0.030908574951712023,
        -0.6242352601339134,
        0,
        -9.5,
        7.8125,
        44.5,
        1
      ],
      "mesh": 14
    },
    {
      "matrix": [
        1,
        0,
        0,
        0,
        0,
        -0.9890057044881309,
        -0.14787736976946897,
        0,
        0,
        0.14787736976946897,
        -0.9890057044881309,
        0,
        -10.5,
        5.0078125,
        30.5,
        1
      ],
      "mesh": 14
    },
    {
      "matrix": [
        -0.27288308711323495,
        -0.3267093430743485,
        -0.5398630158803975,
        0,
        0,
        -0.5881803622808548,
        0.355949591132175,
        0,
        -0.6310238274166441,
        0.1412838156870424,
        0.23346105169248077,
        0,
        -4.5703125,
        6.328125,
        15.4375,
        1
      ],
      "mesh": 14
    },
    {
      "matrix": [
        1,
        0,
        0,
        0,
        0,
        1,
        0,
        0,
        0,
        0,
        1,
        0,
        -5.5,
        0,
        5.5,
        1
      ],
      "mesh": 14
    },
    {
      "matrix": [
        1.375,
        0,
        0,
        0,
        0,
        -1.3733175722946094,
        0.06799886489376646,
        0,
        0,
        -0.06799886489376646,
        -1.3733175722946094,
        0,
        -55.5,
        5.28125,
        21.5,
        1
      ],
      "mesh": 14
    },
    {
      "matrix": [
        1.3125,
        0,
        0,
        0,
        0,
        -1.2980699871406718,
        0.19408904782242803,
        0,
        0,
        -0.19408904782242803,
        -1.2980699871406718,
        0,
        -72.5,
        8.09375,
        8.5,
        1
      ],
      "mesh": 14
    },
    {
      "matrix": [
        0.625,
        0,
        0,
        0,
        0,
        0.625,
        0,
        0,
        0,
        0,
        0.625,
        0,
        -41.5,
        0,
        9.5,
        1
      ],
      "mesh": 15
    },
    {
      "matrix": [
        0.23284398260064132,
        0,
        0.9725141026055469,
        0,
        0,
        1,
        0,
        0,
        -0.9725141026055469,
        0,
        0.23284398260064132,
        0,
        -57.5,
        0.5,
        113.5,
        1
      ],
      "mesh": 16
    },
    {
      "matrix": [
        0.30430798422073635,
        0,
        -0.9525736983244456,
        0,
        0,
        1,
        0,
        0,
        0.9525736983244456,
        0,
        0.30430798422073635,
        0,
        -54.28125,
        0.5,
        113.71875,
        1
      ],
      "mesh": 16
    },
    {
      "matrix": [
        0.4638805202420895,
        0,
        0.8858977722852273,
        0,
        0,
        1,
        0,
        0,
        -0.8858977722852273,
        0,
        0.4638805202420895,
        0,
        -55.015625,
        0.5,
        112.234375,
        1
      ],
      "mesh": 16
    },
    {
      "matrix": [
        1,
        0,
        0,
        0,
        0,
        1,
        0,
        0,
        0,
        0,
        1,
        0,
        -52.71875,
        0.1953125,
        110.5,
        1
      ],
      "mesh": 17
    },
    {
      "matrix": [
        0.9128734540932493,
        0,
        0.4082426445287904,
        0,
        0,
        1,
        0,
        0,
        -0.4082426445287904,
        0,
        0.9128734540932493,
        0,
        -46.5,
        0.5,
        101.5,
        1
      ],
      "mesh": 16
    },
    {
      "matrix": [
        -0.9226918150848067,
        0,
        -0.38553834358660755,
        0,
        0,
        1,
        0,
        0,
        0.38553834358660755,
        0,
        -0.9226918150848067,
        0,
        -37.5,
        0.5,
        121.5,
        1
      ],
      "mesh": 12
    },
    {
      "matrix": [
        -0.9987764162142614,
        0,
        0.04945371992273924,
        0,
        0,
        1,
        0,
        0,
        -0.04945371992273924,
        0,
        -0.9987764162142614,
        0,
        -38.5,
        0.5,
        124.5,
        1
      ],
      "mesh": 12
    },
    {
      "matrix": [
        -0.2806535185300929,
        0,
        -0.9598091490169692,
        0,
        0,
        1,
        0,
        0,
        0.9598091490169692,
        0,
        -0.2806535185300929,
        0,
        -42.5,
        0.5,
        121.5,
        1
      ],
      "mesh": 12
    },
    {
      "matrix": [
        1,
        0,
        0,
        0,
        0,
        1,
        0,
        0,
        0,
        0,
        1,
        0,
        -41.5,
        0.2734375,
        125.5,
        1
      ],
      "mesh": 17
    },
    {
      "matrix": [
        0.7695663189185699,
        0,
        0.6385668960932145,
        0,
        0,
        1,
        0,
        0,
        -0.6385668960932145,
        0,
        0.7695663189185699,
        0,
        -33.28125,
        0.5,
        113.890625,
        1
      ],
      "mesh": 18
    },
    {
      "matrix": [
        0.280653518530093,
        0,
        -0.9598091490169693,
        0,
        0,
        1,
        0,
        0,
        0.9598091490169693,
        0,
        0.280653518530093,
        0,
        -31.5,
        0.5,
        106.5,
        1
      ],
      "mesh": 12
    },
    {
      "matrix": [
        0.507123863869773,
        0,
        -0.8618731848095704,
        0,
        0,
        1,
        0,
        0,
        0.8618731848095704,
        0,
        0.507123863869773,
        0,
        -34.5,
        0.5,
        104.5,
        1
      ],
      "mesh": 12
    },
    {
      "matrix": [
        0.9987764162142613,
        0,
        -0.049453719922738996,
        0,
        0,
        1,
        0,
        0,
        0.049453719922738996,
        0,
        0.9987764162142613,
        0,
        -34.5,
        0.5,
        107.28125,
        1
      ],
      "mesh": 12
    },
    {
      "matrix": [
        -0.11108652504880467,
        0,
        0.9938107384973165,
        0,
        0,
        1,
        0,
        0,
        -0.9938107384973165,
        0,
        -0.11108652504880467,
        0,
        -26.5,
        0.5,
        108.5,
        1
      ],
      "mesh": 12
    },
    {
      "matrix": [
        -0.03709691109260538,
        0,
        0.9993116726964553,
        0,
        0,
        1,
        0,
        0,
        -0.9993116726964553,
        0,
        -0.03709691109260538,
        0,
        -14.5,
        0.5,
        99.5,
        1
      ],
      "mesh": 18
    },
    {
      "matrix": [
        1,
        0,
        0,
        0,
        0,
        1,
        0,
        0,
        0,
        0,
        1,
        0,
        -14.671875,
        0.5,
        102.28125,
        1
      ],
      "mesh": 18
    },
    {
      "matrix": [
        1,
        0,
        0,
        0,
        0,
        1,
        0,
        0,
        0,
        0,
        1,
        0,
        -9.5,
        0.2734375,
        100.5,
        1
      ],
      "mesh": 17
    },
    {
      "matrix": [
        0.06180296346008418,
        0,
        0.9980883696885519,
        0,
        0,
        1,
        0,
        0,
        -0.9980883696885519,
        0,
        0.06180296346008418,
        0,
        -7.5,
        0.5,
        88.5,
        1
      ],
      "mesh": 18
    },
    {
      "matrix": [
        1,
        0,
        0,
        0,
        0,
        1,
        0,
        0,
        0,
        0,
        1,
        0,
        -9.5,
        0.1953125,
        75.5,
        1
      ],
      "mesh": 17
    },
    {
      "matrix": [
        0.7201030867496004,
        0,
        0.693867094228929,
        0,
        0,
        1,
        0,
        0,
        -0.693867094228929,
        0,
        0.7201030867496004,
        0,
        -12.5,
        0.5,
        77.5,
        1
      ],
      "mesh": 12
    },
    {
      "matrix": [
        -0.7535362892301953,
        0,
        -0.6574063133353583,
        0,
        0,
        1,
        0,
        0,
        0.6574063133353583,
        0,
        -0.7535362892301953,
        0,
        -31.0625,
        0.5,
        89.28125,
        1
      ],
      "mesh": 12
    },
    {
      "matrix": [
        -0.37409685460479314,
        0,
        -0.9273896394584104,
        0,
        0,
        1,
        0,
        0,
        0.9273896394584104,
        0,
        -0.37409685460479314,
        0,
        -38.5,
        0.5,
        76.5,
        1
      ],
      "mesh": 12
    },
    {
      "matrix": [
        1,
        0,
        0,
        0,
        0,
        1,
        0,
        0,
        0,
        0,
        1,
        0,
        -28.5,
        0,
        66.5,
        1
      ],
      "mesh": 19
    },
    {
      "matrix": [
        -0.3277762482701767,
        0,
        -0.94475538160411,
        0,
        0,
        1,
        0,
        0,
        0.94475538160411,
        0,
        -0.3277762482701767,
        0,
        -51.5,
        0.5,
        28.5,
        1
      ],
      "mesh": 18
    },
    {
      "matrix": [
        1,
        0,
        0,
        0,
        0,
        1,
        0,
        0,
        0,
        0,
        1,
        0,
        -42.5,
        0.3515625,
        16.5,
        1
      ],
      "mesh": 17
    },
    {
      "matrix": [
        0.7695663189185699,
        0,
        0.6385668960932145,
        0,
        0,
        1,
        0,
        0,
        -0.6385668960932145,
        0,
        0.7695663189185699,
        0,
        -45.0625,
        0.5,
        16.5,
        1
      ],
      "mesh": 12
    },
    {
      "matrix": [
        -0.03709691109260538,
        0,
        0.9993116726964553,
        0,
        0,
        1,
        0,
        0,
        -0.9993116726964553,
        0,
        -0.03709691109260538,
        0,
        -38.5,
        0.5,
        7.5,
        1
      ],
      "mesh": 12
    },
    {
      "matrix": [
        0.30430798422073635,
        0,
        -0.9525736983244456,
        0,
        0,
        1,
        0,
        0,
        0.9525736983244456,
        0,
        0.30430798422073635,
        0,
        -35.71875,
        0.5,
        28.5,
        1
      ],
      "mesh": 12
    },
    {
      "matrix": [
        -0.2806535185300929,
        0,
        -0.9598091490169692,
        0,
        0,
        1,
        0,
        0,
        0.9598091490169692,
        0,
        -0.2806535185300929,
        0,
        -36.5,
        0.5,
        30.5,
        1
      ],
      "mesh": 12
    },
    {
      "matrix": [
        1,
        0,
        0,
        0,
        0,
        1,
        0,
        0,
        0,
        0,
        1,
        0,
        -33.5,
        0,
        43.5,
        1
      ],
      "mesh": 19
    },
    {
      "matrix": [
        0.6666758863762794,
        0,
        -0.7453477460383188,
        0,
        0,
        1,
        0,
        0,
        0.7453477460383188,
        0,
        0.6666758863762794,
        0,
        -30.71875,
        0.5,
        44.71875,
        1
      ],
      "mesh": 16
    },
    {
      "matrix": [
        -0.8424672050733573,
        0,
        -0.5387476295779737,
        0,
        0,
        1,
        0,
        0,
        0.5387476295779737,
        0,
        -0.8424672050733573,
        0,
        -30.890625,
        0.5,
        40.5,
        1
      ],
      "mesh": 16
    },
    {
      "matrix": [
        -0.4856507733875839,
        0,
        0.8741529192927526,
        0,
        0,
        1,
        0,
        0,
        -0.8741529192927526,
        0,
        -0.4856507733875839,
        0,
        -12.5,
        0.5,
        45.328125,
        1
      ],
      "mesh": 16
    },
    {
      "matrix": [
        -0.5897847131705194,
        0,
        0.8075605191627239,
        0,
        0,
        1,
        0,
        0,
        -0.8075605191627239,
        0,
        -0.5897847131705194,
        0,
        -10.5,
        0.5,
        43.890625,
        1
      ],
      "mesh": 16
    },
    {
      "matrix": [
        1,
        0,
        0,
        0,
        0,
        1,
        0,
        0,
        0,
        0,
        1,
        0,
        -5.5,
        0.234375,
        33.5,
        1
      ],
      "mesh": 17
    },
    {
      "matrix": [
        0.48565077338758356,
        0,
        0.8741529192927527,
        0,
        0,
        1,
        0,
        0,
        -0.8741529192927527,
        0,
        0.48565077338758356,
        0,
        -8.234375,
        0.5,
        35.5,
        1
      ],
      "mesh": 12
    },
    {
      "matrix": [
        0.7535362892301954,
        0,
        0.6574063133353583,
        0,
        0,
        1,
        0,
        0,
        -0.6574063133353583,
        0,
        0.7535362892301954,
        0,
        -7.5,
        0.5,
        33.5,
        1
      ],
      "mesh": 12
    },
    {
      "matrix": [
        0.3510439507880776,
        0,
        -0.9363589827705493,
        0,
        0,
        1,
        0,
        0,
        0.9363589827705493,
        0,
        0.3510439507880776,
        0,
        -30.84375,
        0.5,
        24.5,
        1
      ],
      "mesh": 18
    },
    {
      "matrix": [
        0.9226918150848067,
        0,
        0.3855383435866074,
        0,
        0,
        1,
        0,
        0,
        -0.3855383435866074,
        0,
        0.9226918150848067,
        0,
        -23.5,
        0.5,
        8.5,
        1
      ],
      "mesh": 16
    },
    {
      "matrix": [
        0.06180296346008418,
        0,
        0.9980883696885519,
        0,
        0,
        1,
        0,
        0,
        -0.9980883696885519,
        0,
        0.06180296346008418,
        0,
        -17.5,
        0.5,
        17.5,
        1
      ],
      "mesh": 16
    },
    {
      "matrix": [
        -0.9226918150848067,
        0,
        -0.38553834358660755,
        0,
        0,
        1,
        0,
        0,
        0.38553834358660755,
        0,
        -0.9226918150848067,
        0,
        -121.5,
        0.25,
        113.5,
        1
      ],
      "mesh": 12
    },
    {
      "matrix": [
        -0.912873454093249,
        0,
        0.4082426445287906,
        0,
        0,
        1,
        0,
        0,
        -0.4082426445287906,
        0,
        -0.912873454093249,
        0,
        -117.5,
        0.25,
        114.5,
        1
      ],
      "mesh": 12
    },
    {
      "matrix": [
        -0.963206902074657,
        0,
        -0.268760978930614,
        0,
        0,
        1,
        0,
        0,
        0.268760978930614,
        0,
        -0.963206902074657,
        0,
        -120.5,
        0.25,
        104.5,
        1
      ],
      "mesh": 12
    },
    {
      "matrix": [
        -0.7851254621398549,
        0,
        0.6193367490305086,
        0,
        0,
        1,
        0,
        0,
        -0.6193367490305086,
        0,
        -0.7851254621398549,
        0,
        -117.5,
        0.25,
        104.5,
        1
      ],
      "mesh": 12
    },
    {
      "matrix": [
        -0.03709691109260538,
        0,
        0.9993116726964553,
        0,
        0,
        1,
        0,
        0,
        -0.9993116726964553,
        0,
        -0.03709691109260538,
        0,
        -4.5,
        0.5,
        112.5,
        1
      ],
      "mesh": 18
    },
    {
      "matrix": [
        -0.9996940572530832,
        0,
        -0.024734427279995138,
        0,
        0,
        1,
        0,
        0,
        0.024734427279995138,
        0,
        -0.9996940572530832,
        0,
        -10.5,
        0.5,
        119.5,
        1
      ],
      "mesh": 18
    },
    {
      "matrix": [
        -0.912873454093249,
        0,
        0.4082426445287906,
        0,
        0,
        1,
        0,
        0,
        -0.4082426445287906,
        0,
        -0.912873454093249,
        0,
        -10.5,
        0.5,
        115.5,
        1
      ],
      "mesh": 12
    },
    {
      "matrix": [
        0.20871816632333529,
        0,
        0.9779758315248002,
        0,
        0,
        1,
        0,
        0,
        -0.9779758315248002,
        0,
        0.20871816632333529,
        0,
        -7.5,
        0.5,
        111.5,
        1
      ],
      "mesh": 12
    },
    {
      "matrix": [
        0.9987764162142613,
        0,
        -0.049453719922738996,
        0,
        0,
        1,
        0,
        0,
        0.049453719922738996,
        0,
        0.9987764162142613,
        0,
        -116.5,
        0.5,
        6.5,
        1
      ],
      "mesh": 18
    },
    {
      "matrix": [
        0.5282866526160837,
        0,
        -0.8490660826270787,
        0,
        0,
        1,
        0,
        0,
        0.8490660826270787,
        0,
        0.5282866526160837,
        0,
        -115.765625,
        0.5,
        12.109375,
        1
      ],
      "mesh": 18
    },
    {
      "matrix": [
        0.5491261904230724,
        0,
        -0.8357394492253215,
        0,
        0,
        1,
        0,
        0,
        0.8357394492253215,
        0,
        0.5491261904230724,
        0,
        -124.5,
        0.5,
        17.81640625,
        1
      ],
      "mesh": 18
    },
    {
      "matrix": [
        0.5282866526160837,
        0,
        -0.8490660826270787,
        0,
        0,
        1,
        0,
        0,
        0.8490660826270787,
        0,
        0.5282866526160837,
        0,
        -123.765625,
        0.5,
        11.515625,
        1
      ],
      "mesh": 18
    },
    {
      "matrix": [
        0.7370451816173639,
        0,
        0.6758434731908174,
        0,
        0,
        1,
        0,
        0,
        -0.6758434731908174,
        0,
        0.7370451816173639,
        0,
        -61.5,
        0.5,
        89.5,
        1
      ],
      "mesh": 12
    },
    {
      "matrix": [
        0.30430798422073635,
        0,
        -0.9525736983244456,
        0,
        0,
        1,
        0,
        0,
        0.9525736983244456,
        0,
        0.30430798422073635,
        0,
        -57.09375,
        0.5,
        90.28125,
        1
      ],
      "mesh": 12
    },
    {
      "matrix": [
        -0.7201030867496003,
        0,
        -0.693867094228929,
        0,
        0,
        1,
        0,
        0,
        0.693867094228929,
        0,
        -0.7201030867496003,
        0,
        -59.046875,
        0.5,
        78.5,
        1
      ],
      "mesh": 12
    },
    {
      "matrix": [
        0.6249521946175106,
        0.007727734821638247,
        -0.0001911995911130105,
        0,
        -0.00773009978960182,
        0.6247609950263976,
        -0.01545783461124007,
        0,
        -1.6940658945086007e-20,
        0.015459017049996845,
        0.624808785783177,
        0,
        -121.1484375,
        0.1171875,
        67.3046875,
        1
      ],
      "mesh": 15
    },
    {
      "matrix": [
        0.6875,
        0,
        0,
        0,
        0,
        0.6875,
        0,
        0,
        0,
        0,
        0.6875,
        0,
        -40.109375,
        0,
        78.5,
        1
      ],
      "mesh": 15
    },
    {
      "matrix": [
        1,
        0,
        0,
        0,
        0,
        1,
        0,
        0,
        0,
        0,
        1,
        0,
        -13.5,
        0,
        60.5,
        1
      ],
      "mesh": 15
    },
    {
      "matrix": [
        1,
        0,
        0,
        0,
        0,
        1,
        0,
        0,
        0,
        0,
        1,
        0,
        -8.5,
        0,
        101.5,
        1
      ],
      "mesh": 15
    },
    {
      "matrix": [
        0.75,
        0,
        0,
        0,
        0,
        0.75,
        0,
        0,
        0,
        0,
        0.75,
        0,
        -60.5,
        0,
        12.5,
        1
      ],
      "mesh": 15
    },
    {
      "matrix": [
        0.4375,
        0,
        0,
        0,
        0,
        0.4375,
        0,
        0,
        0,
        0,
        0.4375,
        0,
        -53.109375,
        0.078125,
        108.5,
        1
      ],
      "mesh": 15
    },
    {
      "matrix": [
        0.310995523438528,
        0.3719923716144931,
        0.122079727480941,
        0,
        -0.3808047792661939,
        0.32362162277442474,
        -0.01602389967745834,
        0,
        -0.0909368159175442,
        -0.08301036521707847,
        0.48460269786424626,
        0,
        -64.359375,
        -0.703125,
        17.109375,
        1
      ],
      "mesh": 15
    },
    {
      "matrix": [
        0.625,
        0,
        0,
        0,
        0,
        0.6245697954352846,
        -0.02318556943287832,
        0,
        0,
        0.02318556943287832,
        0.6245697954352846,
        0,
        -64.71875,
        0.859375,
        3.671875,
        1
      ],
      "mesh": 15
    },
    {
      "matrix": [
        -0.6242352601339134,
        0.030908574951712023,
        0,
        0,
        -0.030908574951712023,
        -0.6242352601339134,
        0,
        0,
        0,
        0,
        0.625,
        0,
        -54.28125,
        6.09375,
        2.6328125,
        1
      ],
      "mesh": 15
    },
    {
      "matrix": [
        -0.6095788197507077,
        0,
        0.7927254647804207,
        0,
        0,
        1,
        0,
        0,
        -0.7927254647804207,
        0,
        -0.6095788197507077,
        0,
        -57.9375,
        0.5,
        8.328125,
        1
      ],
      "mesh": 12
    },
    {
      "matrix": [
        -0.9804824871166251,
        0,
        -0.19660644052928863,
        0,
        0,
        1,
        0,
        0,
        0.19660644052928863,
        0,
        -0.9804824871166251,
        0,
        -66.5,
        0.5,
        9.5,
        1
      ],
      "mesh": 12
    },
    {
      "matrix": [
        -0.18446463842775596,
        0,
        0.9828391512194238,
        0,
        0,
        1,
        0,
        0,
        -0.9828391512194238,
        0,
        -0.18446463842775596,
        0,
        -56.5,
        0.5,
        5.5,
        1
      ],
      "mesh": 12
    },
    {
      "matrix": [
        0.41950198324822907,
        0,
        0.9077544194609038,
        0,
        0,
        1,
        0,
        0,
        -0.9077544194609038,
        0,
        0.41950198324822907,
        0,
        -20.5,
        0.5,
        55.5,
        1
      ],
      "mesh": 18
    },
    {
      "matrix": [
        -0.3043079842207361,
        0,
        0.9525736983244458,
        0,
        0,
        1,
        0,
        0,
        -0.9525736983244458,
        0,
        -0.3043079842207361,
        0,
        -19.5,
        0.5,
        59.5,
        1
      ],
      "mesh": 18
    },
    {
      "matrix": [
        0.08647119949074578,
        0,
        0.996254350885672,
        0,
        0,
        1,
        0,
        0,
        -0.996254350885672,
        0,
        0.08647119949074578,
        0,
        -17.5,
        0.5,
        57.5,
        1
      ],
      "mesh": 18
    },
    {
      "matrix": [
        -0.16009823929579747,
        0,
        0.9871010858946442,
        0,
        0,
        1,
        0,
        0,
        -0.9871010858946442,
        0,
        -0.16009823929579747,
        0,
        -11.28125,
        0.5,
        63.5,
        1
      ],
      "mesh": 18
    },
    {
      "matrix": [
        -0.6095788197507077,
        0,
        0.7927254647804207,
        0,
        0,
        1,
        0,
        0,
        -0.7927254647804207,
        0,
        -0.6095788197507077,
        0,
        -12.890625,
        -0.15625,
        61.4140625,
        1
      ],
      "mesh": 20
    },
    {
      "matrix": [
        0.06180296346008418,
        0,
        -0.9980883696885519,
        0,
        0,
        1,
        0,
        0,
        0.9980883696885519,
        0,
        0.06180296346008418,
        0,
        -13.7890625,
        -0.1171875,
        61.171875,
        1
      ],
      "mesh": 20
    },
    {
      "matrix": [
        1.3125,
        0,
        0,
        0,
        0,
        1.3125,
        0,
        0,
        0,
        0,
        1.3125,
        0,
        -90.5,
        0.1953125,
        16.5,
        1
      ],
      "mesh": 21
    },
    {
      "matrix": [
        1,
        0,
        0,
        0,
        0,
        1,
        0,
        0,
        0,
        0,
        1,
        0,
        -110.5,
        -0.25,
        113.5,
        1
      ],
      "mesh": 22
    },
    {
      "matrix": [
        1,
        0,
        0,
        0,
        0,
        1,
        0,
        0,
        0,
        0,
        1,
        0,
        -113.5,
        -0.25,
        115.5,
        1
      ],
      "mesh": 22
    },
    {
      "matrix": [
        1,
        0,
        0,
        0,
        0,
        1,
        0,
        0,
        0,
        0,
        1,
        0,
        -119.5,
        -0.25,
        112.5,
        1
      ],
      "mesh": 22
    },
    {
      "matrix": [
        1,
        0,
        0,
        0,
        0,
        1,
        0,
        0,
        0,
        0,
        1,
        0,
        -123.9375,
        -0.25,
        118.5,
        1
      ],
      "mesh": 22
    },
    {
      "matrix": [
        1,
        0,
        0,
        0,
        0,
        1,
        0,
        0,
        0,
        0,
        1,
        0,
        -111.5,
        -0.25,
        125.5,
        1
      ],
      "mesh": 22
    },
    {
      "matrix": [
        1,
        0,
        0,
        0,
        0,
        1,
        0,
        0,
        0,
        0,
        1,
        0,
        -114.5,
        -0.25,
        113.5,
        1
      ],
      "mesh": 23
    },
    {
      "matrix": [
        1,
        0,
        0,
        0,
        0,
        1,
        0,
        0,
        0,
        0,
        1,
        0,
        -123.9375,
        -0.25,
        114.5,
        1
      ],
      "mesh": 23
    },
    {
      "matrix": [
        1,
        0,
        0,
        0,
        0,
        1,
        0,
        0,
        0,
        0,
        1,
        0,
        -122.5,
        -0.25,
        124.5,
        1
      ],
      "mesh": 23
    },
    {
      "matrix": [
        1,
        0,
        0,
        0,
        0,
        1,
        0,
        0,
        0,
        0,
        1,
        0,
        -116.5,
        -0.25,
        125.5,
        1
      ],
      "mesh": 24
    },
    {
      "matrix": [
        1,
        0,
        0,
        0,
        0,
        1,
        0,
        0,
        0,
        0,
        1,
        0,
        -121.5,
        -0.25,
        120.5,
        1
      ],
      "mesh": 24
    },
    {
      "matrix": [
        0.9987764162142613,
        0,
        -0.049453719922738996,
        0,
        0,
        1,
        0,
        0,
        0.049453719922738996,
        0,
        0.9987764162142613,
        0,
        -5.5,
        0.5,
        11.5,
        1
      ],
      "mesh": 12
    },
    {
      "matrix": [
        -0.6849076713469913,
        0,
        0.7286298660705872,
        0,
        0,
        1,
        0,
        0,
        -0.7286298660705872,
        0,
        -0.6849076713469913,
        0,
        -63.890625,
        0.5,
        121.109375,
        1
      ],
      "mesh": 12
    },
    {
      "matrix": [
        -0.18446463842775596,
        0,
        -0.9828391512194238,
        0,
        0,
        1,
        0,
        0,
        0.9828391512194238,
        0,
        -0.18446463842775596,
        0,
        -73.546875,
        0.5,
        120.5,
        1
      ],
      "mesh": 12
    },
    {
      "matrix": [
        -0.9487371075487709,
        0,
        0.3160662917174045,
        0,
        0,
        1,
        0,
        0,
        -0.3160662917174045,
        0,
        -0.9487371075487709,
        0,
        -76.5,
        0.5,
        119.9375,
        1
      ],
      "mesh": 12
    },
    {
      "matrix": [
        -0.9226918150848067,
        0,
        -0.38553834358660755,
        0,
        0,
        1,
        0,
        0,
        0.38553834358660755,
        0,
        -0.9226918150848067,
        0,
        -75.5,
        0.5,
        87.5,
        1
      ],
      "mesh": 16
    },
    {
      "matrix": [
        0.6981830514297426,
        -0.17632039655852622,
        0.693867094228929,
        0,
        0.2448543823835012,
        0.9695598647982466,
        1.3877787807814457e-17,
        0,
        -0.6727456860685527,
        0.16989639881365903,
        0.7201030867496003,
        0,
        -76.5,
        0.1796875,
        87.671875,
        1
      ],
      "mesh": 17
    },
    {
      "matrix": [
        1,
        0,
        0,
        0,
        0,
        1,
        0,
        0,
        0,
        0,
        1,
        0,
        -79.328125,
        0.234375,
        103.28125,
        1
      ],
      "mesh": 17
    },
    {
      "matrix": [
        0.9951086591716066,
        0,
        -0.09878641830579414,
        0,
        0,
        1,
        0,
        0,
        0.09878641830579414,
        0,
        0.9951086591716066,
        0,
        -80.5,
        0.5,
        103.71875,
        1
      ],
      "mesh": 12
    },
    {
      "matrix": [
        0.5696297258798572,
        0,
        -0.8219014389779585,
        0,
        0,
        1,
        0,
        0,
        0.8219014389779585,
        0,
        0.5696297258798572,
        0,
        -61.890625,
        0.5,
        98.71875,
        1
      ],
      "mesh": 16
    },
    {
      "matrix": [
        -0.9996940572530832,
        0,
        0.024734427279995138,
        0,
        0,
        1,
        0,
        0,
        -0.024734427279995138,
        0,
        -0.9996940572530832,
        0,
        -63.890625,
        0.5,
        97.28125,
        1
      ],
      "mesh": 16
    },
    {
      "matrix": [
        -0.9753195679051627,
        0,
        0.22079796299170643,
        0,
        0,
        1,
        0,
        0,
        -0.22079796299170643,
        0,
        -0.9753195679051627,
        0,
        -98.71875,
        0.5,
        105.328125,
        1
      ],
      "mesh": 12
    },
    {
      "matrix": [
        -0.737045181617364,
        0,
        -0.6758434731908175,
        0,
        0,
        1,
        0,
        0,
        0.6758434731908175,
        0,
        -0.737045181617364,
        0,
        -96.890625,
        0.5,
        105.5,
        1
      ],
      "mesh": 12
    },
    {
      "matrix": [
        1,
        0,
        0,
        0,
        0,
        1,
        0,
        0,
        0,
        0,
        1,
        0,
        -84.5,
        0.390625,
        90.5,
        1
      ],
      "mesh": 17
    },
    {
      "matrix": [
        0.25682732502266814,
        0,
        0.9664573064143603,
        0,
        0,
        1,
        0,
        0,
        -0.9664573064143603,
        0,
        0.25682732502266814,
        0,
        -96.5,
        0.5,
        96.5,
        1
      ],
      "mesh": 12
    },
    {
      "matrix": [
        0.8424672050733574,
        0,
        0.5387476295779736,
        0,
        0,
        1,
        0,
        0,
        -0.5387476295779736,
        0,
        0.8424672050733574,
        0,
        -94.5,
        0.5,
        99.5,
        1
      ],
      "mesh": 12
    },
    {
      "matrix": [
        0.48565077338758356,
        0,
        0.8741529192927527,
        0,
        0,
        1,
        0,
        0,
        -0.8741529192927527,
        0,
        0.48565077338758356,
        0,
        -91.5,
        0.5,
        97.5,
        1
      ],
      "mesh": 12
    },
    {
      "matrix": [
        -0.9996940572530832,
        0,
        0.02473442727999489,
        0,
        0,
        1,
        0,
        0,
        -0.02473442727999489,
        0,
        -0.9996940572530832,
        0,
        -62.5,
        0.5,
        29.5,
        1
      ],
      "mesh": 18
    },
    {
      "matrix": [
        0.41950198324822907,
        0,
        0.9077544194609038,
        0,
        0,
        1,
        0,
        0,
        -0.9077544194609038,
        0,
        0.41950198324822907,
        0,
        -59.28125,
        0.5,
        38.28125,
        1
      ],
      "mesh": 12
    },
    {
      "matrix": [
        -0.18446463842775596,
        0,
        0.9828391512194238,
        0,
        0,
        1,
        0,
        0,
        -0.9828391512194238,
        0,
        -0.18446463842775596,
        0,
        -58.890625,
        0.5,
        40.890625,
        1
      ],
      "mesh": 12
    },
    {
      "matrix": [
        1,
        0,
        0,
        0,
        0,
        1,
        0,
        0,
        0,
        0,
        1,
        0,
        -56.28125,
        0.1953125,
        39.5,
        1
      ],
      "mesh": 17
    },
    {
      "matrix": [
        1,
        0,
        0,
        0,
        0,
        1,
        0,
        0,
        0,
        0,
        1,
        0,
        -55.5,
        0.390625,
        65.2578125,
        1
      ],
      "mesh": 19
    },
    {
      "matrix": [
        0.9951086591716066,
        0,
        -0.09878641830579414,
        0,
        0,
        1,
        0,
        0,
        0.09878641830579414,
        0,
        0.9951086591716066,
        0,
        -73.5,
        0.5,
        25.5,
        1
      ],
      "mesh": 12
    },
    {
      "matrix": [
        0.8424672050733574,
        0,
        -0.5387476295779736,
        0,
        0,
        1,
        0,
        0,
        0.5387476295779736,
        0,
        0.8424672050733574,
        0,
        -69.5,
        0.5,
        46.5,
        1
      ],
      "mesh": 12
    },
    {
      "matrix": [
        0.06180296346008418,
        0,
        0.9980883696885519,
        0,
        0,
        1,
        0,
        0,
        -0.9980883696885519,
        0,
        0.06180296346008418,
        0,
        -69.453125,
        0.5,
        61.5,
        1
      ],
      "mesh": 18
    },
    {
      "matrix": [
        -0.03709691109260538,
        0,
        0.9993116726964553,
        0,
        0,
        1,
        0,
        0,
        -0.9993116726964553,
        0,
        -0.03709691109260538,
        0,
        -80.890625,
        0.5,
        68.5,
        1
      ],
      "mesh": 18
    },
    {
      "matrix": [
        0.5491261904230724,
        0,
        0.8357394492253215,
        0,
        0,
        1,
        0,
        0,
        -0.8357394492253215,
        0,
        0.5491261904230724,
        0,
        -80.671875,
        0.5,
        65.5,
        1
      ],
      "mesh": 18
    },
    {
      "matrix": [
        0.992360787415103,
        0,
        0.12336963808359298,
        0,
        0,
        1,
        0,
        0,
        -0.12336963808359298,
        0,
        0.992360787415103,
        0,
        -87.5,
        0.5,
        62.5,
        1
      ],
      "mesh": 12
    },
