{
  "asset": {
    "version": "2.0",
    "generator": "THREE.GLTFExporter"
  },
  "scenes": [
    {
      "nodes": [
        297
      ]
    }
  ],
  "scene": 0,
  "nodes": [
    {
      "mesh": 0
    },
    {
      "mesh": 1
    },
    {
      "mesh": 2
    },
    {
      "mesh": 3
    },
    {
      "mesh": 4
    },
    {
      "mesh": 5
    },
    {
      "mesh": 6
    },
    {
      "mesh": 7
    },
    {
      "mesh": 8
    },
    {
      "mesh": 9
    },
    {
      "mesh": 10
    },
    {
      "mesh": 11
    },
    {
      "mesh": 12
    },
    {
      "mesh": 13
    },
    {
      "mesh": 14
    },
    {
      "mesh": 15
    },
    {
      "mesh": 16
    },
    {
      "mesh": 17
    },
    {
      "mesh": 18
    },
    {
      "matrix": [
        0.08647119949074578,
        0,
        -0.996254350885672,
        0,
        0,
        1,
        0,
        0,
        0.996254350885672,
        0,
        0.08647119949074578,
        0,
        -19.890625,
        -4,
        14.71875,
        1
      ],
      "mesh": 19
    },
    {
      "matrix": [
        -0.03709691109260538,
        0,
        0.9993116726964553,
        0,
        0,
        1,
        0,
        0,
        -0.9993116726964553,
        0,
        -0.03709691109260538,
        0,
        -3.421875,
        -4,
        24.5,
        1
      ],
      "mesh": 19
    },
    {
      "matrix": [
        -0.03709691109260538,
        0,
        0.9993116726964553,
        0,
        0,
        1,
        0,
        0,
        -0.9993116726964553,
        0,
        -0.03709691109260538,
        0,
        -3.421875,
        -4,
        27.5,
        1
      ],
      "mesh": 19
    },
    {
      "matrix": [
        1,
        0,
        0,
        0,
        0,
        1,
        0,
        0,
        0,
        0,
        1,
        0,
        -60.5,
        -5.0546875,
        101.5,
        1
      ],
      "mesh": 20
    },
    {
      "matrix": [
        1,
        0,
        0,
        0,
        0,
        1,
        0,
        0,
        0,
        0,
        1,
        0,
        -52.5,
        -5.0546875,
        104.5,
        1
      ],
      "mesh": 20
    },
    {
      "matrix": [
        0.9996940572530831,
        0,
        0.024734427279994954,
        0,
        0,
        1,
        0,
        0,
        -0.024734427279994954,
        0,
        0.9996940572530831,
        0,
        -52.5,
        -5.0546875,
        96.5,
        1
      ],
      "mesh": 20
    },
    {
      "matrix": [
        0.9996940572530831,
        0,
        0.024734427279994954,
        0,
        0,
        1,
        0,
        0,
        -0.024734427279994954,
        0,
        0.9996940572530831,
        0,
        -52.5,
        -5.0546875,
        88.5,
        1
      ],
      "mesh": 20
    },
    {
      "matrix": [
        -0.03709691109260538,
        0,
        -0.9993116726964553,
        0,
        0,
        1,
        0,
        0,
        0.9993116726964553,
        0,
        -0.03709691109260538,
        0,
        -124.9296875,
        -4,
        101.5,
        1
      ],
      "mesh": 19
    },
    {
      "matrix": [
        1,
        0,
        0,
        0,
        0,
        1,
        0,
        0,
        0,
        0,
        1,
        0,
        -123.5,
        -4,
        106.5,
        1
      ],
      "mesh": 19
    },
    {
      "matrix": [
        1,
        0,
        0,
        0,
        0,
        1,
        0,
        0,
        0,
        0,
        1,
        0,
        -77.5,
        -4,
        27.5,
        1
      ],
      "mesh": 19
    },
    {
      "matrix": [
        -0.9987764162142614,
        0,
        0.04945371992273924,
        0,
        0,
        1,
        0,
        0,
        -0.04945371992273924,
        0,
        -0.9987764162142614,
        0,
        -99.6171875,
        -4,
        107.9921875,
        1
      ],
      "mesh": 19
    },
    {
      "matrix": [
        1,
        0,
        0,
        0,
        0,
        1,
        0,
        0,
        0,
        0,
        1,
        0,
        -100.671875,
        -4,
        80.109375,
        1
      ],
      "mesh": 19
    },
    {
      "matrix": [
        1,
        0,
        0,
        0,
        0,
        1,
        0,
        0,
        0,
        0,
        1,
        0,
        -83.5625,
        -3.84375,
        80.109375,
        1
      ],
      "mesh": 21
    },
    {
      "matrix": [
        -0.9996940572530832,
        0,
        -0.024734427279995138,
        0,
        0,
        1,
        0,
        0,
        0.024734427279995138,
        0,
        -0.9996940572530832,
        0,
        -93.5,
        -3.765625,
        48.8125,
        1
      ],
      "mesh": 19
    },
    {
      "matrix": [
        1,
        0,
        0,
        0,
        0,
        1,
        0,
        0,
        0,
        0,
        1,
        0,
        -4.5,
        -4,
        2.71875,
        1
      ],
      "mesh": 19
    },
    {
      "matrix": [
        0.08647119949074578,
        0,
        0.996254350885672,
        0,
        0,
        1,
        0,
        0,
        -0.996254350885672,
        0,
        0.08647119949074578,
        0,
        -42.28125,
        -3.765625,
        104.5,
        1
      ],
      "mesh": 19
    },
    {
      "matrix": [
        1,
        0,
        0,
        0,
        0,
        1,
        0,
        0,
        0,
        0,
        1,
        0,
        -65.5,
        -4,
        4.7109375,
        1
      ],
      "mesh": 22
    },
    {
      "matrix": [
        1,
        0,
        0,
        0,
        0,
        1,
        0,
        0,
        0,
        0,
        1,
        0,
        -65.5,
        -4,
        4.7109375,
        1
      ],
      "mesh": 22
    },
    {
      "matrix": [
        0.9319455943394346,
        0,
        0.362598137324667,
        0,
        0,
        1,
        0,
        0,
        -0.362598137324667,
        0,
        0.9319455943394346,
        0,
        -95.046875,
        -3.5,
        30.375,
        1
      ],
      "mesh": 23
    },
    {
      "matrix": [
        0.08647119949074578,
        0,
        0.996254350885672,
        0,
        0,
        1,
        0,
        0,
        -0.996254350885672,
        0,
        0.08647119949074578,
        0,
        -101.5,
        -3.5,
        69.5,
        1
      ],
      "mesh": 24
    },
    {
      "matrix": [
        0.08647119949074578,
        0,
        0.996254350885672,
        0,
        0,
        1,
        0,
        0,
        -0.996254350885672,
        0,
        0.08647119949074578,
        0,
        -102.5,
        -3.5,
        72.5,
        1
      ],
      "mesh": 24
    },
    {
      "matrix": [
        1,
        0,
        0,
        0,
        0,
        1,
        0,
        0,
        0,
        0,
        1,
        0,
        -5.5,
        -3.5,
        5.5,
        1
      ],
      "mesh": 24
    },
    {
      "matrix": [
        0.9996940572530831,
        0,
        -0.024734427279994954,
        0,
        0,
        1,
        0,
        0,
        0.024734427279994954,
        0,
        0.9996940572530831,
        0,
        -102.5,
        -3.5,
        30.5,
        1
      ],
      "mesh": 24
    },
    {
      "matrix": [
        0.9996940572530831,
        0,
        -0.024734427279994954,
        0,
        0,
        1,
        0,
        0,
        0.024734427279994954,
        0,
        0.9996940572530831,
        0,
        -99.84375,
        -3.5,
        82.5,
        1
      ],
      "mesh": 24
    },
    {
      "matrix": [
        0.9996940572530831,
        0,
        -0.024734427279994954,
        0,
        0,
        1,
        0,
        0,
        0.024734427279994954,
        0,
        0.9996940572530831,
        0,
        -99.5,
        -3.5,
        83.5,
        1
      ],
      "mesh": 24
    },
    {
      "matrix": [
        -0.9996940572530832,
        0,
        -0.024734427279995138,
        0,
        0,
        1,
        0,
        0,
        0.024734427279995138,
        0,
        -0.9996940572530832,
        0,
        -83.5,
        -3.5,
        105.84375,
        1
      ],
      "mesh": 24
    },
    {
      "matrix": [
        -0.9996940572530832,
        0,
        -0.024734427279995138,
        0,
        0,
        1,
        0,
        0,
        0.024734427279995138,
        0,
        -0.9996940572530832,
        0,
        -81.5,
        -3.5,
        105.84375,
        1
      ],
      "mesh": 24
    },
    {
      "matrix": [
        -0.03709691109260538,
        0,
        -0.9993116726964553,
        0,
        0,
        1,
        0,
        0,
        0.9993116726964553,
        0,
        -0.03709691109260538,
        0,
        -19.109375,
        -3.5,
        43.890625,
        1
      ],
      "mesh": 24
    },
    {
      "matrix": [
        -0.03709691109260538,
        0,
        -0.9993116726964553,
        0,
        0,
        1,
        0,
        0,
        0.9993116726964553,
        0,
        -0.03709691109260538,
        0,
        -19.109375,
        -3.5,
        46.890625,
        1
      ],
      "mesh": 24
    },
    {
      "matrix": [
        0.20871816632333529,
        0,
        0.9779758315248002,
        0,
        0,
        1,
        0,
        0,
        -0.9779758315248002,
        0,
        0.20871816632333529,
        0,
        -4.5,
        -3.5,
        45.5,
        1
      ],
      "mesh": 24
    },
    {
      "matrix": [
        -0.507123863869773,
        0,
        0.8618731848095703,
        0,
        0,
        1,
        0,
        0,
        -0.8618731848095703,
        0,
        -0.507123863869773,
        0,
        -8.5,
        -3.75,
        109.71875,
        1
      ],
      "mesh": 25
    },
    {
      "matrix": [
        0.6480361721016052,
        0,
        0.7616095585323878,
        0,
        0,
        1,
        0,
        0,
        -0.7616095585323878,
        0,
        0.6480361721016052,
        0,
        -8.671875,
        -3.75,
        101.890625,
        1
      ],
      "mesh": 25
    },
    {
      "matrix": [
        0.41950198324822907,
        0,
        -0.9077544194609038,
        0,
        0,
        1,
        0,
        0,
        0.9077544194609038,
        0,
        0.41950198324822907,
        0,
        -122.5,
        -3.5,
        88.546875,
        1
      ],
      "mesh": 26
    },
    {
      "matrix": [
        0.8002041984800171,
        0,
        -0.599727638795273,
        0,
        0,
        1,
        0,
        0,
        0.599727638795273,
        0,
        0.8002041984800171,
        0,
        -121.765625,
        -3.5,
        85.28125,
        1
      ],
      "mesh": 25
    },
    {
      "matrix": [
        0.9695598647982466,
        0,
        0.2448543823835012,
        0,
        0,
        1,
        0,
        0,
        -0.2448543823835012,
        0,
        0.9695598647982466,
        0,
        -10.71875,
        -3.75,
        85.234375,
        1
      ],
      "mesh": 25
    },
    {
      "matrix": [
        0.08647119949074578,
        0,
        0.996254350885672,
        0,
        0,
        1,
        0,
        0,
        -0.996254350885672,
        0,
        0.08647119949074578,
        0,
        -5.671875,
        -3.75,
        84.5,
        1
      ],
      "mesh": 25
    },
    {
      "matrix": [
        0.08647119949074578,
        0,
        0.996254350885672,
        0,
        0,
        1,
        0,
        0,
        -0.996254350885672,
        0,
        0.08647119949074578,
        0,
        -7.5,
        -3.75,
        90.5,
        1
      ],
      "mesh": 25
    },
    {
      "matrix": [
        0.9996940572530831,
        0,
        -0.024734427279994954,
        0,
        0,
        1,
        0,
        0,
        0.024734427279994954,
        0,
        0.9996940572530831,
        0,
        -122.421875,
        -3.5,
        66.890625,
        1
      ],
      "mesh": 25
    },
    {
      "matrix": [
        0.9996940572530831,
        0,
        -0.024734427279994954,
        0,
        0,
        1,
        0,
        0,
        0.024734427279994954,
        0,
        0.9996940572530831,
        0,
        -119.109375,
        -3.5,
        66.890625,
        1
      ],
      "mesh": 25
    },
    {
      "matrix": [
        0.9319455943394346,
        0,
        0.362598137324667,
        0,
        0,
        1,
        0,
        0,
        -0.362598137324667,
        0,
        0.9319455943394346,
        0,
        -115.71875,
        -3.5,
        73.5,
        1
      ],
      "mesh": 25
    },
    {
      "matrix": [
        0.9319455943394346,
        0,
        0.362598137324667,
        0,
        0,
        1,
        0,
        0,
        -0.362598137324667,
        0,
        0.9319455943394346,
        0,
        -113.71875,
        -3.5,
        73.109375,
        1
      ],
      "mesh": 25
    },
    {
      "matrix": [
        0.9226918150848067,
        0,
        0.3855383435866074,
        0,
        0,
        1,
        0,
        0,
        -0.3855383435866074,
        0,
        0.9226918150848067,
        0,
        -116.5,
        -3.5,
        76.5,
        1
      ],
      "mesh": 25
    },
    {
      "matrix": [
        0.20871816632333529,
        0,
        -0.9779758315248002,
        0,
        0,
        1,
        0,
        0,
        0.9779758315248002,
        0,
        0.20871816632333529,
        0,
        -29.5,
        -3.5,
        11.109375,
        1
      ],
      "mesh": 25
    },
    {
      "matrix": [
        -0.507123863869773,
        0,
        -0.8618731848095703,
        0,
        0,
        1,
        0,
        0,
        0.8618731848095703,
        0,
        -0.507123863869773,
        0,
        -28.71875,
        -3.5,
        15.28125,
        1
      ],
      "mesh": 25
    },
    {
      "matrix": [
        1,
        0,
        0,
        0,
        0,
        1,
        0,
        0,
        0,
        0,
        1,
        0,
        -3.71875,
        -3.5,
        4.65625,
        1
      ],
      "mesh": 25
    },
    {
      "matrix": [
        0.3510439507880776,
        0,
        -0.9363589827705493,
        0,
        0,
        1,
        0,
        0,
        0.9363589827705493,
        0,
        0.3510439507880776,
        0,
        -33.9296875,
        -3.5,
        88.34375,
        1
      ],
      "mesh": 25
    },
    {
      "matrix": [
        -0.9996940572530832,
        0,
        0.024734427279995138,
        0,
        0,
        1,
        0,
        0,
        -0.024734427279995138,
        0,
        -0.9996940572530832,
        0,
        -32.5,
        -3.5,
        89.5,
        1
      ],
      "mesh": 25
    },
    {
      "matrix": [
        0.7370451816173639,
        0,
        0.6758434731908174,
        0,
        0,
        1,
        0,
        0,
        -0.6758434731908174,
        0,
        0.7370451816173639,
        0,
        -31.0703125,
        -3.5,
        87.890625,
        1
      ],
      "mesh": 25
    },
    {
      "matrix": [
        -0.2806535185300929,
        0,
        0.9598091490169692,
        0,
        0,
        1,
        0,
        0,
        -0.9598091490169692,
        0,
        -0.2806535185300929,
        0,
        -87.5,
        -3.5,
        13.75,
        1
      ],
      "mesh": 25
    },
    {
      "matrix": [
        0.5491261904230724,
        0,
        0.8357394492253215,
        0,
        0,
        1,
        0,
        0,
        -0.8357394492253215,
        0,
        0.5491261904230724,
        0,
        -93.671875,
        -3.5,
        9.28125,
        1
      ],
      "mesh": 25
    },
    {
      "matrix": [
        -0.507123863869773,
        0,
        0.8618731848095703,
        0,
        0,
        1,
        0,
        0,
        -0.8618731848095703,
        0,
        -0.507123863869773,
        0,
        -91.9921875,
        -3.5,
        14.3203125,
        1
      ],
      "mesh": 25
    },
    {
      "matrix": [
        -0.912873454093249,
        0,
        0.4082426445287906,
        0,
        0,
        1,
        0,
        0,
        -0.4082426445287906,
        0,
        -0.912873454093249,
        0,
        -94.578125,
        -3.5,
        17.6875,
        1
      ],
      "mesh": 25
    },
    {
      "matrix": [
        -0.9226918150848067,
        0,
        0.38553834358660755,
        0,
        0,
        1,
        0,
        0,
        -0.38553834358660755,
        0,
        -0.9226918150848067,
        0,
        -84.5390625,
        -2.5,
        17.890625,
        1
      ],
      "mesh": 25
    },
    {
      "matrix": [
        -0.396920853982887,
        0,
        0.917852839878755,
        0,
        0,
        1,
        0,
        0,
        -0.917852839878755,
        0,
        -0.396920853982887,
        0,
        -84.1015625,
        -3.5,
        14.640625,
        1
      ],
      "mesh": 25
    },
    {
      "matrix": [
        -0.75,
        0,
        -9.184850993605148e-17,
        0,
        0,
        0.75,
        0,
        0,
        9.184850993605148e-17,
        0,
        -0.75,
        0,
        -100.5,
        -3.5,
        104.765625,
        1
      ],
      "mesh": 27
    },
    {
      "matrix": [
        -0.7353618653374688,
        0,
        0.14745483039696647,
        0,
        0,
        0.75,
        0,
        0,
        -0.14745483039696647,
        0,
        -0.7353618653374688,
        0,
        -98.328125,
        -3.5,
        105.0234375,
        1
      ],
      "mesh": 27
    },
    {
      "matrix": [
        0.9951086591716066,
        0,
        0.09878641830579414,
        0,
        0,
        1,
        0,
        0,
        -0.09878641830579414,
        0,
        0.9951086591716066,
        0,
        -83.1015625,
        -3.5,
        82.109375,
        1
      ],
      "mesh": 28
    },
    {
      "matrix": [
        0.9951086591716066,
        0,
        0.09878641830579414,
        0,
        0,
        1,
        0,
        0,
        -0.09878641830579414,
        0,
        0.9951086591716066,
        0,
        -84.5,
        -3.5,
        80.9375,
        1
      ],
      "mesh": 28
    },
    {
      "matrix": [
        -0.2806535185300929,
        0,
        -0.9598091490169692,
        0,
        0,
        1,
        0,
        0,
        0.9598091490169692,
        0,
        -0.2806535185300929,
        0,
        -18.453125,
        -3.5,
        16.453125,
        1
      ],
      "mesh": 25
    },
    {
      "matrix": [
        -0.03709691109260538,
        0,
        -0.9993116726964553,
        0,
        0,
        1,
        0,
        0,
        0.9993116726964553,
        0,
        -0.03709691109260538,
        0,
        -17.5,
        -3.5,
        24.421875,
        1
      ],
      "mesh": 25
    },
    {
      "matrix": [
        0.20871816632333529,
        0,
        -0.9779758315248002,
        0,
        0,
        1,
        0,
        0,
        0.9779758315248002,
        0,
        0.20871816632333529,
        0,
        -17.5,
        -3.5,
        26.890625,
        1
      ],
      "mesh": 25
    },
    {
      "matrix": [
        0.20871816632333529,
        0,
        -0.9779758315248002,
        0,
        0,
        1,
        0,
        0,
        0.9779758315248002,
        0,
        0.20871816632333529,
        0,
        -18.453125,
        -3.5,
        34.9375,
        1
      ],
      "mesh": 25
    },
    {
      "matrix": [
        -0.507123863869773,
        0,
        0.8618731848095703,
        0,
        0,
        1,
        0,
        0,
        -0.8618731848095703,
        0,
        -0.507123863869773,
        0,
        -5.328125,
        -3.5,
        14.5,
        1
      ],
      "mesh": 25
    },
    {
      "matrix": [
        -0.03709691109260538,
        0,
        0.9993116726964553,
        0,
        0,
        1,
        0,
        0,
        -0.9993116726964553,
        0,
        -0.03709691109260538,
        0,
        -6.28125,
        -3.5,
        16.890625,
        1
      ],
      "mesh": 25
    },
    {
      "matrix": [
        -0.16009823929579747,
        0,
        0.9871010858946442,
        0,
        0,
        1,
        0,
        0,
        -0.9871010858946442,
        0,
        -0.16009823929579747,
        0,
        -5.5,
        -3.5,
        35.0078125,
        1
      ],
      "mesh": 25
    },
    {
      "matrix": [
        0.08647119949074578,
        0,
        0.996254350885672,
        0,
        0,
        1,
        0,
        0,
        -0.996254350885672,
        0,
        0.08647119949074578,
        0,
        -5.5,
        -3.5,
        37.28125,
        1
      ],
      "mesh": 25
    },
    {
      "matrix": [
        0.08647119949074578,
        0,
        0.996254350885672,
        0,
        0,
        1,
        0,
        0,
        -0.996254350885672,
        0,
        0.08647119949074578,
        0,
        -5.5,
        -3.5,
        47.5,
        1
      ],
      "mesh": 25
    },
    {
      "matrix": [
        0.5491261904230724,
        0,
        -0.8357394492253215,
        0,
        0,
        1,
        0,
        0,
        0.8357394492253215,
        0,
        0.5491261904230724,
        0,
        -31.28125,
        -2.5,
        62.5,
        1
      ],
      "mesh": 25
    },
    {
      "matrix": [
        0.7370451816173639,
        0,
        -0.6758434731908174,
        0,
        0,
        1,
        0,
        0,
        0.6758434731908174,
        0,
        0.7370451816173639,
        0,
        -33.0703125,
        -1,
        61.9765625,
        1
      ],
      "mesh": 25
    },
    {
      "matrix": [
        -0.16009823929579747,
        0,
        -0.9871010858946442,
        0,
        0,
        1,
        0,
        0,
        0.9871010858946442,
        0,
        -0.16009823929579747,
        0,
        -7.28125,
        -1.75,
        62.5,
        1
      ],
      "mesh": 25
    },
    {
      "matrix": [
        0.08647119949074578,
        0,
        -0.996254350885672,
        0,
        0,
        1,
        0,
        0,
        0.996254350885672,
        0,
        0.08647119949074578,
        0,
        -8.3046875,
        -1,
        63.5,
        1
      ],
      "mesh": 25
    },
    {
      "matrix": [
        -0.507123863869773,
        0,
        -0.8618731848095703,
        0,
        0,
        1,
        0,
        0,
        0.8618731848095703,
        0,
        -0.507123863869773,
        0,
        -36.71875,
        0.5,
        67.5,
        1
      ],
      "mesh": 25
    },
    {
      "matrix": [
        -0.6095788197507077,
        0,
        -0.7927254647804207,
        0,
        0,
        1,
        0,
        0,
        0.7927254647804207,
        0,
        -0.6095788197507077,
        0,
        -36.71875,
        0.5,
        58.5,
        1
      ],
      "mesh": 25
    },
    {
      "matrix": [
        -0.9987764162142614,
        0,
        -0.04945371992273924,
        0,
        0,
        1,
        0,
        0,
        0.04945371992273924,
        0,
        -0.9987764162142614,
        0,
        -12.109375,
        0.5,
        58.5,
        1
      ],
      "mesh": 25
    },
    {
      "matrix": [
        0.7370451816173639,
        0,
        0.6758434731908174,
        0,
        0,
        1,
        0,
        0,
        -0.6758434731908174,
        0,
        0.7370451816173639,
        0,
        -16.5,
        0.5,
        62.890625,
        1
      ],
      "mesh": 25
    },
    {
      "matrix": [
        -0.2806535185300929,
        0,
        -0.9598091490169692,
        0,
        0,
        1,
        0,
        0,
        0.9598091490169692,
        0,
        -0.2806535185300929,
        0,
        -78.84375,
        -3.5,
        38.28125,
        1
      ],
      "mesh": 25
    },
    {
      "matrix": [
        -0.6095788197507077,
        0,
        -0.7927254647804207,
        0,
        0,
        1,
        0,
        0,
        0.7927254647804207,
        0,
        -0.6095788197507077,
        0,
        -74.109375,
        -3.5,
        39.5,
        1
      ],
      "mesh": 25
    },
    {
      "matrix": [
        -0.507123863869773,
        0,
        -0.8618731848095703,
        0,
        0,
        1,
        0,
        0,
        0.8618731848095703,
        0,
        -0.507123863869773,
        0,
        -75.0625,
        -3.5,
        36.109375,
        1
      ],
      "mesh": 25
    },
    {
      "matrix": [
        -0.16009823929579747,
        0,
        0.9871010858946442,
        0,
        0,
        1,
        0,
        0,
        -0.9871010858946442,
        0,
        -0.16009823929579747,
        0,
        -52.109375,
        -3.5,
        38.109375,
        1
      ],
      "mesh": 25
    },
    {
      "matrix": [
        -0.6095788197507077,
        0,
        0.7927254647804207,
        0,
        0,
        1,
        0,
        0,
        -0.7927254647804207,
        0,
        -0.6095788197507077,
        0,
        -57.109375,
        -3.5,
        39.671875,
        1
      ],
      "mesh": 25
    },
    {
      "matrix": [
        -0.16009823929579747,
        0,
        0.9871010858946442,
        0,
        0,
        1,
        0,
        0,
        -0.9871010858946442,
        0,
        -0.16009823929579747,
        0,
        -57.5,
        -3.5,
        36.5,
        1
      ],
      "mesh": 25
    },
    {
      "matrix": [
        0.7370451816173639,
        0,
        0.6758434731908174,
        0,
        0,
        1,
        0,
        0,
        -0.6758434731908174,
        0,
        0.7370451816173639,
        0,
        -57.734375,
        0.5,
        33.03125,
        1
      ],
      "mesh": 25
    },
    {
      "matrix": [
        0.037096911092605156,
        0,
        0.9993116726964553,
        0,
        0,
        1,
        0,
        0,
        -0.9993116726964553,
        0,
        0.037096911092605156,
        0,
        -60.6171875,
        0.5,
        24.5,
        1
      ],
      "mesh": 25
    },
    {
      "matrix": [
        0.037096911092605156,
        0,
        0.9993116726964553,
        0,
        0,
        1,
        0,
        0,
        -0.9993116726964553,
        0,
        0.037096911092605156,
        0,
        -60.578125,
        0.5,
        28.890625,
        1
      ],
      "mesh": 25
    },
    {
      "matrix": [
        0.9226918150848067,
        0,
        -0.3855383435866074,
        0,
        0,
        1,
        0,
        0,
        0.3855383435866074,
        0,
        0.9226918150848067,
        0,
        -70.640625,
        0.5,
        9.796875,
        1
      ],
      "mesh": 25
    },
    {
      "matrix": [
        -0.41950198324822874,
        0,
        -0.907754419460904,
        0,
        0,
        1,
        0,
        0,
        0.907754419460904,
        0,
        -0.41950198324822874,
        0,
        -70.7890625,
        0.5,
        14.203125,
        1
      ],
      "mesh": 25
    },
    {
      "matrix": [
        -0.8424672050733573,
        0,
        -0.5387476295779737,
        0,
        0,
        1,
        0,
        0,
        0.5387476295779737,
        0,
        -0.8424672050733573,
        0,
        -70.6796875,
        0.5,
        18.859375,
        1
      ],
      "mesh": 25
    },
    {
      "matrix": [
        -0.03709691109260538,
        0,
        0.9993116726964553,
        0,
        0,
        1,
        0,
        0,
        -0.9993116726964553,
        0,
        -0.03709691109260538,
        0,
        -110.96875,
        -1.015625,
        93.65625,
        1
      ],
      "mesh": 29
    },
    {
      "matrix": [
        -0.9996940572530832,
        0,
        -0.024734427279995138,
        0,
        0,
        1,
        0,
        0,
        0.024734427279995138,
        0,
        -0.9996940572530832,
        0,
        -92.5,
        -1.0546875,
        79.03125,
        1
      ],
      "mesh": 29
    },
    {
      "matrix": [
        1,
        0,
        0,
        0,
        0,
        1,
        0,
        0,
        0,
        0,
        1,
        0,
        -92.3828125,
        -1.0546875,
        108.96875,
        1
      ],
      "mesh": 29
    },
    {
      "matrix": [
        -0.03709691109260538,
        0,
        0.9993116726964553,
        0,
        0,
        1,
        0,
        0,
        -0.9993116726964553,
        0,
        -0.03709691109260538,
        0,
        -93.5,
        -3.5703125,
        68.96875,
        1
      ],
      "mesh": 30
    },
    {
      "matrix": [
        -0.03709691109260538,
        0,
        0.9993116726964553,
        0,
        0,
        1,
        0,
        0,
        -0.9993116726964553,
        0,
        -0.03709691109260538,
        0,
        -89.4609375,
        -3.4921875,
        57.96875,
        1
      ],
      "mesh": 30
    },
    {
      "matrix": [
        -0.9999235113880167,
        0,
        -0.012368159663363043,
        0,
        0,
        1,
        0,
        0,
        0.012368159663363043,
        0,
        -0.9999235113880167,
        0,
        -121.96875,
        -3.5703125,
        65.5,
        1
      ],
      "mesh": 30
    },
    {
      "matrix": [
        -1,
        0,
        1.2246467991473532e-16,
        0,
        0,
        1,
        0,
        0,
        -1.2246467991473532e-16,
        0,
        -1,
        0,
        -121.96875,
        -3.4921875,
        60.5,
        1
      ],
      "mesh": 30
    },
    {
      "matrix": [
        -0.03709691109260538,
        0,
        -0.9993116726964553,
        0,
        0,
        1,
        0,
        0,
        0.9993116726964553,
        0,
        -0.03709691109260538,
        0,
        -115.5,
        -3.4921875,
        6.015625,
        1
      ],
      "mesh": 30
    },
    {
      "matrix": [
        1,
        0,
        0,
        0,
        0,
        1,
        0,
        0,
        0,
        0,
        1,
        0,
        -78.03125,
        -3.53125,
        34.5,
        1
      ],
      "mesh": 31
    },
    {
      "matrix": [
        1,
        0,
        0,
        0,
        0,
        1,
        0,
        0,
        0,
        0,
        1,
        0,
        -86.03125,
        -3.53125,
        34.5,
        1
      ],
      "mesh": 31
    },
    {
      "matrix": [
        1,
        0,
        0,
        0,
        0,
        1,
        0,
        0,
        0,
        0,
        1,
        0,
        -102.03125,
        -3.53125,
        34.5,
        1
      ],
      "mesh": 31
    },
    {
      "matrix": [
        0.6480361721016052,
        0.7195347291046037,
        0.24963752374245163,
        0,
        5.551115123125783e-17,
        0.3277762482701767,
        -0.9447553816041099,
        0,
        -0.7616095585323878,
        0.6122356610671187,
        0.21241086523483066,
        0,
        -99.5,
        -3.3359375,
        50.265625,
        1
      ],
      "mesh": 32
    },
    {
      "matrix": [
        1,
        0,
        0,
        0,
        0,
        1,
        0,
        0,
        0,
        0,
        1,
        0,
        -101.65625,
        -3.375,
        50.125,
        1
      ],
      "mesh": 33
    },
    {
      "matrix": [
        -0.9996940572530832,
        0,
        0.024734427279995138,
        0,
        0,
        1,
        0,
        0,
        -0.024734427279995138,
        0,
        -0.9996940572530832,
        0,
        -87.96875,
        -3.53125,
        42.5,
        1
      ],
      "mesh": 31
    },
    {
      "matrix": [
        -0.9996940572530832,
        0,
        0.024734427279995138,
        0,
        0,
        1,
        0,
        0,
        -0.024734427279995138,
        0,
        -0.9996940572530832,
        0,
        -95.96875,
        -3.53125,
        42.5,
        1
      ],
      "mesh": 31
    },
    {
      "matrix": [
        -0.9996940572530832,
        0,
        0.024734427279995138,
        0,
        0,
        1,
        0,
        0,
        -0.024734427279995138,
        0,
        -0.9996940572530832,
        0,
        -103.96875,
        -3.53125,
        42.5,
        1
      ],
      "mesh": 31
    },
    {
      "matrix": [
        -0.9996940572530832,
        0,
        0.024734427279995138,
        0,
        0,
        1,
        0,
        0,
        -0.024734427279995138,
        0,
        -0.9996940572530832,
        0,
        -110.96875,
        -3.53125,
        42.5,
        1
      ],
      "mesh": 31
    },
    {
      "matrix": [
        1,
        0,
        0,
        0,
        0,
        1,
        0,
        0,
        0,
        0,
        1,
        0,
        -109.03125,
        -3.5703125,
        34.5,
        1
      ],
      "mesh": 31
    },
    {
      "matrix": [
        1,
        0,
        0,
        0,
        0,
        1,
        0,
        0,
        0,
        0,
        1,
        0,
        -94.03125,
        -3.4921875,
        34.5,
        1
      ],
      "mesh": 31
    },
    {
      "matrix": [
        1,
        0,
        0,
        0,
        0,
        1,
        0,
        0,
        0,
        0,
        1,
        0,
        -95.5,
        -3.5703125,
        26.4453125,
        1
      ],
      "mesh": 32
    },
    {
      "matrix": [
        1,
        0,
        0,
        0,
        0,
        1,
        0,
        0,
        0,
        0,
        1,
        0,
        -110.8125,
        -3.4921875,
        26.484375,
        1
      ],
      "mesh": 32
    },
    {
      "matrix": [
        -0.9996940572530832,
        0,
        0.024734427279995138,
        0,
        0,
        1,
        0,
        0,
        -0.024734427279995138,
        0,
        -0.9996940572530832,
        0,
        -93.2265625,
        -3.453125,
        26.9921875,
        1
      ],
      "mesh": 33
    },
    {
      "matrix": [
        -0.9996940572530832,
        0,
        0.024734427279995138,
        0,
        0,
        1,
        0,
        0,
        -0.024734427279995138,
        0,
        -0.9996940572530832,
        0,
        -108.796875,
        -3.453125,
        26.7578125,
        1
      ],
      "mesh": 33
    },
    {
      "matrix": [
        1,
        0,
        0,
        0,
        0,
        1,
        0,
        0,
        0,
        0,
        1,
        0,
        -114.0390625,
        -3.53125,
        76.734375,
        1
      ],
      "mesh": 34
    },
    {
      "matrix": [
        1,
        0,
        0,
        0,
        0,
        1,
        0,
        0,
        0,
        0,
        1,
        0,
        -121.4296875,
        -3.53125,
        76.6953125,
        1
      ],
      "mesh": 34
    },
    {
      "matrix": [
        1,
        0,
        0,
        0,
        0,
        1,
        0,
        0,
        0,
        0,
        1,
        0,
        -124.6015625,
        -3.375,
        76.625,
        1
      ],
      "mesh": 34
    },
    {
      "matrix": [
        -0.9987764162142614,
        0,
        0.04945371992273924,
        0,
        0,
        1,
        0,
        0,
        -0.04945371992273924,
        0,
        -0.9987764162142614,
        0,
        -87.6484375,
        -1.2890625,
        2.03125,
        1
      ],
      "mesh": 29
    },
    {
      "matrix": [
        1,
        0,
        0,
        0,
        0,
        1,
        0,
        0,
        0,
        0,
        1,
        0,
        -87.375,
        -1.2109375,
        24.96875,
        1
      ],
      "mesh": 29
    },
    {
      "matrix": [
        -0.03709691109260538,
        0,
        -0.9993116726964553,
        0,
        0,
        1,
        0,
        0,
        0.9993116726964553,
        0,
        -0.03709691109260538,
        0,
        -72.03125,
        3.046875,
        11.8515625,
        1
      ],
      "mesh": 29
    },
    {
      "matrix": [
        -0.9996940572530832,
        0,
        -0.024734427279995138,
        0,
        0,
        1,
        0,
        0,
        0.024734427279995138,
        0,
        -0.9996940572530832,
        0,
        -76.4375,
        2.734375,
        1.953125,
        1
      ],
      "mesh": 29
    },
    {
      "matrix": [
        1,
        0,
        0,
        0,
        0,
        1,
        0,
        0,
        0,
        0,
        1,
        0,
        -55.5,
        0,
        48.5,
        1
      ],
      "mesh": 29
    },
    {
      "matrix": [
        -0.9996940572530832,
        0,
        0.024734427279995138,
        0,
        0,
        1,
        0,
        0,
        -0.024734427279995138,
        0,
        -0.9996940572530832,
        0,
        -76.109375,
        -0.8203125,
        48.03125,
        1
      ],
      "mesh": 29
    },
    {
      "matrix": [
        1,
        0,
        0,
        0,
        0,
        1,
        0,
        0,
        0,
        0,
        1,
        0,
        -75.9296875,
        -0.8203125,
        72.96875,
        1
      ],
      "mesh": 29
    },
    {
      "matrix": [
        1,
        0,
        0,
        0,
        0,
        1,
        0,
        0,
        0,
        0,
        1,
        0,
        -54.9140625,
        -0.7421875,
        72.96875,
        1
      ],
      "mesh": 29
    },
    {
      "matrix": [
        -0.03709691109260538,
        0,
        0.9993116726964553,
        0,
        0,
        1,
        0,
        0,
        -0.9993116726964553,
        0,
        -0.03709691109260538,
        0,
        -125.96875,
        -0.78125,
        63.03125,
        1
      ],
      "mesh": 29
    },
    {
      "matrix": [
        -0.9850454633172632,
        0,
        -0.17229461743791677,
        0,
        0,
        1,
        0,
        0,
        0.17229461743791677,
        0,
        -0.9850454633172632,
        0,
        -88.734375,
        -1.0546875,
        61.03125,
        1
      ],
      "mesh": 29
    },
    {
      "matrix": [
        -0.9850454633172632,
        0,
        -0.17229461743791677,
        0,
        0,
        1,
        0,
        0,
        0.17229461743791677,
        0,
        -0.9850454633172632,
        0,
        -96.734375,
        -1.0546875,
        61.03125,
        1
      ],
      "mesh": 29
    },
    {
      "matrix": [
        -0.9850454633172632,
        0,
        -0.17229461743791677,
        0,
        0,
        1,
        0,
        0,
        0.17229461743791677,
        0,
        -0.9850454633172632,
        0,
        -104.734375,
        -1.0546875,
        61.03125,
        1
      ],
      "mesh": 29
    },
    {
      "matrix": [
        -0.9850454633172632,
        0,
        -0.17229461743791677,
        0,
        0,
        1,
        0,
        0,
        0.17229461743791677,
        0,
        -0.9850454633172632,
        0,
        -113.734375,
        -1.0546875,
        61.03125,
        1
      ],
      "mesh": 29
    },
    {
      "matrix": [
        -0.03709691109260538,
        0,
        -0.9993116726964553,
        0,
        0,
        1,
        0,
        0,
        0.9993116726964553,
        0,
        -0.03709691109260538,
        0,
        -82.03125,
        -1.171875,
        56.0078125,
        1
      ],
      "mesh": 29
    },
    {
      "matrix": [
        1,
        0,
        0,
        0,
        0,
        1,
        0,
        0,
        0,
        0,
        1,
        0,
        -102.3828125,
        -1.09375,
        59.96875,
        1
      ],
      "mesh": 29
    },
    {
      "matrix": [
        -0.9996940572530832,
