[gd_scene load_steps=26 format=3 uid="uid://dntdlikpiuql1"]

[ext_resource type="PackedScene" uid="uid://bl20jk0xusabs" path="res://game/levels/broken1/broken1Static.tscn" id="1_da5k5"]
[ext_resource type="Script" path="res://game/components/levelchange_activator/levelchange_activator.gd" id="2_5i627"]
[ext_resource type="PackedScene" uid="uid://duupshwc1h4fu" path="res://game/assets/maps_with_npcs/broken1/map.gltf" id="2_k1jjy"]
[ext_resource type="Environment" uid="uid://dhku8dhhyvp0u" path="res://game/assets/world_environments/interior.tres" id="3_sw3pq"]
[ext_resource type="PackedScene" uid="uid://dddrothxl62m" path="res://game/tools/character_position_marker.tscn" id="3_x4pas"]
[ext_resource type="PackedScene" uid="uid://uh1porxrhyvj" path="res://game/tools/object_position_marker.tscn" id="3_xsbis"]
[ext_resource type="PackedScene" uid="uid://bjhvophextwle" path="res://game/actors/characters/generated_characters/290_monsters__branson/290_monsters__branson.tscn" id="6_3jer7"]
[ext_resource type="PackedScene" uid="uid://7maj7dlmx6r6" path="res://game/actors/characters/generated_characters/291_monsters__dire_wolf/291_monsters__dire_wolf.tscn" id="7_8e648"]
[ext_resource type="PackedScene" uid="uid://b0xdbettu3okt" path="res://game/actors/characters/generated_characters/1908_broken1__mob_dire_wolf/1908_broken1__mob_dire_wolf.tscn" id="9_r2xmk"]
[ext_resource type="PackedScene" uid="uid://p6tftn4wpet8" path="res://game/actors/characters/generated_characters/267_monsters__spire_archer/267_monsters__spire_archer.tscn" id="10_rq8nv"]
[ext_resource type="PackedScene" uid="uid://bipse3cohrndo" path="res://game/actors/characters/generated_characters/271_monsters__tharnblade/271_monsters__tharnblade.tscn" id="11_807p5"]
[ext_resource type="PackedScene" uid="uid://cju3yebf1oi6i" path="res://game/actors/characters/generated_characters/206_monsters__spire_thief/206_monsters__spire_thief.tscn" id="12_wy2cm"]
[ext_resource type="PackedScene" uid="uid://b8febj4fcegsr" path="res://game/actors/characters/generated_characters/250_monsters__highwaymage/250_monsters__highwaymage.tscn" id="13_v4eny"]
[ext_resource type="PackedScene" uid="uid://orkm2uvcccbm" path="res://game/actors/characters/generated_characters/1910_broken1__mob_tharn_archer/1910_broken1__mob_tharn_archer.tscn" id="14_nt2yh"]
[ext_resource type="PackedScene" uid="uid://c207dtypmu1kv" path="res://game/actors/characters/generated_characters/252_monsters__horrid_wormmouth/252_monsters__horrid_wormmouth.tscn" id="15_whu0r"]
[ext_resource type="PackedScene" uid="uid://c5rbp6eja5aks" path="res://game/actors/characters/generated_characters/265_monsters__spider_guardian/265_monsters__spider_guardian.tscn" id="16_we66n"]
[ext_resource type="PackedScene" uid="uid://65hosqk2bdyb" path="res://game/actors/characters/generated_characters/1909_broken1__mob_spire_archer/1909_broken1__mob_spire_archer.tscn" id="17_xvsjk"]
[ext_resource type="PackedScene" uid="uid://dcx4i677lgat2" path="res://game/actors/characters/generated_characters/1907_broken1__mob_tharnblade/1907_broken1__mob_tharnblade.tscn" id="18_vb2xd"]
[ext_resource type="PackedScene" uid="uid://c1fchckxp3y8u" path="res://game/actors/characters/generated_characters/1900_monsters__helena/1900_monsters__helena.tscn" id="19_o32u3"]
[ext_resource type="PackedScene" uid="uid://qc4gm12ulc6w" path="res://game/actors/characters/generated_characters/1901_monsters__meya_violet/1901_monsters__meya_violet.tscn" id="20_jcxes"]
[ext_resource type="PackedScene" uid="uid://t0mhp1g1fk16" path="res://game/actors/characters/generated_characters/249_monsters__makor_/249_monsters__makor_.tscn" id="21_2ubho"]
[ext_resource type="PackedScene" uid="uid://cd2xa4ycrtsvn" path="res://game/actors/characters/generated_characters/271_broken1__bled/271_broken1__bled.tscn" id="22_alofa"]

[sub_resource type="BoxMesh" id="BoxMesh_i3mve"]
size = Vector3(0.1, 0.1, 0.1)

[sub_resource type="BoxShape3D" id="BoxShape3D_yhgss"]
size = Vector3(20, 1, 20)

[sub_resource type="BoxShape3D" id="BoxShape3D_esj4p"]
size = Vector3(3, 5, 1)

[node name="broken1" type="Node3D"]

[node name="StaticTerrain" type="Node3D" parent="." groups=["static_terrain"]]

[node name="broken1" parent="StaticTerrain" instance=ExtResource("1_da5k5")]
transform = Transform3D(1, 0, 0, 0, 1, 0, 0, 0, 1, 0, -16.876, 0)

[node name="npc_placement" type="Node3D" parent="StaticTerrain"]
visible = false

[node name="map" parent="StaticTerrain/npc_placement" instance=ExtResource("2_k1jjy")]

[node name="actors" type="Node3D" parent="."]

[node name="named_characters" type="Node3D" parent="actors"]

[node name="opponents" type="Node3D" parent="actors"]

[node name="290_placeholder2" parent="actors/opponents" instance=ExtResource("6_3jer7")]
transform = Transform3D(-0.931946, 0, 0.362598, 0, 1, 0, -0.362598, 0, -0.931946, -31.0469, -5.8, -33.625)

[node name="291_placeholder9" parent="actors/opponents" instance=ExtResource("7_8e648")]
transform = Transform3D(-0.0864711, 0, 0.996254, 0, 1, 0, -0.996254, 0, -0.0864711, -37.5, -5.8, 5.5)

[node name="291_placeholder10" parent="actors/opponents" instance=ExtResource("7_8e648")]
transform = Transform3D(-0.0864711, 0, 0.996254, 0, 1, 0, -0.996254, 0, -0.0864711, -38.5, -5.8, 8.5)

[node name="291_placeholder11" parent="actors/opponents" instance=ExtResource("7_8e648")]
transform = Transform3D(-1, 0, -8.74228e-08, 0, 1, 0, 8.74228e-08, 0, -1, 58.5, -5.8, -58.5)

[node name="291_placeholder12" parent="actors/opponents" instance=ExtResource("7_8e648")]
transform = Transform3D(-0.999694, 0, -0.0247344, 0, 1, 0, 0.0247344, 0, -0.999694, -38.5, -5.8, -33.5)

[node name="291_placeholder13" parent="actors/opponents" instance=ExtResource("7_8e648")]
transform = Transform3D(-0.999694, 0, -0.0247344, 0, 1, 0, 0.0247344, 0, -0.999694, -35.8438, -5.8, 18.5)

[node name="291_placeholder14" parent="actors/opponents" instance=ExtResource("7_8e648")]
transform = Transform3D(-0.999694, 0, -0.0247344, 0, 1, 0, 0.0247344, 0, -0.999694, -35.5, -5.8, 19.5)

[node name="291_placeholder15" parent="actors/opponents" instance=ExtResource("7_8e648")]
transform = Transform3D(0.999694, 0, -0.0247347, 0, 1, 0, 0.0247347, 0, 0.999694, -19.5, -5.8, 41.8438)

[node name="291_placeholder16" parent="actors/opponents" instance=ExtResource("7_8e648")]
transform = Transform3D(0.999694, 0, -0.0247347, 0, 1, 0, 0.0247347, 0, 0.999694, -17.5, -5.8, 41.8438)

[node name="1908_placeholder4" parent="actors/opponents" instance=ExtResource("9_r2xmk")]
transform = Transform3D(0.0370971, 0, -0.999312, 0, 1, 0, 0.999312, 0, 0.0370971, 44.8906, -5.8, -20.1094)

[node name="1908_placeholder5" parent="actors/opponents" instance=ExtResource("9_r2xmk")]
transform = Transform3D(0.0370971, 0, -0.999312, 0, 1, 0, 0.999312, 0, 0.0370971, 44.8906, -5.8, -17.1094)

[node name="1908_placeholder6" parent="actors/opponents" instance=ExtResource("9_r2xmk")]
transform = Transform3D(-0.208718, 0, 0.977976, 0, 1, 0, -0.977976, 0, -0.208718, 59.5, -5.8, -18.5)

[node name="267_placeholder9" parent="actors/opponents" instance=ExtResource("10_rq8nv")]
transform = Transform3D(0.507124, 0, 0.861873, 0, 1, 0, -0.861873, 0, 0.507124, 55.5, -6.05, 45.7188)

[node name="267_placeholder10" parent="actors/opponents" instance=ExtResource("10_rq8nv")]
transform = Transform3D(-0.648036, 0, 0.761609, 0, 1, 0, -0.761609, 0, -0.648036, 55.3281, -6.05, 37.8906)

[node name="271_placeholder3" parent="actors/opponents" instance=ExtResource("11_807p5")]
transform = Transform3D(-0.419502, 0, -0.907754, 0, 1, 0, 0.907754, 0, -0.419502, -58.5, -5.8, 24.5469)

[node name="267_placeholder11" parent="actors/opponents" instance=ExtResource("10_rq8nv")]
transform = Transform3D(-0.800204, 0, -0.599728, 0, 1, 0, 0.599728, 0, -0.800204, -57.7656, -5.8, 21.2812)

[node name="206_placeholder24" parent="actors/opponents" instance=ExtResource("12_wy2cm")]
transform = Transform3D(-0.96956, 0, 0.244854, 0, 1, 0, -0.244854, 0, -0.96956, 53.2812, -6.05, 21.2344)

[node name="206_placeholder25" parent="actors/opponents" instance=ExtResource("12_wy2cm")]
transform = Transform3D(-0.0864711, 0, 0.996254, 0, 1, 0, -0.996254, 0, -0.0864711, 58.3281, -6.05, 20.5)

[node name="206_placeholder26" parent="actors/opponents" instance=ExtResource("12_wy2cm")]
transform = Transform3D(-0.0864711, 0, 0.996254, 0, 1, 0, -0.996254, 0, -0.0864711, 56.5, -6.05, 26.5)

[node name="206_placeholder27" parent="actors/opponents" instance=ExtResource("12_wy2cm")]
transform = Transform3D(-0.999694, 0, -0.0247344, 0, 1, 0, 0.0247344, 0, -0.999694, -58.4219, -5.8, 2.89062)

[node name="206_placeholder28" parent="actors/opponents" instance=ExtResource("12_wy2cm")]
transform = Transform3D(-0.999694, 0, -0.0247344, 0, 1, 0, 0.0247344, 0, -0.999694, -55.1094, -5.8, 2.89062)

[node name="267_placeholder12" parent="actors/opponents" instance=ExtResource("10_rq8nv")]
transform = Transform3D(-0.931946, 0, 0.362598, 0, 1, 0, -0.362598, 0, -0.931946, -51.7188, -5.8, 9.5)

[node name="267_placeholder13" parent="actors/opponents" instance=ExtResource("10_rq8nv")]
transform = Transform3D(-0.931946, 0, 0.362598, 0, 1, 0, -0.362598, 0, -0.931946, -49.7188, -5.8, 9.10938)

[node name="267_placeholder14" parent="actors/opponents" instance=ExtResource("10_rq8nv")]
transform = Transform3D(-0.922692, 0, 0.385538, 0, 1, 0, -0.385538, 0, -0.922692, -52.5, -5.8, 12.5)

[node name="250_placeholder5" parent="actors/opponents" instance=ExtResource("13_v4eny")]
transform = Transform3D(-0.208718, 0, -0.977976, 0, 1, 0, 0.977976, 0, -0.208718, 34.5, -5.8, -52.8906)

[node name="206_placeholder29" parent="actors/opponents" instance=ExtResource("12_wy2cm")]
transform = Transform3D(0.507124, 0, -0.861873, 0, 1, 0, 0.861873, 0, 0.507124, 35.2812, -5.8, -48.7188)

[node name="206_placeholder30" parent="actors/opponents" instance=ExtResource("12_wy2cm")]
transform = Transform3D(-1, 0, -8.74228e-08, 0, 1, 0, 8.74228e-08, 0, -1, 60.2812, -5.8, -59.3438)

[node name="1910_placeholder4" parent="actors/opponents" instance=ExtResource("14_nt2yh")]
transform = Transform3D(-0.351044, 0, -0.936359, 0, 1, 0, 0.936359, 0, -0.351044, 30.0703, -5.8, 24.3438)

[node name="1910_placeholder5" parent="actors/opponents" instance=ExtResource("14_nt2yh")]
transform = Transform3D(0.999694, 0, 0.0247345, 0, 1, 0, -0.0247345, 0, 0.999694, 31.5, -5.8, 25.5)

[node name="1910_placeholder6" parent="actors/opponents" instance=ExtResource("14_nt2yh")]
transform = Transform3D(-0.737045, 0, 0.675843, 0, 1, 0, -0.675843, 0, -0.737045, 32.9297, -5.8, 23.8906)

[node name="267_placeholder15" parent="actors/opponents" instance=ExtResource("10_rq8nv")]
transform = Transform3D(0.280654, 0, 0.959809, 0, 1, 0, -0.959809, 0, 0.280654, -23.5, -5.8, -50.25)

[node name="206_placeholder31" parent="actors/opponents" instance=ExtResource("12_wy2cm")]
transform = Transform3D(-0.549126, 0, 0.835739, 0, 1, 0, -0.835739, 0, -0.549126, -29.6719, -5.8, -54.7188)

[node name="206_placeholder32" parent="actors/opponents" instance=ExtResource("12_wy2cm")]
transform = Transform3D(0.507124, 0, 0.861873, 0, 1, 0, -0.861873, 0, 0.507124, -27.9922, -5.8, -49.6797)

[node name="206_placeholder33" parent="actors/opponents" instance=ExtResource("12_wy2cm")]
transform = Transform3D(0.912874, 0, 0.408243, 0, 1, 0, -0.408243, 0, 0.912874, -30.5781, -5.8, -46.3125)

[node name="206_placeholder34" parent="actors/opponents" instance=ExtResource("12_wy2cm")]
transform = Transform3D(0.922692, 0, 0.385538, 0, 1, 0, -0.385538, 0, 0.922692, -20.5391, -4.8, -46.1094)

[node name="206_placeholder35" parent="actors/opponents" instance=ExtResource("12_wy2cm")]
transform = Transform3D(0.396921, 0, 0.917853, 0, 1, 0, -0.917853, 0, 0.396921, -20.1016, -5.8, -49.3594)

[node name="252_placeholder3" parent="actors/opponents" instance=ExtResource("15_whu0r")]
transform = Transform3D(1, 0, 1.74846e-07, 0, 1, 0, -1.74846e-07, 0, 1, -36.5, -5.8, 40.7656)

[node name="252_placeholder4" parent="actors/opponents" instance=ExtResource("15_whu0r")]
transform = Transform3D(0.980482, 0, 0.196607, 0, 1, 0, -0.196607, 0, 0.980482, -34.3281, -5.8, 41.0234)

[node name="265_placeholder3" parent="actors/opponents" instance=ExtResource("16_we66n")]
transform = Transform3D(-0.995109, 0, 0.0987865, 0, 1, 0, -0.0987865, 0, -0.995109, -19.1016, -5.8, 18.1094)

[node name="265_placeholder4" parent="actors/opponents" instance=ExtResource("16_we66n")]
transform = Transform3D(-0.995109, 0, 0.0987865, 0, 1, 0, -0.0987865, 0, -0.995109, -20.5, -5.8, 16.9375)

[node name="1909_placeholder15" parent="actors/opponents" instance=ExtResource("17_xvsjk")]
transform = Transform3D(0.280653, 0, -0.959809, 0, 1, 0, 0.959809, 0, 0.280653, 45.5469, -5.8, -47.5469)

[node name="1909_placeholder16" parent="actors/opponents" instance=ExtResource("17_xvsjk")]
transform = Transform3D(0.0370971, 0, -0.999312, 0, 1, 0, 0.999312, 0, 0.0370971, 46.5, -5.8, -39.5781)

[node name="1909_placeholder17" parent="actors/opponents" instance=ExtResource("17_xvsjk")]
transform = Transform3D(-0.208718, 0, -0.977976, 0, 1, 0, 0.977976, 0, -0.208718, 46.5, -5.8, -37.1094)

[node name="1909_placeholder18" parent="actors/opponents" instance=ExtResource("17_xvsjk")]
transform = Transform3D(-0.208718, 0, -0.977976, 0, 1, 0, 0.977976, 0, -0.208718, 45.5469, -5.8, -29.0625)

[node name="1909_placeholder19" parent="actors/opponents" instance=ExtResource("17_xvsjk")]
transform = Transform3D(0.507124, 0, 0.861873, 0, 1, 0, -0.861873, 0, 0.507124, 58.6719, -5.8, -49.5)

[node name="1909_placeholder20" parent="actors/opponents" instance=ExtResource("17_xvsjk")]
transform = Transform3D(0.0370969, 0, 0.999312, 0, 1, 0, -0.999312, 0, 0.0370969, 57.7188, -5.8, -47.1094)

[node name="1909_placeholder21" parent="actors/opponents" instance=ExtResource("17_xvsjk")]
transform = Transform3D(0.160098, 0, 0.987101, 0, 1, 0, -0.987101, 0, 0.160098, 58.5, -5.8, -28.9922)

[node name="1907_placeholder2" parent="actors/opponents" instance=ExtResource("18_vb2xd")]
transform = Transform3D(-0.0864711, 0, 0.996254, 0, 1, 0, -0.996254, 0, -0.0864711, 58.5, -5.8, -26.7188)

[node name="1909_placeholder22" parent="actors/opponents" instance=ExtResource("17_xvsjk")]
transform = Transform3D(-0.0864711, 0, 0.996254, 0, 1, 0, -0.996254, 0, -0.0864711, 58.5, -5.8, -16.5)

[node name="206_placeholder36" parent="actors/opponents" instance=ExtResource("12_wy2cm")]
transform = Transform3D(-0.549126, 0, -0.835739, 0, 1, 0, 0.835739, 0, -0.549126, 32.7188, -4.8, -1.5)

[node name="206_placeholder37" parent="actors/opponents" instance=ExtResource("12_wy2cm")]
transform = Transform3D(-0.737045, 0, -0.675843, 0, 1, 0, 0.675843, 0, -0.737045, 30.9297, -3.3, -2.02344)

[node name="206_placeholder38" parent="actors/opponents" instance=ExtResource("12_wy2cm")]
transform = Transform3D(0.160098, 0, -0.987101, 0, 1, 0, 0.987101, 0, 0.160098, 56.7188, -4.05, -1.5)

[node name="206_placeholder39" parent="actors/opponents" instance=ExtResource("12_wy2cm")]
transform = Transform3D(-0.0864712, 0, -0.996254, 0, 1, 0, 0.996254, 0, -0.0864712, 55.6953, -3.3, -0.5)

[node name="250_placeholder6" parent="actors/opponents" instance=ExtResource("13_v4eny")]
transform = Transform3D(0.507124, 0, -0.861873, 0, 1, 0, 0.861873, 0, 0.507124, 27.2812, -1.8, 3.5)

[node name="250_placeholder7" parent="actors/opponents" instance=ExtResource("13_v4eny")]
transform = Transform3D(0.609579, 0, -0.792726, 0, 1, 0, 0.792726, 0, 0.609579, 27.2812, -1.8, -5.5)

[node name="267_placeholder16" parent="actors/opponents" instance=ExtResource("10_rq8nv")]
transform = Transform3D(0.998776, 0, -0.0494539, 0, 1, 0, 0.0494539, 0, 0.998776, 51.8906, -1.8, -5.5)

[node name="250_placeholder8" parent="actors/opponents" instance=ExtResource("13_v4eny")]
transform = Transform3D(-0.737045, 0, 0.675843, 0, 1, 0, -0.675843, 0, -0.737045, 47.5, -1.8, -1.10938)

[node name="206_placeholder40" parent="actors/opponents" instance=ExtResource("12_wy2cm")]
transform = Transform3D(0.280653, 0, -0.959809, 0, 1, 0, 0.959809, 0, 0.280653, -14.8438, -5.8, -25.7188)

[node name="206_placeholder41" parent="actors/opponents" instance=ExtResource("12_wy2cm")]
transform = Transform3D(0.609579, 0, -0.792726, 0, 1, 0, 0.792726, 0, 0.609579, -10.1094, -5.8, -24.5)

[node name="206_placeholder42" parent="actors/opponents" instance=ExtResource("12_wy2cm")]
transform = Transform3D(0.507124, 0, -0.861873, 0, 1, 0, 0.861873, 0, 0.507124, -11.0625, -5.8, -27.8906)

[node name="206_placeholder43" parent="actors/opponents" instance=ExtResource("12_wy2cm")]
transform = Transform3D(0.160098, 0, 0.987101, 0, 1, 0, -0.987101, 0, 0.160098, 11.8906, -5.8, -25.8906)

[node name="206_placeholder44" parent="actors/opponents" instance=ExtResource("12_wy2cm")]
transform = Transform3D(0.609579, 0, 0.792726, 0, 1, 0, -0.792726, 0, 0.609579, 6.89062, -5.8, -24.3281)

[node name="206_placeholder45" parent="actors/opponents" instance=ExtResource("12_wy2cm")]
transform = Transform3D(0.160098, 0, 0.987101, 0, 1, 0, -0.987101, 0, 0.160098, 6.5, -5.8, -27.5)

[node name="1909_placeholder23" parent="actors/opponents" instance=ExtResource("17_xvsjk")]
transform = Transform3D(-0.737045, 0, 0.675843, 0, 1, 0, -0.675843, 0, -0.737045, 6.26562, -1.8, -30.9688)

[node name="1909_placeholder24" parent="actors/opponents" instance=ExtResource("17_xvsjk")]
transform = Transform3D(-0.0370969, 0, 0.999312, 0, 1, 0, -0.999312, 0, -0.0370969, 3.38281, -1.8, -39.5)

[node name="1909_placeholder25" parent="actors/opponents" instance=ExtResource("17_xvsjk")]
transform = Transform3D(-0.0370969, 0, 0.999312, 0, 1, 0, -0.999312, 0, -0.0370969, 3.42188, -1.8, -35.1094)

[node name="1909_placeholder26" parent="actors/opponents" instance=ExtResource("17_xvsjk")]
transform = Transform3D(-0.922692, 0, -0.385538, 0, 1, 0, 0.385538, 0, -0.922692, -6.64062, -1.8, -54.2031)

[node name="1909_placeholder27" parent="actors/opponents" instance=ExtResource("17_xvsjk")]
transform = Transform3D(0.419502, 0, -0.907754, 0, 1, 0, 0.907754, 0, 0.419502, -6.78906, -1.8, -49.7969)

[node name="1909_placeholder28" parent="actors/opponents" instance=ExtResource("17_xvsjk")]
transform = Transform3D(0.842467, 0, -0.538748, 0, 1, 0, 0.538748, 0, 0.842467, -6.67969, -1.8, -45.1406)

[node name="1900_placeholder2" parent="actors/opponents" instance=ExtResource("19_o32u3")]
transform = Transform3D(-1, 0, -8.74228e-08, 0, 1, 0, 8.74228e-08, 0, -1, -45.7969, -5.8, -33.625)

[node name="1901_placeholder2" parent="actors/opponents" instance=ExtResource("20_jcxes")]
transform = Transform3D(0.998776, 0, 0.0494537, 0, 1, 0, -0.0494537, 0, 0.998776, -39.3438, -5.8, -16.9844)

[node name="249_placeholder2" parent="actors/opponents" instance=ExtResource("21_2ubho")]
transform = Transform3D(0.980482, 0, 0.196607, 0, 1, 0, -0.196607, 0, 0.980482, -51.6562, -5.8, 38.5)

[node name="271_placeholder4" parent="actors/opponents" instance=ExtResource("22_alofa")]
transform = Transform3D(0.666676, 0, 0.745348, 0, 1, 0, -0.745348, 0, 0.666676, -24.2344, -5.8, 7.84375)

[node name="206_placeholder46" parent="actors/opponents" instance=ExtResource("12_wy2cm")]
transform = Transform3D(-1, 0, -8.74228e-08, 0, 1, 0, 8.74228e-08, 0, -1, 46.5, -5.8, -27.5)

[node name="objects" type="Node3D" parent="actors"]

[node name="placeholders" type="Node3D" parent="actors"]
transform = Transform3D(1, 0, 0, 0, 1, 0, 0, 0, 1, 0, -2.3, 0)
visible = false

[node name="301_placeholder" parent="actors/placeholders" instance=ExtResource("3_xsbis")]
transform = Transform3D(0.0370969, 0, 0.999312, 0, 1, 0, -0.999312, 0, 0.0370969, 60.5781, -4, -39.5)
mesh = SubResource("BoxMesh_i3mve")
type = 8
scriptname = "broken1\\loot_random_A.s"

[node name="301_placeholder2" parent="actors/placeholders" instance=ExtResource("3_xsbis")]
transform = Transform3D(0.0370969, 0, 0.999312, 0, 1, 0, -0.999312, 0, 0.0370969, 60.5781, -4, -36.5)
mesh = SubResource("BoxMesh_i3mve")
type = 8
scriptname = "broken1\\loot_random_A.s"

[node name="1013_placeholder" parent="actors/placeholders" instance=ExtResource("3_xsbis")]
transform = Transform3D(-1, 0, -8.74228e-08, 0, 1, 0, 8.74228e-08, 0, -1, 3.5, -5.05469, 37.5)
mesh = SubResource("BoxMesh_i3mve")
type = 10
scriptname = "spiketrapot_random_A.s"

[node name="1013_placeholder2" parent="actors/placeholders" instance=ExtResource("3_xsbis")]
transform = Transform3D(-1, 0, -8.74228e-08, 0, 1, 0, 8.74228e-08, 0, -1, 11.5, -5.05469, 40.5)
mesh = SubResource("BoxMesh_i3mve")
type = 10
scriptname = "spiketrapot_random_A.s"

[node name="1013_placeholder3" parent="actors/placeholders" instance=ExtResource("3_xsbis")]
transform = Transform3D(-0.999694, 0, 0.0247345, 0, 1, 0, -0.0247345, 0, -0.999694, 11.5, -5.05469, 32.5)
mesh = SubResource("BoxMesh_i3mve")
type = 10
scriptname = "spiketrapot_random_A.s"

[node name="1013_placeholder4" parent="actors/placeholders" instance=ExtResource("3_xsbis")]
transform = Transform3D(-0.999694, 0, 0.0247345, 0, 1, 0, -0.0247345, 0, -0.999694, 11.5, -5.05469, 24.5)
mesh = SubResource("BoxMesh_i3mve")
type = 10
scriptname = "spiketrapot_random_A.s"

[node name="301_placeholder3" parent="actors/placeholders" instance=ExtResource("3_xsbis")]
transform = Transform3D(0.0370971, 0, -0.999312, 0, 1, 0, 0.999312, 0, 0.0370971, -60.9297, -4, 37.5)
mesh = SubResource("BoxMesh_i3mve")
type = 8
scriptname = "broken1\\loot_random_C.s"

[node name="301_placeholder4" parent="actors/placeholders" instance=ExtResource("3_xsbis")]
transform = Transform3D(-1, 0, -8.74228e-08, 0, 1, 0, 8.74228e-08, 0, -1, -59.5, -4, 42.5)
mesh = SubResource("BoxMesh_i3mve")
type = 8
scriptname = "broken1\\loot_random_A.s"

[node name="301_placeholder5" parent="actors/placeholders" instance=ExtResource("3_xsbis")]
transform = Transform3D(-1, 0, -8.74228e-08, 0, 1, 0, 8.74228e-08, 0, -1, -13.5, -4, -36.5)
mesh = SubResource("BoxMesh_i3mve")
type = 8
scriptname = "broken1\\loot_random_B.s"

[node name="301_placeholder6" parent="actors/placeholders" instance=ExtResource("3_xsbis")]
transform = Transform3D(0.998776, 0, 0.0494537, 0, 1, 0, -0.0494537, 0, 0.998776, -35.6172, -4, 43.9922)
mesh = SubResource("BoxMesh_i3mve")
type = 8
scriptname = "broken1\\loot_random_C.s"

[node name="301_placeholder7" parent="actors/placeholders" instance=ExtResource("3_xsbis")]
transform = Transform3D(-1, 0, -8.74228e-08, 0, 1, 0, 8.74228e-08, 0, -1, -36.6719, -4, 16.1094)
mesh = SubResource("BoxMesh_i3mve")
type = 8
scriptname = "broken1\\loot_random_B.s"

[node name="300_placeholder" parent="actors/placeholders" instance=ExtResource("3_xsbis")]
transform = Transform3D(-1, 0, -8.74228e-08, 0, 1, 0, 8.74228e-08, 0, -1, -19.5625, -3.84375, 16.1094)
mesh = SubResource("BoxMesh_i3mve")
type = 8
scriptname = "broken1\\loot_random_A.s"

[node name="301_placeholder8" parent="actors/placeholders" instance=ExtResource("3_xsbis")]
transform = Transform3D(0.999694, 0, -0.0247347, 0, 1, 0, 0.0247347, 0, 0.999694, -29.5, -3.76562, -15.1875)
mesh = SubResource("BoxMesh_i3mve")
type = 8
scriptname = "broken1\\loot6.s"

[node name="301_placeholder9" parent="actors/placeholders" instance=ExtResource("3_xsbis")]
transform = Transform3D(-1, 0, -8.74228e-08, 0, 1, 0, 8.74228e-08, 0, -1, 59.5, -4, -61.2812)
mesh = SubResource("BoxMesh_i3mve")
type = 8
scriptname = "broken1\\loot7.s"

[node name="301_placeholder10" parent="actors/placeholders" instance=ExtResource("3_xsbis")]
transform = Transform3D(-0.0864711, 0, 0.996254, 0, 1, 0, -0.996254, 0, -0.0864711, 21.7188, -3.76562, 40.5)
mesh = SubResource("BoxMesh_i3mve")
type = 8
scriptname = "broken1\\loot3.s"

[node name="1_placeholder" parent="actors/placeholders" instance=ExtResource("3_xsbis")]
transform = Transform3D(-1, 0, -8.74228e-08, 0, 1, 0, 8.74228e-08, 0, -1, -1.5, -4, -59.2891)
mesh = SubResource("BoxMesh_i3mve")
type = 1
scriptname = "chest1\\loot3.s"

[node name="1_placeholder2" parent="actors/placeholders" instance=ExtResource("3_xsbis")]
transform = Transform3D(-1, 0, -8.74228e-08, 0, 1, 0, 8.74228e-08, 0, -1, -1.5, -4, -59.2891)
mesh = SubResource("BoxMesh_i3mve")
type = 1
scriptname = "!EMPTY_CHEST.s"

[node name="290_placeholder" parent="actors/placeholders" instance=ExtResource("3_x4pas")]
transform = Transform3D(-0.931946, 0, 0.362598, 0, 1, 0, -0.362598, 0, -0.931946, -31.0469, -3.5, -33.625)
type = 2
scriptname = "monsters\\Branson.s"

[node name="291_placeholder" parent="actors/placeholders" instance=ExtResource("3_x4pas")]
transform = Transform3D(-0.0864711, 0, 0.996254, 0, 1, 0, -0.996254, 0, -0.0864711, -37.5, -3.5, 5.5)
type = 2
scriptname = "monsters\\Dire_Wolf.s"

[node name="291_placeholder2" parent="actors/placeholders" instance=ExtResource("3_x4pas")]
transform = Transform3D(-0.0864711, 0, 0.996254, 0, 1, 0, -0.996254, 0, -0.0864711, -38.5, -3.5, 8.5)
type = 2
scriptname = "monsters\\Dire_Wolf.s"

[node name="291_placeholder3" parent="actors/placeholders" instance=ExtResource("3_x4pas")]
transform = Transform3D(-1, 0, -8.74228e-08, 0, 1, 0, 8.74228e-08, 0, -1, 58.5, -3.5, -58.5)
type = 2
scriptname = "monsters\\Dire_Wolf.s"

[node name="291_placeholder4" parent="actors/placeholders" instance=ExtResource("3_x4pas")]
transform = Transform3D(-0.999694, 0, -0.0247344, 0, 1, 0, 0.0247344, 0, -0.999694, -38.5, -3.5, -33.5)
type = 2
scriptname = "monsters\\Dire_Wolf.s"

[node name="291_placeholder5" parent="actors/placeholders" instance=ExtResource("3_x4pas")]
transform = Transform3D(-0.999694, 0, -0.0247344, 0, 1, 0, 0.0247344, 0, -0.999694, -35.8438, -3.5, 18.5)
type = 2
scriptname = "monsters\\Dire_Wolf.s"

[node name="291_placeholder6" parent="actors/placeholders" instance=ExtResource("3_x4pas")]
transform = Transform3D(-0.999694, 0, -0.0247344, 0, 1, 0, 0.0247344, 0, -0.999694, -35.5, -3.5, 19.5)
type = 2
scriptname = "monsters\\Dire_Wolf.s"

[node name="291_placeholder7" parent="actors/placeholders" instance=ExtResource("3_x4pas")]
transform = Transform3D(0.999694, 0, -0.0247347, 0, 1, 0, 0.0247347, 0, 0.999694, -19.5, -3.5, 41.8438)
type = 2
scriptname = "monsters\\Dire_Wolf.s"

[node name="291_placeholder8" parent="actors/placeholders" instance=ExtResource("3_x4pas")]
transform = Transform3D(0.999694, 0, -0.0247347, 0, 1, 0, 0.0247347, 0, 0.999694, -17.5, -3.5, 41.8438)
type = 2
scriptname = "monsters\\Dire_Wolf.s"

[node name="1908_placeholder" parent="actors/placeholders" instance=ExtResource("3_x4pas")]
transform = Transform3D(0.0370971, 0, -0.999312, 0, 1, 0, 0.999312, 0, 0.0370971, 44.8906, -3.5, -20.1094)
type = 2
scriptname = "broken1\\mob_Dire_Wolf.s"

[node name="1908_placeholder2" parent="actors/placeholders" instance=ExtResource("3_x4pas")]
transform = Transform3D(0.0370971, 0, -0.999312, 0, 1, 0, 0.999312, 0, 0.0370971, 44.8906, -3.5, -17.1094)
type = 2
scriptname = "broken1\\mob_Dire_Wolf.s"

[node name="1908_placeholder3" parent="actors/placeholders" instance=ExtResource("3_x4pas")]
transform = Transform3D(-0.208718, 0, 0.977976, 0, 1, 0, -0.977976, 0, -0.208718, 59.5, -3.5, -18.5)
type = 2
scriptname = "broken1\\mob_Dire_Wolf.s"

[node name="267_placeholder" parent="actors/placeholders" instance=ExtResource("3_x4pas")]
transform = Transform3D(0.507124, 0, 0.861873, 0, 1, 0, -0.861873, 0, 0.507124, 55.5, -3.75, 45.7188)
type = 2
scriptname = "monsters\\Spire_Archer.s"

[node name="267_placeholder2" parent="actors/placeholders" instance=ExtResource("3_x4pas")]
transform = Transform3D(-0.648036, 0, 0.761609, 0, 1, 0, -0.761609, 0, -0.648036, 55.3281, -3.75, 37.8906)
type = 2
scriptname = "monsters\\Spire_Archer.s"

[node name="271_placeholder" parent="actors/placeholders" instance=ExtResource("3_x4pas")]
transform = Transform3D(-0.419502, 0, -0.907754, 0, 1, 0, 0.907754, 0, -0.419502, -58.5, -3.5, 24.5469)
type = 2
scriptname = "monsters\\Tharnblade.s"

[node name="267_placeholder3" parent="actors/placeholders" instance=ExtResource("3_x4pas")]
transform = Transform3D(-0.800204, 0, -0.599728, 0, 1, 0, 0.599728, 0, -0.800204, -57.7656, -3.5, 21.2812)
type = 2
scriptname = "monsters\\Spire_Archer.s"

[node name="206_placeholder" parent="actors/placeholders" instance=ExtResource("3_x4pas")]
transform = Transform3D(-0.96956, 0, 0.244854, 0, 1, 0, -0.244854, 0, -0.96956, 53.2812, -3.75, 21.2344)
type = 2
scriptname = "monsters\\Spire_Thief.s"

[node name="206_placeholder2" parent="actors/placeholders" instance=ExtResource("3_x4pas")]
transform = Transform3D(-0.0864711, 0, 0.996254, 0, 1, 0, -0.996254, 0, -0.0864711, 58.3281, -3.75, 20.5)
type = 2
scriptname = "monsters\\Spire_Thief.s"

[node name="206_placeholder3" parent="actors/placeholders" instance=ExtResource("3_x4pas")]
transform = Transform3D(-0.0864711, 0, 0.996254, 0, 1, 0, -0.996254, 0, -0.0864711, 56.5, -3.75, 26.5)
type = 2
scriptname = "monsters\\Spire_Thief.s"

[node name="206_placeholder4" parent="actors/placeholders" instance=ExtResource("3_x4pas")]
transform = Transform3D(-0.999694, 0, -0.0247344, 0, 1, 0, 0.0247344, 0, -0.999694, -58.4219, -3.5, 2.89062)
type = 2
scriptname = "monsters\\Spire_Thief.s"

[node name="206_placeholder5" parent="actors/placeholders" instance=ExtResource("3_x4pas")]
transform = Transform3D(-0.999694, 0, -0.0247344, 0, 1, 0, 0.0247344, 0, -0.999694, -55.1094, -3.5, 2.89062)
type = 2
scriptname = "monsters\\Spire_Thief.s"

[node name="267_placeholder4" parent="actors/placeholders" instance=ExtResource("3_x4pas")]
transform = Transform3D(-0.931946, 0, 0.362598, 0, 1, 0, -0.362598, 0, -0.931946, -51.7188, -3.5, 9.5)
type = 2
scriptname = "monsters\\Spire_Archer.s"

[node name="267_placeholder5" parent="actors/placeholders" instance=ExtResource("3_x4pas")]
transform = Transform3D(-0.931946, 0, 0.362598, 0, 1, 0, -0.362598, 0, -0.931946, -49.7188, -3.5, 9.10938)
type = 2
scriptname = "monsters\\Spire_Archer.s"

[node name="267_placeholder6" parent="actors/placeholders" instance=ExtResource("3_x4pas")]
transform = Transform3D(-0.922692, 0, 0.385538, 0, 1, 0, -0.385538, 0, -0.922692, -52.5, -3.5, 12.5)
type = 2
scriptname = "monsters\\Spire_Archer.s"

[node name="250_placeholder" parent="actors/placeholders" instance=ExtResource("3_x4pas")]
transform = Transform3D(-0.208718, 0, -0.977976, 0, 1, 0, 0.977976, 0, -0.208718, 34.5, -3.5, -52.8906)
type = 2
scriptname = "monsters\\Highwaymage.s"

[node name="206_placeholder6" parent="actors/placeholders" instance=ExtResource("3_x4pas")]
transform = Transform3D(0.507124, 0, -0.861873, 0, 1, 0, 0.861873, 0, 0.507124, 35.2812, -3.5, -48.7188)
type = 2
scriptname = "monsters\\Spire_Thief.s"

[node name="206_placeholder7" parent="actors/placeholders" instance=ExtResource("3_x4pas")]
transform = Transform3D(-1, 0, -8.74228e-08, 0, 1, 0, 8.74228e-08, 0, -1, 60.2812, -3.5, -59.3438)
type = 2
scriptname = "monsters\\Spire_Thief.s"

[node name="1910_placeholder" parent="actors/placeholders" instance=ExtResource("3_x4pas")]
transform = Transform3D(-0.351044, 0, -0.936359, 0, 1, 0, 0.936359, 0, -0.351044, 30.0703, -3.5, 24.3438)
type = 2
scriptname = "broken1\\mob_Tharn_Archer.s"

[node name="1910_placeholder2" parent="actors/placeholders" instance=ExtResource("3_x4pas")]
transform = Transform3D(0.999694, 0, 0.0247345, 0, 1, 0, -0.0247345, 0, 0.999694, 31.5, -3.5, 25.5)
type = 2
scriptname = "broken1\\mob_Tharn_Archer.s"

[node name="1910_placeholder3" parent="actors/placeholders" instance=ExtResource("3_x4pas")]
transform = Transform3D(-0.737045, 0, 0.675843, 0, 1, 0, -0.675843, 0, -0.737045, 32.9297, -3.5, 23.8906)
type = 2
scriptname = "broken1\\mob_Tharn_Archer.s"

[node name="267_placeholder7" parent="actors/placeholders" instance=ExtResource("3_x4pas")]
transform = Transform3D(0.280654, 0, 0.959809, 0, 1, 0, -0.959809, 0, 0.280654, -23.5, -3.5, -50.25)
type = 2
scriptname = "monsters\\Spire_Archer.s"

[node name="206_placeholder8" parent="actors/placeholders" instance=ExtResource("3_x4pas")]
transform = Transform3D(-0.549126, 0, 0.835739, 0, 1, 0, -0.835739, 0, -0.549126, -29.6719, -3.5, -54.7188)
type = 2
scriptname = "monsters\\Spire_Thief.s"

[node name="206_placeholder9" parent="actors/placeholders" instance=ExtResource("3_x4pas")]
transform = Transform3D(0.507124, 0, 0.861873, 0, 1, 0, -0.861873, 0, 0.507124, -27.9922, -3.5, -49.6797)
type = 2
scriptname = "monsters\\Spire_Thief.s"

[node name="206_placeholder10" parent="actors/placeholders" instance=ExtResource("3_x4pas")]
transform = Transform3D(0.912874, 0, 0.408243, 0, 1, 0, -0.408243, 0, 0.912874, -30.5781, -3.5, -46.3125)
type = 2
scriptname = "monsters\\Spire_Thief.s"

[node name="206_placeholder11" parent="actors/placeholders" instance=ExtResource("3_x4pas")]
transform = Transform3D(0.922692, 0, 0.385538, 0, 1, 0, -0.385538, 0, 0.922692, -20.5391, -2.5, -46.1094)
type = 2
scriptname = "monsters\\Spire_Thief.s"

[node name="206_placeholder12" parent="actors/placeholders" instance=ExtResource("3_x4pas")]
transform = Transform3D(0.396921, 0, 0.917853, 0, 1, 0, -0.917853, 0, 0.396921, -20.1016, -3.5, -49.3594)
type = 2
scriptname = "monsters\\Spire_Thief.s"

[node name="252_placeholder" parent="actors/placeholders" instance=ExtResource("3_x4pas")]
transform = Transform3D(1, 0, 1.74846e-07, 0, 1, 0, -1.74846e-07, 0, 1, -36.5, -3.5, 40.7656)
type = 2
scriptname = "monsters\\Horrid_Wormmouth.s"

[node name="252_placeholder2" parent="actors/placeholders" instance=ExtResource("3_x4pas")]
transform = Transform3D(0.980482, 0, 0.196607, 0, 1, 0, -0.196607, 0, 0.980482, -34.3281, -3.5, 41.0234)
type = 2
scriptname = "monsters\\Horrid_Wormmouth.s"

[node name="265_placeholder" parent="actors/placeholders" instance=ExtResource("3_x4pas")]
transform = Transform3D(-0.995109, 0, 0.0987865, 0, 1, 0, -0.0987865, 0, -0.995109, -19.1016, -3.5, 18.1094)
type = 2
scriptname = "monsters\\Spider_Guardian.s"

[node name="265_placeholder2" parent="actors/placeholders" instance=ExtResource("3_x4pas")]
transform = Transform3D(-0.995109, 0, 0.0987865, 0, 1, 0, -0.0987865, 0, -0.995109, -20.5, -3.5, 16.9375)
type = 2
scriptname = "monsters\\Spider_Guardian.s"

[node name="1909_placeholder" parent="actors/placeholders" instance=ExtResource("3_x4pas")]
transform = Transform3D(0.280653, 0, -0.959809, 0, 1, 0, 0.959809, 0, 0.280653, 45.5469, -3.5, -47.5469)
type = 2
scriptname = "broken1\\mob_Spire_Archer.s"

[node name="1909_placeholder2" parent="actors/placeholders" instance=ExtResource("3_x4pas")]
transform = Transform3D(0.0370971, 0, -0.999312, 0, 1, 0, 0.999312, 0, 0.0370971, 46.5, -3.5, -39.5781)
type = 2
scriptname = "broken1\\mob_Spire_Archer.s"

[node name="1909_placeholder3" parent="actors/placeholders" instance=ExtResource("3_x4pas")]
transform = Transform3D(-0.208718, 0, -0.977976, 0, 1, 0, 0.977976, 0, -0.208718, 46.5, -3.5, -37.1094)
type = 2
scriptname = "broken1\\mob_Spire_Archer.s"

[node name="1909_placeholder4" parent="actors/placeholders" instance=ExtResource("3_x4pas")]
transform = Transform3D(-0.208718, 0, -0.977976, 0, 1, 0, 0.977976, 0, -0.208718, 45.5469, -3.5, -29.0625)
type = 2
scriptname = "broken1\\mob_Spire_Archer.s"

[node name="1909_placeholder5" parent="actors/placeholders" instance=ExtResource("3_x4pas")]
transform = Transform3D(0.507124, 0, 0.861873, 0, 1, 0, -0.861873, 0, 0.507124, 58.6719, -3.5, -49.5)
type = 2
scriptname = "broken1\\mob_Spire_Archer.s"

[node name="1909_placeholder6" parent="actors/placeholders" instance=ExtResource("3_x4pas")]
transform = Transform3D(0.0370969, 0, 0.999312, 0, 1, 0, -0.999312, 0, 0.0370969, 57.7188, -3.5, -47.1094)
type = 2
scriptname = "broken1\\mob_Spire_Archer.s"

[node name="1909_placeholder7" parent="actors/placeholders" instance=ExtResource("3_x4pas")]
transform = Transform3D(0.160098, 0, 0.987101, 0, 1, 0, -0.987101, 0, 0.160098, 58.5, -3.5, -28.9922)
type = 2
scriptname = "broken1\\mob_Spire_Archer.s"

[node name="1907_placeholder" parent="actors/placeholders" instance=ExtResource("3_x4pas")]
transform = Transform3D(-0.0864711, 0, 0.996254, 0, 1, 0, -0.996254, 0, -0.0864711, 58.5, -3.5, -26.7188)
type = 2
scriptname = "broken1\\mob_Tharnblade.s"

[node name="1909_placeholder8" parent="actors/placeholders" instance=ExtResource("3_x4pas")]
transform = Transform3D(-0.0864711, 0, 0.996254, 0, 1, 0, -0.996254, 0, -0.0864711, 58.5, -3.5, -16.5)
type = 2
scriptname = "broken1\\mob_Spire_Archer.s"

[node name="206_placeholder13" parent="actors/placeholders" instance=ExtResource("3_x4pas")]
transform = Transform3D(-0.549126, 0, -0.835739, 0, 1, 0, 0.835739, 0, -0.549126, 32.7188, -2.5, -1.5)
type = 2
scriptname = "monsters\\Spire_Thief.s"

[node name="206_placeholder14" parent="actors/placeholders" instance=ExtResource("3_x4pas")]
transform = Transform3D(-0.737045, 0, -0.675843, 0, 1, 0, 0.675843, 0, -0.737045, 30.9297, -1, -2.02344)
type = 2
scriptname = "monsters\\Spire_Thief.s"

[node name="206_placeholder15" parent="actors/placeholders" instance=ExtResource("3_x4pas")]
transform = Transform3D(0.160098, 0, -0.987101, 0, 1, 0, 0.987101, 0, 0.160098, 56.7188, -1.75, -1.5)
type = 2
scriptname = "monsters\\Spire_Thief.s"

[node name="206_placeholder16" parent="actors/placeholders" instance=ExtResource("3_x4pas")]
transform = Transform3D(-0.0864712, 0, -0.996254, 0, 1, 0, 0.996254, 0, -0.0864712, 55.6953, -1, -0.5)
type = 2
scriptname = "monsters\\Spire_Thief.s"

[node name="250_placeholder2" parent="actors/placeholders" instance=ExtResource("3_x4pas")]
transform = Transform3D(0.507124, 0, -0.861873, 0, 1, 0, 0.861873, 0, 0.507124, 27.2812, 0.5, 3.5)
type = 2
scriptname = "monsters\\Highwaymage.s"

[node name="250_placeholder3" parent="actors/placeholders" instance=ExtResource("3_x4pas")]
transform = Transform3D(0.609579, 0, -0.792726, 0, 1, 0, 0.792726, 0, 0.609579, 27.2812, 0.5, -5.5)
type = 2
scriptname = "monsters\\Highwaymage.s"

[node name="267_placeholder8" parent="actors/placeholders" instance=ExtResource("3_x4pas")]
transform = Transform3D(0.998776, 0, -0.0494539, 0, 1, 0, 0.0494539, 0, 0.998776, 51.8906, 0.5, -5.5)
type = 2
scriptname = "monsters\\Spire_Archer.s"

[node name="250_placeholder4" parent="actors/placeholders" instance=ExtResource("3_x4pas")]
transform = Transform3D(-0.737045, 0, 0.675843, 0, 1, 0, -0.675843, 0, -0.737045, 47.5, 0.5, -1.10938)
type = 2
scriptname = "monsters\\Highwaymage.s"

[node name="206_placeholder17" parent="actors/placeholders" instance=ExtResource("3_x4pas")]
transform = Transform3D(0.280653, 0, -0.959809, 0, 1, 0, 0.959809, 0, 0.280653, -14.8438, -3.5, -25.7188)
type = 2
scriptname = "monsters\\Spire_Thief.s"

[node name="206_placeholder18" parent="actors/placeholders" instance=ExtResource("3_x4pas")]
transform = Transform3D(0.609579, 0, -0.792726, 0, 1, 0, 0.792726, 0, 0.609579, -10.1094, -3.5, -24.5)
type = 2
scriptname = "monsters\\Spire_Thief.s"

[node name="206_placeholder19" parent="actors/placeholders" instance=ExtResource("3_x4pas")]
transform = Transform3D(0.507124, 0, -0.861873, 0, 1, 0, 0.861873, 0, 0.507124, -11.0625, -3.5, -27.8906)
type = 2
scriptname = "monsters\\Spire_Thief.s"

[node name="206_placeholder20" parent="actors/placeholders" instance=ExtResource("3_x4pas")]
transform = Transform3D(0.160098, 0, 0.987101, 0, 1, 0, -0.987101, 0, 0.160098, 11.8906, -3.5, -25.8906)
type = 2
scriptname = "monsters\\Spire_Thief.s"

[node name="206_placeholder21" parent="actors/placeholders" instance=ExtResource("3_x4pas")]
transform = Transform3D(0.609579, 0, 0.792726, 0, 1, 0, -0.792726, 0, 0.609579, 6.89062, -3.5, -24.3281)
type = 2
scriptname = "monsters\\Spire_Thief.s"

[node name="206_placeholder22" parent="actors/placeholders" instance=ExtResource("3_x4pas")]
transform = Transform3D(0.160098, 0, 0.987101, 0, 1, 0, -0.987101, 0, 0.160098, 6.5, -3.5, -27.5)
type = 2
scriptname = "monsters\\Spire_Thief.s"

[node name="1909_placeholder9" parent="actors/placeholders" instance=ExtResource("3_x4pas")]
transform = Transform3D(-0.737045, 0, 0.675843, 0, 1, 0, -0.675843, 0, -0.737045, 6.26562, 0.5, -30.9688)
type = 2
scriptname = "broken1\\mob_Spire_Archer.s"

[node name="1909_placeholder10" parent="actors/placeholders" instance=ExtResource("3_x4pas")]
transform = Transform3D(-0.0370969, 0, 0.999312, 0, 1, 0, -0.999312, 0, -0.0370969, 3.38281, 0.5, -39.5)
type = 2
