{
  "asset": {
    "version": "2.0",
    "generator": "THREE.GLTFExporter"
  },
  "scenes": [
    {
      "nodes": [
        383
      ]
    }
  ],
  "scene": 0,
  "nodes": [
    {
      "mesh": 0
    },
    {
      "mesh": 1
    },
    {
      "mesh": 2
    },
    {
      "mesh": 3
    },
    {
      "mesh": 4
    },
    {
      "mesh": 5
    },
    {
      "mesh": 6
    },
    {
      "mesh": 7
    },
    {
      "matrix": [
        1.1875,
        0,
        0,
        0,
        0,
        -1.1871366929880363,
        0.029372132394994227,
        0,
        0,
        -0.029372132394994227,
        -1.1871366929880363,
        0,
        -76.5,
        6.0625,
        63.5,
        1
      ],
      "mesh": 8
    },
    {
      "matrix": [
        0.25,
        0,
        0,
        0,
        0,
        0.25,
        0,
        0,
        0,
        0,
        0.25,
        0,
        -76.5,
        0.390625,
        105.5,
        1
      ],
      "mesh": 8
    },
    {
      "matrix": [
        1,
        0,
        0,
        0,
        0,
        1,
        0,
        0,
        0,
        0,
        1,
        0,
        -78.5,
        0.390625,
        105.5,
        1
      ],
      "mesh": 8
    },
    {
      "matrix": [
        -0.561811734120522,
        -0.02781771745654082,
        0,
        0,
        0.02781771745654082,
        -0.561811734120522,
        0,
        0,
        0,
        0,
        0.5625,
        0,
        -29.5,
        6.09375,
        112.109375,
        1
      ],
      "mesh": 8
    },
    {
      "matrix": [
        -0.6866587861473047,
        -0.03399943244688323,
        0,
        0,
        0.03399943244688323,
        -0.6866587861473047,
        0,
        0,
        0,
        0,
        0.6875,
        0,
        -28.5,
        6.09375,
        112.890625,
        1
      ],
      "mesh": 8
    },
    {
      "matrix": [
        0.6875,
        0,
        0,
        0,
        0,
        0.6875,
        0,
        0,
        0,
        0,
        0.6875,
        0,
        -23.5,
        0.390625,
        102.5,
        1
      ],
      "mesh": 8
    },
    {
      "matrix": [
        1,
        0,
        0,
        0,
        0,
        1,
        0,
        0,
        0,
        0,
        1,
        0,
        -20.5,
        0.390625,
        102.5,
        1
      ],
      "mesh": 8
    },
    {
      "matrix": [
        -0.6242352601339134,
        -0.030908574951712023,
        0,
        0,
        0.030908574951712023,
        -0.6242352601339134,
        0,
        0,
        0,
        0,
        0.625,
        0,
        -66.5,
        3.1796875,
        45.5,
        1
      ],
      "mesh": 9
    },
    {
      "matrix": [
        0.75,
        0,
        0,
        0,
        0,
        0.75,
        0,
        0,
        0,
        0,
        0.75,
        0,
        -38.5,
        0.390625,
        53.5,
        1
      ],
      "mesh": 8
    },
    {
      "matrix": [
        0.4375,
        0,
        0,
        0,
        0,
        0.4375,
        0,
        0,
        0,
        0,
        0.4375,
        0,
        -37.5,
        0.390625,
        54.5,
        1
      ],
      "mesh": 8
    },
    {
      "matrix": [
        0.75,
        0,
        0,
        0,
        0,
        0.75,
        0,
        0,
        0,
        0,
        0.75,
        0,
        -35.5,
        0.390625,
        53.5,
        1
      ],
      "mesh": 8
    },
    {
      "matrix": [
        -1.310894046281218,
        -0.06490800739859526,
        0,
        0,
        0.06490800739859526,
        -1.310894046281218,
        0,
        0,
        0,
        0,
        1.3125,
        0,
        -30.71875,
        4.3515625,
        26.109375,
        1
      ],
      "mesh": 9
    },
    {
      "matrix": [
        -0.8115058381740874,
        -0.04018114743722563,
        0,
        0,
        0.04018114743722563,
        -0.8115058381740874,
        0,
        0,
        0,
        0,
        0.8125,
        0,
        -29.109375,
        4.15625,
        26.5,
        1
      ],
      "mesh": 9
    },
    {
      "matrix": [
        -0.561811734120522,
        -0.02781771745654082,
        0,
        0,
        0.02781771745654082,
        -0.561811734120522,
        0,
        0,
        0,
        0,
        0.5625,
        0,
        -26.5,
        4.15625,
        26.5,
        1
      ],
      "mesh": 9
    },
    {
      "matrix": [
        -1.5605881503347834,
        -0.07727143737928006,
        0,
        0,
        0.07727143737928006,
        -1.5605881503347834,
        0,
        0,
        0,
        0,
        1.5625,
        0,
        -29.5,
        5.9921875,
        7.5,
        1
      ],
      "mesh": 8
    },
    {
      "matrix": [
        -0.6200357386436682,
        0.01534092233239849,
        0.07710602380224563,
        0,
        -0.015459017049996965,
        -0.6248087857831773,
        1.3552527156068805e-19,
        0,
        0.07708243377351974,
        -0.0019071733385862188,
        0.6202254921344394,
        0,
        -50.328125,
        3.1015625,
        9.671875,
        1
      ],
      "mesh": 9
    },
    {
      "matrix": [
        -0.8680500341011355,
        0.021477291265357887,
        0.10794843332314388,
        0,
        -0.021642623869995752,
        -0.8747323000964482,
        1.8973538018496328e-19,
        0,
        0.10791540728292763,
        -0.002670042674020706,
        0.8683156889882151,
        0,
        -49.5,
        3.2578125,
        8.890625,
        1
      ],
      "mesh": 9
    },
    {
      "matrix": [
        0.4375,
        0,
        0,
        0,
        0,
        0.4375,
        0,
        0,
        0,
        0,
        0.4375,
        0,
        -69.5,
        -5.609375,
        23.5,
        1
      ],
      "mesh": 8
    },
    {
      "matrix": [
        1.1875,
        0,
        0,
        0,
        0,
        1.1875,
        0,
        0,
        0,
        0,
        1.1875,
        0,
        -68.5,
        -5.609375,
        25.5,
        1
      ],
      "mesh": 8
    },
    {
      "matrix": [
        1,
        0,
        0,
        0,
        0,
        1,
        0,
        0,
        0,
        0,
        1,
        0,
        -64.5,
        -4.828125,
        26.5,
        1
      ],
      "mesh": 10
    },
    {
      "matrix": [
        -0.5575199348508857,
        -0.027605211999263708,
        0.06939542142202106,
        0,
        0.027817717456540825,
        -0.561811734120522,
        0,
        0,
        0.06931051030956456,
        0.003431861734925088,
        0.5582029429209955,
        0,
        -65.109375,
        3.8828125,
        13.5,
        1
      ],
      "mesh": 8
    },
    {
      "matrix": [
        0.6875,
        0,
        0,
        0,
        0,
        0.6875,
        0,
        0,
        0,
        0,
        0.6875,
        0,
        -65.5,
        -5.609375,
        13.5,
        1
      ],
      "mesh": 8
    },
    {
      "matrix": [
        -0.46540264041050516,
        -0.023044088202846577,
        0.18129906866233353,
        0,
        0.02472685996136962,
        -0.4993882081071307,
        0,
        0,
        0.18107723406154874,
        0.008965913363880511,
        0.4659727971697173,
        0,
        -77.109375,
        6.1328125,
        19.5,
        1
      ],
      "mesh": 8
    },
    {
      "matrix": [
        -0.3490519803078789,
        -0.017283066152134933,
        0.13597430149675016,
        0,
        0.018545144971027216,
        -0.374541156080348,
        0,
        0,
        0.13580792554616156,
        0.006724435022910384,
        0.349479597877288,
        0,
        -79.1484375,
        6.1328125,
        16.5,
        1
      ],
      "mesh": 8
    },
    {
      "matrix": [
        -0.10006139955987342,
        0,
        0.6169381786841526,
        0,
        0,
        0.625,
        0,
        0,
        -0.6169381786841526,
        0,
        -0.10006139955987342,
        0,
        -79.109375,
        0.390625,
        16.5,
        1
      ],
      "mesh": 8
    },
    {
      "matrix": [
        -0.01854845554630269,
        0,
        0.49965583634822763,
        0,
        0,
        0.5,
        0,
        0,
        -0.49965583634822763,
        0,
        -0.01854845554630269,
        0,
        -77.5,
        0.390625,
        19.5,
        1
      ],
      "mesh": 8
    },
    {
      "matrix": [
        0.75,
        0,
        0,
        0,
        0,
        0.75,
        0,
        0,
        0,
        0,
        0.75,
        0,
        -79.5,
        0.390625,
        18.5,
        1
      ],
      "mesh": 8
    },
    {
      "matrix": [
        0.13044885395208455,
        0,
        0.6112348947030001,
        0,
        0,
        0.625,
        0,
        0,
        -0.6112348947030001,
        0,
        0.13044885395208455,
        0,
        -85.5,
        -5.609375,
        20.5,
        1
      ],
      "mesh": 8
    },
    {
      "matrix": [
        -0.4120381393941906,
        0,
        -0.7002719626577759,
        0,
        0,
        0.8125,
        0,
        0,
        0.7002719626577759,
        0,
        -0.4120381393941906,
        0,
        -82.5,
        -5.609375,
        22.5,
        1
      ],
      "mesh": 8
    },
    {
      "matrix": [
        -1.312399608696772,
        -0.016233209558163732,
        0,
        0,
        0.016233209558163732,
        -1.312399608696772,
        0,
        0,
        0,
        0,
        1.3125,
        0,
        -84.5,
        6.0703125,
        22.5,
        1
      ],
      "mesh": 8
    },
    {
      "matrix": [
        1.5,
        0,
        0,
        0,
        0,
        1.5,
        0,
        0,
        0,
        0,
        1.5,
        0,
        -84.5,
        -5.609375,
        22.5,
        1
      ],
      "mesh": 8
    },
    {
      "matrix": [
        1,
        0,
        0,
        0,
        0,
        1,
        0,
        0,
        0,
        0,
        1,
        0,
        -118.5,
        0.5,
        89.5,
        1
      ],
      "mesh": 11
    },
    {
      "matrix": [
        1,
        0,
        0,
        0,
        0,
        1,
        0,
        0,
        0,
        0,
        1,
        0,
        -121.5,
        0.5,
        90.5,
        1
      ],
      "mesh": 12
    },
    {
      "matrix": [
        1,
        0,
        0,
        0,
        0,
        1,
        0,
        0,
        0,
        0,
        1,
        0,
        -121.5,
        0.5,
        94.5,
        1
      ],
      "mesh": 12
    },
    {
      "matrix": [
        1,
        0,
        0,
        0,
        0,
        1,
        0,
        0,
        0,
        0,
        1,
        0,
        -119.5,
        0.5,
        92.5,
        1
      ],
      "mesh": 12
    },
    {
      "matrix": [
        0.9996940572530831,
        0,
        -0.024734427279994954,
        0,
        0,
        1,
        0,
        0,
        0.024734427279994954,
        0,
        0.9996940572530831,
        0,
        -77.5,
        0.5,
        102.5,
        1
      ],
      "mesh": 13
    },
    {
      "matrix": [
        0.9996940572530831,
        0,
        -0.024734427279994954,
        0,
        0,
        1,
        0,
        0,
        0.024734427279994954,
        0,
        0.9996940572530831,
        0,
        -67.5,
        -5.5,
        104.5,
        1
      ],
      "mesh": 12
    },
    {
      "matrix": [
        1,
        0,
        0,
        0,
        0,
        1,
        0,
        0,
        0,
        0,
        1,
        0,
        -65.5,
        -5.5,
        108.5,
        1
      ],
      "mesh": 12
    },
    {
      "matrix": [
        0.9996940572530831,
        0,
        0.024734427279994954,
        0,
        0,
        1,
        0,
        0,
        -0.024734427279994954,
        0,
        0.9996940572530831,
        0,
        -60.5,
        -5.5,
        107.5,
        1
      ],
      "mesh": 12
    },
    {
      "matrix": [
        1,
        0,
        0,
        0,
        0,
        1,
        0,
        0,
        0,
        0,
        1,
        0,
        -56.5,
        0,
        95.5,
        1
      ],
      "mesh": 14
    },
    {
      "matrix": [
        0.9951086591716066,
        0,
        -0.09878641830579414,
        0,
        0,
        1,
        0,
        0,
        0.09878641830579414,
        0,
        0.9951086591716066,
        0,
        -39.5,
        0.5,
        102.5,
        1
      ],
      "mesh": 12
    },
    {
      "matrix": [
        0.9972476383747747,
        0,
        -0.0741427525516462,
        0,
        0,
        1,
        0,
        0,
        0.0741427525516462,
        0,
        0.9972476383747747,
        0,
        -40.5,
        0.5,
        106.5,
        1
      ],
      "mesh": 15
    },
    {
      "matrix": [
        0.9951086591716066,
        0,
        -0.09878641830579414,
        0,
        0,
        1,
        0,
        0,
        0.09878641830579414,
        0,
        0.9951086591716066,
        0,
        -34.5,
        0.5,
        101.5,
        1
      ],
      "mesh": 15
    },
    {
      "matrix": [
        0.9987764162142613,
        0,
        -0.049453719922738996,
        0,
        0,
        1,
        0,
        0,
        0.049453719922738996,
        0,
        0.9987764162142613,
        0,
        -6.5,
        0.5,
        109.5,
        1
      ],
      "mesh": 11
    },
    {
      "matrix": [
        0.9987764162142613,
        0,
        -0.049453719922738996,
        0,
        0,
        1,
        0,
        0,
        0.049453719922738996,
        0,
        0.9987764162142613,
        0,
        -6.5,
        0.5,
        111.5,
        1
      ],
      "mesh": 16
    },
    {
      "matrix": [
        1,
        0,
        0,
        0,
        0,
        1,
        0,
        0,
        0,
        0,
        1,
        0,
        -3.5,
        0.5,
        108.5,
        1
      ],
      "mesh": 16
    },
    {
      "matrix": [
        1,
        0,
        0,
        0,
        0,
        1,
        0,
        0,
        0,
        0,
        1,
        0,
        -91.5,
        0.9765625,
        101.671875,
        1
      ],
      "mesh": 17
    },
    {
      "matrix": [
        1.0625,
        0,
        0,
        0,
        0,
        1.0625,
        0,
        0,
        0,
        0,
        1.0625,
        0,
        -91.5,
        0.390625,
        101.5,
        1
      ],
      "mesh": 18
    },
    {
      "matrix": [
        1,
        0,
        0,
        0,
        0,
        1,
        0,
        0,
        0,
        0,
        1,
        0,
        -100.5,
        0.5,
        122.5,
        1
      ],
      "mesh": 19
    },
    {
      "matrix": [
        1,
        0,
        0,
        0,
        0,
        1,
        0,
        0,
        0,
        0,
        1,
        0,
        -95.5,
        1.28125,
        99.5,
        1
      ],
      "mesh": 19
    },
    {
      "matrix": [
        0.9996940572530831,
        0,
        -0.024734427279994954,
        0,
        0,
        1,
        0,
        0,
        0.024734427279994954,
        0,
        0.9996940572530831,
        0,
        -16.5,
        -5.5,
        92.5,
        1
      ],
      "mesh": 19
    },
    {
      "matrix": [
        0.9996940572530831,
        0,
        -0.024734427279994954,
        0,
        0,
        1,
        0,
        0,
        0.024734427279994954,
        0,
        0.9996940572530831,
        0,
        -64.5,
        -5.5,
        105.5,
        1
      ],
      "mesh": 19
    },
    {
      "matrix": [
        1,
        0,
        0,
        0,
        0,
        1,
        0,
        0,
        0,
        0,
        1,
        0,
        -57.5,
        0.5,
        120.5,
        1
      ],
      "mesh": 19
    },
    {
      "matrix": [
        0.9951086591716066,
        0,
        -0.09878641830579414,
        0,
        0,
        1,
        0,
        0,
        0.09878641830579414,
        0,
        0.9951086591716066,
        0,
        -23.5,
        0.5,
        79.5,
        1
      ],
      "mesh": 19
    },
    {
      "matrix": [
        0.9996940572530831,
        0,
        0.024734427279994954,
        0,
        0,
        1,
        0,
        0,
        -0.024734427279994954,
        0,
        0.9996940572530831,
        0,
        -41.5,
        0.5,
        35.5,
        1
      ],
      "mesh": 19
    },
    {
      "matrix": [
        1,
        0,
        0,
        0,
        0,
        1,
        0,
        0,
        0,
        0,
        1,
        0,
        -11.5,
        0.5,
        23.5,
        1
      ],
      "mesh": 19
    },
    {
      "matrix": [
        1,
        0,
        0,
        0,
        0,
        1,
        0,
        0,
        0,
        0,
        1,
        0,
        -31.5,
        0.5,
        16.5,
        1
      ],
      "mesh": 19
    },
    {
      "matrix": [
        1,
        0,
        0,
        0,
        0,
        1,
        0,
        0,
        0,
        0,
        1,
        0,
        -124.5,
        0.5,
        15.5,
        1
      ],
      "mesh": 19
    },
    {
      "matrix": [
        1,
        0,
        0,
        0,
        0,
        1,
        0,
        0,
        0,
        0,
        1,
        0,
        -75.5,
        0.5,
        16.5,
        1
      ],
      "mesh": 19
    },
    {
      "matrix": [
        0.9996940572530831,
        0,
        -0.024734427279994954,
        0,
        0,
        1,
        0,
        0,
        0.024734427279994954,
        0,
        0.9996940572530831,
        0,
        -63.109375,
        0.5,
        39.84375,
        1
      ],
      "mesh": 19
    },
    {
      "matrix": [
        0.9996940572530831,
        0,
        -0.024734427279994954,
        0,
        0,
        1,
        0,
        0,
        0.024734427279994954,
        0,
        0.9996940572530831,
        0,
        -79.328125,
        0.5,
        25.984375,
        1
      ],
      "mesh": 19
    },
    {
      "matrix": [
        1,
        0,
        0,
        0,
        0,
        1,
        0,
        0,
        0,
        0,
        1,
        0,
        -124.5,
        0.5,
        48.5,
        1
      ],
      "mesh": 19
    },
    {
      "matrix": [
        -0.9987764162142614,
        0,
        0.04945371992273924,
        0,
        0,
        1,
        0,
        0,
        -0.04945371992273924,
        0,
        -0.9987764162142614,
        0,
        -3.015625,
        2.0625,
        94.5,
        1
      ],
      "mesh": 20
    },
    {
      "matrix": [
        1,
        0,
        0,
        0,
        0,
        1,
        0,
        0,
        0,
        0,
        1,
        0,
        -87.75,
        1.75,
        119.5,
        1
      ],
      "mesh": 20
    },
    {
      "matrix": [
        -0.06180296346008407,
        0,
        -0.998088369688552,
        0,
        0,
        1,
        0,
        0,
        0.998088369688552,
        0,
        -0.06180296346008407,
        0,
        -115.5,
        1.75,
        28.75,
        1
      ],
      "mesh": 20
    },
    {
      "matrix": [
        -0.9996940572530832,
        0,
        0.024734427279995138,
        0,
        0,
        1,
        0,
        0,
        -0.024734427279995138,
        0,
        -0.9996940572530832,
        0,
        -96.25,
        2.1015625,
        27.5,
        1
      ],
      "mesh": 20
    },
    {
      "matrix": [
        -0.9996940572530832,
        0,
        0.024734427279995138,
        0,
        0,
        1,
        0,
        0,
        -0.024734427279995138,
        0,
        -0.9996940572530832,
        0,
        -6.25,
        2.1015625,
        27.5,
        1
      ],
      "mesh": 20
    },
    {
      "matrix": [
        -0.9996940572530832,
        0,
        0.024734427279995138,
        0,
        0,
        1,
        0,
        0,
        -0.024734427279995138,
        0,
        -0.9996940572530832,
        0,
        -18.015625,
        2.0625,
        40.5,
        1
      ],
      "mesh": 20
    },
    {
      "matrix": [
        -0.11108652504880467,
        0,
        -0.9938107384973165,
        0,
        0,
        1,
        0,
        0,
        0.9938107384973165,
        0,
        -0.11108652504880467,
        0,
        -20.5,
        1.671875,
        112.75,
        1
      ],
      "mesh": 20
    },
    {
      "matrix": [
        -0.06180296346008407,
        0,
        -0.998088369688552,
        0,
        0,
        1,
        0,
        0,
        0.998088369688552,
        0,
        -0.06180296346008407,
        0,
        -67.5,
        2.6875,
        80.75,
        1
      ],
      "mesh": 20
    },
    {
      "matrix": [
        -1,
        0,
        1.2246467991473532e-16,
        0,
        0,
        1,
        0,
        0,
        -1.2246467991473532e-16,
        0,
        -1,
        0,
        -98.25,
        2.0625,
        53.5,
        1
      ],
      "mesh": 20
    },
    {
      "matrix": [
        1,
        0,
        0,
        0,
        0,
        1,
        0,
        0,
        0,
        0,
        1,
        0,
        -114.90625,
        2.2578125,
        80.5,
        1
      ],
      "mesh": 20
    },
    {
      "matrix": [
        -0.03709691109260538,
        0,
        0.9993116726964553,
        0,
        0,
        1,
        0,
        0,
        -0.9993116726964553,
        0,
        -0.03709691109260538,
        0,
        -96.5,
        2.453125,
        90.015625,
        1
      ],
      "mesh": 20
    },
    {
      "matrix": [
        0.9996940572530831,
        0,
        -0.024734427279994954,
        0,
        0,
        1,
        0,
        0,
        0.024734427279994954,
        0,
        0.9996940572530831,
        0,
        -107.75,
        2.0625,
        104.5,
        1
      ],
      "mesh": 20
    },
    {
      "matrix": [
        0.9996940572530831,
        0,
        0.024734427279994954,
        0,
        0,
        1,
        0,
        0,
        -0.024734427279994954,
        0,
        0.9996940572530831,
        0,
        -95.5,
        5.5390625,
        43.5,
        1
      ],
      "mesh": 21
    },
    {
      "matrix": [
        0.7370451816173639,
        0,
        0.6758434731908174,
        0,
        0,
        1,
        0,
        0,
        -0.6758434731908174,
        0,
        0.7370451816173639,
        0,
        -45.453125,
        4.8359375,
        16.453125,
        1
      ],
      "mesh": 21
    },
    {
      "matrix": [
        0.9987764162142613,
        0,
        -0.049453719922738996,
        0,
        0,
        1,
        0,
        0,
        0.049453719922738996,
        0,
        0.9987764162142613,
        0,
        -39.5,
        5.2265625,
        62.5390625,
        1
      ],
      "mesh": 21
    },
    {
      "matrix": [
        0.7535362892301954,
        0,
        0.6574063133353583,
        0,
        0,
        1,
        0,
        0,
        -0.6574063133353583,
        0,
        0.7535362892301954,
        0,
        -50.6015625,
        5.109375,
        97.65625,
        1
      ],
      "mesh": 21
    },
    {
      "matrix": [
        1,
        0,
        0,
        0,
        0,
        1,
        0,
        0,
        0,
        0,
        1,
        0,
        -107.1484375,
        5.421875,
        87.5,
        1
      ],
      "mesh": 21
    },
    {
      "matrix": [
        1,
        0,
        0,
        0,
        0,
        1,
        0,
        0,
        0,
        0,
        1,
        0,
        -88.7578125,
        5.6171875,
        64.9140625,
        1
      ],
      "mesh": 21
    },
    {
      "matrix": [
        0.992360787415103,
        0,
        -0.12336963808359298,
        0,
        0,
        1,
        0,
        0,
        0.12336963808359298,
        0,
        0.992360787415103,
        0,
        -95.7578125,
        5.6171875,
        64.9140625,
        1
      ],
      "mesh": 21
    },
    {
      "matrix": [
        -0.03709691109260538,
        0,
        0.9993116726964553,
        0,
        0,
        1,
        0,
        0,
        -0.9993116726964553,
        0,
        -0.03709691109260538,
        0,
        -59.3828125,
        2.34375,
        62.9453125,
        1
      ],
      "mesh": 22
    },
    {
      "matrix": [
        0.992360787415103,
        0,
        -0.12336963808359298,
        0,
        0,
        1,
        0,
        0,
        0.12336963808359298,
        0,
        0.992360787415103,
        0,
        -102.203125,
        5.6171875,
        64.9375,
        1
      ],
      "mesh": 21
    },
    {
      "matrix": [
        1,
        0,
        0,
        0,
        0,
        1,
        0,
        0,
        0,
        0,
        1,
        0,
        -65.5,
        0.2734375,
        65.5,
        1
      ],
      "mesh": 23
    },
    {
      "matrix": [
        0.20871816632333529,
        0,
        0.9779758315248002,
        0,
        0,
        1,
        0,
        0,
        -0.9779758315248002,
        0,
        0.20871816632333529,
        0,
        -108.5,
        0.5,
        65.5,
        1
      ],
      "mesh": 24
    },
    {
      "matrix": [
        1,
        0,
        0,
        0,
        0,
        1,
        0,
        0,
        0,
        0,
        1,
        0,
        -121.5,
        0.5,
        118.5,
        1
      ],
      "mesh": 12
    },
    {
      "matrix": [
        0.01236815966336302,
        0,
        0.9999235113880169,
        0,
        0,
        1,
        0,
        0,
        -0.9999235113880169,
        0,
        0.01236815966336302,
        0,
        -97.5,
        0.5,
        94.5,
        1
      ],
      "mesh": 25
    },
    {
      "matrix": [
        -0.45288811357192893,
        0,
        0.8915673595333442,
        0,
        0,
        1,
        0,
        0,
        -0.8915673595333442,
        0,
        -0.45288811357192893,
        0,
        -103.5,
        0.5,
        99.5,
        1
      ],
      "mesh": 25
    },
    {
      "matrix": [
        -0.12336963808359291,
        0,
        0.9923607874151029,
        0,
        0,
        1,
        0,
        0,
        -0.9923607874151029,
        0,
        -0.12336963808359291,
        0,
        -103.5,
        0.5,
        95.5,
        1
      ],
      "mesh": 25
    },
    {
      "matrix": [
        0.36259813732466695,
        0,
        0.9319455943394346,
        0,
        0,
        1,
        0,
        0,
        -0.9319455943394346,
        0,
        0.36259813732466695,
        0,
        -96.5,
        0.5,
        103.5,
        1
      ],
      "mesh": 15
    },
    {
      "matrix": [
        1.3125,
        0,
        0,
        0,
        0,
        1.3125,
        0,
        0,
        0,
        0,
        1.3125,
        0,
        -24.0234375,
        -5.859375,
        10.8828125,
        1
      ],
      "mesh": 18
    },
    {
      "matrix": [
        -1.1228897825361772,
        0,
        0.6795401285250614,
        0,
        0,
        1.3125,
        0,
        0,
        -0.6795401285250614,
        0,
        -1.1228897825361772,
        0,
        -25.9765625,
        -5.859375,
        6.5390625,
        1
      ],
      "mesh": 18
    },
    {
      "matrix": [
        1.1875,
        0,
        0,
        0,
        0,
        1.1875,
        0,
        0,
        0,
        0,
        1.1875,
        0,
        -27.640625,
        -5.859375,
        9.953125,
        1
      ],
      "mesh": 18
    },
    {
      "matrix": [
        1,
        0,
        0,
        0,
        0,
        1,
        0,
        0,
        0,
        0,
        1,
        0,
        -26.5,
        0.5,
        119.5,
        1
      ],
      "mesh": 25
    },
    {
      "matrix": [
        1,
        0,
        0,
        0,
        0,
        1,
        0,
        0,
        0,
        0,
        1,
        0,
        -28.5,
        0.5,
        120.5,
        1
      ],
      "mesh": 12
    },
    {
      "matrix": [
        0.9987764162142613,
        0,
        0.049453719922738996,
        0,
        0,
        1,
        0,
        0,
        -0.049453719922738996,
        0,
        0.9987764162142613,
        0,
        -63.5,
        -5.5,
        116.5,
        1
      ],
      "mesh": 16
    },
    {
      "matrix": [
        0.9996940572530831,
        0,
        -0.024734427279994954,
        0,
        0,
        1,
        0,
        0,
        0.024734427279994954,
        0,
        0.9996940572530831,
        0,
        -68.5,
        -5.5,
        118.5,
        1
      ],
      "mesh": 16
    },
    {
      "matrix": [
        0.9996940572530831,
        0,
        0.024734427279994954,
        0,
        0,
        1,
        0,
        0,
        -0.024734427279994954,
        0,
        0.9996940572530831,
        0,
        -68.5,
        0.5,
        124.5,
        1
      ],
      "mesh": 12
    },
    {
      "matrix": [
        1,
        0,
        0,
        0,
        0,
        1,
        0,
        0,
        0,
        0,
        1,
        0,
        -72.5,
        0.5,
        125.328125,
        1
      ],
      "mesh": 12
    },
    {
      "matrix": [
        1,
        0,
        0,
        0,
        0,
        1,
        0,
        0,
        0,
        0,
        1,
        0,
        -74.5,
        0.5,
        124.5,
        1
      ],
      "mesh": 12
    },
    {
      "matrix": [
        1,
        0,
        0,
        0,
        0,
        1,
        0,
        0,
        0,
        0,
        1,
        0,
        -83.5,
        0.5,
        121.5,
        1
      ],
      "mesh": 12
    },
    {
      "matrix": [
        1,
        0,
        0,
        0,
        0,
        1,
        0,
        0,
        0,
        0,
        1,
        0,
        -86.5,
        0.5,
        121.5,
        1
      ],
      "mesh": 11
    },
    {
      "matrix": [
        1,
        0,
        0,
        0,
        0,
        1,
        0,
        0,
        0,
        0,
        1,
        0,
        -94.5,
        0.5,
        121.5,
        1
      ],
      "mesh": 12
    },
    {
      "matrix": [
        1,
        0,
        0,
        0,
        0,
        1,
        0,
        0,
        0,
        0,
        1,
        0,
        -97.5,
        0.5,
        120.5,
        1
      ],
      "mesh": 12
    },
    {
      "matrix": [
        1,
        0,
        0,
        0,
        0,
        1,
        0,
        0,
        0,
        0,
        1,
        0,
        -99.5,
        0.5,
        118.5,
        1
      ],
      "mesh": 15
    },
    {
      "matrix": [
        1,
        0,
        0,
        0,
        0,
        1,
        0,
        0,
        0,
        0,
        1,
        0,
        -104.5,
        0.5,
        118.5,
        1
      ],
      "mesh": 15
    },
    {
      "matrix": [
        0.9972476383747747,
        0,
        -0.0741427525516462,
        0,
        0,
        1,
        0,
        0,
        0.0741427525516462,
        0,
        0.9972476383747747,
        0,
        -12.5,
        -5.5,
        97.5,
        1
      ],
      "mesh": 13
    },
    {
      "matrix": [
        0.9972476383747747,
        0,
        -0.0741427525516462,
        0,
        0,
        1,
        0,
        0,
        0.0741427525516462,
        0,
        0.9972476383747747,
        0,
        -19.5,
        -5.5,
        97.5,
        1
      ],
      "mesh": 13
    },
    {
      "matrix": [
        0.9996940572530831,
        0,
        -0.024734427279994954,
        0,
        0,
        1,
        0,
        0,
        0.024734427279994954,
        0,
        0.9996940572530831,
        0,
        -11.5,
        -5.5,
        92.5,
        1
      ],
      "mesh": 13
    },
    {
      "matrix": [
        0.9987764162142613,
        0,
        -0.049453719922738996,
        0,
        0,
        1,
        0,
        0,
        0.049453719922738996,
        0,
        0.9987764162142613,
        0,
        -22.5,
        -5.5,
        93.5,
        1
      ],
      "mesh": 13
    },
    {
      "matrix": [
        0.9996940572530831,
        0,
        -0.024734427279994954,
        0,
        0,
        1,
        0,
        0,
        0.024734427279994954,
        0,
        0.9996940572530831,
        0,
        -53.5,
        0.5,
        95.5,
        1
      ],
      "mesh": 16
    },
    {
      "matrix": [
        0.9996940572530831,
        0,
        -0.024734427279994954,
        0,
        0,
        1,
        0,
        0,
        0.024734427279994954,
        0,
        0.9996940572530831,
        0,
        -58.5,
        0.5,
        97.5,
        1
      ],
      "mesh": 16
    },
    {
      "matrix": [
        1,
        0,
        0,
        0,
        0,
        1,
        0,
        0,
        0,
        0,
        1,
        0,
        -90.5,
        0,
        75.5,
        1
      ],
      "mesh": 14
    },
    {
      "matrix": [
        1,
        0,
        0,
        0,
        0,
        1,
        0,
        0,
        0,
        0,
        1,
        0,
        -89.59375,
        0.625,
        73.5,
        1
      ],
      "mesh": 26
    },
    {
      "matrix": [
        1,
        0,
        0,
        0,
        0,
        1,
        0,
        0,
        0,
        0,
        1,
        0,
        -98.5,
        0,
        77.5,
        1
      ],
      "mesh": 14
    },
    {
      "matrix": [
        1,
        0,
        0,
        0,
        0,
        1,
        0,
        0,
        0,
        0,
        1,
        0,
        -104.5,
        0.5,
        80.5,
        1
      ],
      "mesh": 12
    },
    {
      "matrix": [
        1,
        0,
        0,
        0,
        0,
        1,
        0,
        0,
        0,
        0,
        1,
        0,
        -109.5,
        0.5,
        81.5,
        1
      ],
      "mesh": 12
    },
    {
      "matrix": [
        1,
        0,
        0,
        0,
        0,
        1,
        0,
        0,
        0,
        0,
        1,
        0,
        -107.5,
        0.5,
        79.5,
        1
      ],
      "mesh": 15
    },
    {
      "matrix": [
        1,
        0,
        0,
        0,
        0,
        1,
        0,
        0,
        0,
        0,
        1,
        0,
        -10.5,
        0.5,
        63.5,
        1
      ],
      "mesh": 25
    },
    {
      "matrix": [
        1,
        0,
        0,
        0,
        0,
        1,
        0,
        0,
        0,
        0,
        1,
        0,
        -13.5,
        0.5,
        62.5,
        1
      ],
      "mesh": 15
    },
    {
      "matrix": [
        0.9951086591716066,
        0,
        -0.09878641830579414,
        0,
        0,
        1,
        0,
        0,
        0.09878641830579414,
        0,
        0.9951086591716066,
        0,
        -33.5,
        0.5,
        68.5,
        1
      ],
      "mesh": 12
    },
    {
      "matrix": [
        0.9972476383747747,
        0,
        -0.0741427525516462,
        0,
        0,
        1,
        0,
        0,
        0.0741427525516462,
        0,
        0.9972476383747747,
        0,
        -38.5,
        0.5,
        68.5,
        1
      ],
      "mesh": 12
    },
    {
      "matrix": [
        0.9972476383747747,
        0,
        -0.0741427525516462,
        0,
        0,
        1,
        0,
        0,
        0.0741427525516462,
        0,
        0.9972476383747747,
        0,
        -37.5,
        0.5,
        67.5,
        1
      ],
      "mesh": 12
    },
    {
      "matrix": [
        0.9951086591716066,
        0,
        -0.09878641830579414,
        0,
        0,
        1,
        0,
        0,
        0.09878641830579414,
        0,
        0.9951086591716066,
        0,
        -36.5,
        -5.75,
        75.0625,
        1
      ],
      "mesh": 11
    },
    {
      "matrix": [
        0.9996940572530831,
        0,
        0.024734427279994954,
        0,
        0,
        1,
        0,
        0,
        -0.024734427279994954,
        0,
        0.9996940572530831,
        0,
        -6.5,
        0.5,
        40.5,
        1
      ],
      "mesh": 16
    },
    {
      "matrix": [
        0.9996940572530831,
        0,
        0.024734427279994954,
        0,
        0,
        1,
        0,
        0,
        -0.024734427279994954,
        0,
        0.9996940572530831,
        0,
        -10.5,
        0.5,
        39.5,
        1
      ],
      "mesh": 16
    },
    {
      "matrix": [
        1,
        0,
        0,
        0,
        0,
        1,
        0,
        0,
        0,
        0,
        1,
        0,
        -12.5,
        0.5,
        41.5,
        1
      ],
      "mesh": 16
    },
    {
      "matrix": [
        0.9987764162142613,
        0,
        -0.049453719922738996,
        0,
        0,
        1,
        0,
        0,
        0.049453719922738996,
        0,
        0.9987764162142613,
        0,
        -37.5,
        0.5,
        46.5,
        1
      ],
      "mesh": 13
    },
    {
      "matrix": [
        0.9987764162142613,
        0,
        -0.049453719922738996,
        0,
        0,
        1,
        0,
        0,
        0.049453719922738996,
        0,
        0.9987764162142613,
        0,
        -43.5,
        0.5,
        49.5,
        1
      ],
      "mesh": 13
    },
    {
      "matrix": [
        0.9996940572530831,
        0,
        -0.024734427279994954,
        0,
        0,
        1,
        0,
        0,
        0.024734427279994954,
        0,
        0.9996940572530831,
        0,
        -48.5,
        0.5,
        45.5,
        1
      ],
      "mesh": 13
    },
    {
      "matrix": [
        1,
        0,
        0,
        0,
        0,
        1,
        0,
        0,
        0,
        0,
        1,
        0,
        -121.5,
        0,
        43.5,
        1
      ],
      "mesh": 14
    },
    {
      "matrix": [
        1,
        0,
        0,
        0,
        0,
        1,
        0,
        0,
        0,
        0,
        1,
        0,
        -125.5,
        0.6640625,
        44.5,
        1
      ],
      "mesh": 26
    },
    {
      "matrix": [
        1,
        0,
        0,
        0,
        0,
        1,
        0,
        0,
        0,
        0,
        1,
        0,
        -21.5,
        0.5,
        43.71875,
        1
      ],
      "mesh": 25
    },
    {
      "matrix": [
        1,
        0,
        0,
        0,
        0,
        1,
        0,
        0,
        0,
        0,
        1,
        0,
        -26.359375,
        0.5,
        42.9375,
        1
      ],
      "mesh": 25
    },
    {
      "matrix": [
        1,
        0,
        0,
        0,
        0,
        1,
        0,
        0,
        0,
        0,
        1,
        0,
        -19.5,
        0.5,
        36.03125,
        1
      ],
      "mesh": 25
    },
    {
      "matrix": [
        1,
        0,
        0,
        0,
        0,
        1,
        0,
        0,
        0,
        0,
        1,
        0,
        -22.71875,
        0.5,
        37.984375,
        1
      ],
      "mesh": 25
    },
    {
      "matrix": [
        1,
        0,
        0,
        0,
        0,
        1,
        0,
        0,
        0,
        0,
        1,
        0,
        -29.5,
        -5.5,
        44.5,
        1
      ],
      "mesh": 13
    },
    {
      "matrix": [
        1,
        0,
        0,
        0,
        0,
        1,
        0,
