{
  "asset": {
    "version": "2.0",
    "generator": "THREE.GLTFExporter"
  },
  "scenes": [
    {
      "nodes": [
        454
      ]
    }
  ],
  "scene": 0,
  "nodes": [
    {
      "mesh": 0
    },
    {
      "mesh": 1
    },
    {
      "mesh": 2
    },
    {
      "mesh": 3
    },
    {
      "mesh": 4
    },
    {
      "mesh": 5
    },
    {
      "mesh": 6
    },
    {
      "mesh": 7
    },
    {
      "mesh": 8
    },
    {
      "mesh": 9
    },
    {
      "mesh": 10
    },
    {
      "mesh": 11
    },
    {
      "mesh": 12
    },
    {
      "mesh": 13
    },
    {
      "mesh": 14
    },
    {
      "mesh": 15
    },
    {
      "matrix": [
        0.9987764162142613,
        0,
        -0.049453719922738996,
        0,
        0,
        1,
        0,
        0,
        0.049453719922738996,
        0,
        0.9987764162142613,
        0,
        -98.5,
        0.5,
        6.5,
        1
      ],
      "mesh": 16
    },
    {
      "matrix": [
        0.9996940572530831,
        0,
        -0.024734427279994954,
        0,
        0,
        1,
        0,
        0,
        0.024734427279994954,
        0,
        0.9996940572530831,
        0,
        -97.9375,
        0.5,
        11.015625,
        1
      ],
      "mesh": 16
    },
    {
      "matrix": [
        0.9890057044881307,
        0,
        -0.14787736976946894,
        0,
        0,
        1,
        0,
        0,
        0.14787736976946894,
        0,
        0.9890057044881307,
        0,
        -99.5,
        0.5,
        32.5,
        1
      ],
      "mesh": 16
    },
    {
      "matrix": [
        0.9987764162142613,
        0,
        -0.049453719922738996,
        0,
        0,
        1,
        0,
        0,
        0.049453719922738996,
        0,
        0.9987764162142613,
        0,
        -99.5,
        0.5,
        38.5,
        1
      ],
      "mesh": 17
    },
    {
      "matrix": [
        0.9987764162142613,
        0,
        -0.049453719922738996,
        0,
        0,
        1,
        0,
        0,
        0.049453719922738996,
        0,
        0.9987764162142613,
        0,
        -98.5,
        0.5,
        41.5,
        1
      ],
      "mesh": 17
    },
    {
      "matrix": [
        1,
        0,
        0,
        0,
        0,
        1,
        0,
        0,
        0,
        0,
        1,
        0,
        -99.5,
        0.5,
        46.5,
        1
      ],
      "mesh": 18
    },
    {
      "matrix": [
        1,
        0,
        0,
        0,
        0,
        1,
        0,
        0,
        0,
        0,
        1,
        0,
        -23.109375,
        0.1953125,
        99.375,
        1
      ],
      "mesh": 19
    },
    {
      "matrix": [
        1,
        0,
        0,
        0,
        0,
        1,
        0,
        0,
        0,
        0,
        1,
        0,
        -23.1640625,
        -2.8046875,
        92.1796875,
        1
      ],
      "mesh": 19
    },
    {
      "matrix": [
        -0.024734427279994975,
        0,
        0.9996940572530831,
        0,
        0,
        1,
        0,
        0,
        -0.9996940572530831,
        0,
        -0.024734427279994975,
        0,
        -13.71875,
        0.3125,
        62.5,
        1
      ],
      "mesh": 19
    },
    {
      "matrix": [
        -0.9996940572530832,
        0,
        0.024734427279995138,
        0,
        0,
        1,
        0,
        0,
        -0.024734427279995138,
        0,
        -0.9996940572530832,
        0,
        -15.5546875,
        2.1875,
        111.0703125,
        1
      ],
      "mesh": 20
    },
    {
      "matrix": [
        -0.012368159663362688,
        0,
        0.9999235113880167,
        0,
        0,
        1,
        0,
        0,
        -0.9999235113880167,
        0,
        -0.012368159663362688,
        0,
        -2.640625,
        0.2734375,
        10.234375,
        1
      ],
      "mesh": 21
    },
    {
      "matrix": [
        0.9972476383747747,
        0,
        -0.0741427525516462,
        0,
        0,
        1,
        0,
        0,
        0.0741427525516462,
        0,
        0.9972476383747747,
        0,
        -18.46875,
        -2.5,
        85.5,
        1
      ],
      "mesh": 16
    },
    {
      "matrix": [
        -0.4638805202420895,
        0,
        0.8858977722852275,
        0,
        0,
        1,
        0,
        0,
        -0.8858977722852275,
        0,
        -0.4638805202420895,
        0,
        -21.03125,
        -2.5,
        86.796875,
        1
      ],
      "mesh": 16
    },
    {
      "matrix": [
        -0.9406291296038438,
        0,
        -0.3394360625224066,
        0,
        0,
        1,
        0,
        0,
        0.3394360625224066,
        0,
        -0.9406291296038438,
        0,
        -27.71875,
        -1,
        92.484375,
        1
      ],
      "mesh": 16
    },
    {
      "matrix": [
        0.9406291296038439,
        0,
        0.3394360625224065,
        0,
        0,
        1,
        0,
        0,
        -0.3394360625224065,
        0,
        0.9406291296038439,
        0,
        -48.5,
        -2.5,
        83.5,
        1
      ],
      "mesh": 16
    },
    {
      "matrix": [
        -0.5897847131705194,
        0,
        0.8075605191627239,
        0,
        0,
        1,
        0,
        0,
        -0.8075605191627239,
        0,
        -0.5897847131705194,
        0,
        -48.421875,
        -2.5,
        90.5,
        1
      ],
      "mesh": 16
    },
    {
      "matrix": [
        -0.9226918150848067,
        0,
        -0.38553834358660755,
        0,
        0,
        1,
        0,
        0,
        0.38553834358660755,
        0,
        -0.9226918150848067,
        0,
        -51.5,
        -2.5,
        89.5,
        1
      ],
      "mesh": 16
    },
    {
      "matrix": [
        0.37409685460479325,
        0,
        0.9273896394584102,
        0,
        0,
        1,
        0,
        0,
        -0.9273896394584102,
        0,
        0.37409685460479325,
        0,
        -35.5,
        -2.5,
        71.671875,
        1
      ],
      "mesh": 18
    },
    {
      "matrix": [
        0.30430798422073635,
        0,
        -0.9525736983244456,
        0,
        0,
        1,
        0,
        0,
        0.9525736983244456,
        0,
        0.30430798422073635,
        0,
        -37.5,
        -1.75,
        65.5,
        1
      ],
      "mesh": 16
    },
    {
      "matrix": [
        0.48565077338758356,
        0,
        0.8741529192927527,
        0,
        0,
        1,
        0,
        0,
        -0.8741529192927527,
        0,
        0.48565077338758356,
        0,
        -27.5,
        -1.75,
        69.5,
        1
      ],
      "mesh": 16
    },
    {
      "matrix": [
        0.18446463842775596,
        0,
        0.9828391512194238,
        0,
        0,
        1,
        0,
        0,
        -0.9828391512194238,
        0,
        0.18446463842775596,
        0,
        -16.2890625,
        0.5,
        63.5,
        1
      ],
      "mesh": 18
    },
    {
      "matrix": [
        -0.3510439507880774,
        0,
        0.9363589827705492,
        0,
        0,
        1,
        0,
        0,
        -0.9363589827705492,
        0,
        -0.3510439507880774,
        0,
        -35.5,
        0.5,
        96.5,
        1
      ],
      "mesh": 16
    },
    {
      "matrix": [
        1,
        0,
        0,
        0,
        0,
        1,
        0,
        0,
        0,
        0,
        1,
        0,
        -57.5,
        0.5,
        74.5,
        1
      ],
      "mesh": 16
    },
    {
      "matrix": [
        -0.03709691109260538,
        0,
        -0.9993116726964553,
        0,
        0,
        1,
        0,
        0,
        0.9993116726964553,
        0,
        -0.03709691109260538,
        0,
        -2.03125,
        2.734375,
        7.890625,
        1
      ],
      "mesh": 22
    },
    {
      "matrix": [
        -0.03709691109260538,
        0,
        0.9993116726964553,
        0,
        0,
        1,
        0,
        0,
        -0.9993116726964553,
        0,
        -0.03709691109260538,
        0,
        -39.96875,
        2.734375,
        11.5,
        1
      ],
      "mesh": 22
    },
    {
      "matrix": [
        1,
        0,
        0,
        0,
        0,
        1,
        0,
        0,
        0,
        0,
        1,
        0,
        -33.5,
        2.734375,
        18.96875,
        1
      ],
      "mesh": 22
    },
    {
      "matrix": [
        -0.03709691109260538,
        0,
        -0.9993116726964553,
        0,
        0,
        1,
        0,
        0,
        0.9993116726964553,
        0,
        -0.03709691109260538,
        0,
        -27.03125,
        2.734375,
        11.5,
        1
      ],
      "mesh": 22
    },
    {
      "matrix": [
        1,
        0,
        0,
        0,
        0,
        1,
        0,
        0,
        0,
        0,
        1,
        0,
        -38.5,
        2.7734375,
        53.96875,
        1
      ],
      "mesh": 22
    },
    {
      "matrix": [
        1,
        0,
        0,
        0,
        0,
        1,
        0,
        0,
        0,
        0,
        1,
        0,
        -58.96875,
        13.671875,
        23.96875,
        1
      ],
      "mesh": 22
    },
    {
      "matrix": [
        1,
        0,
        0,
        0,
        0,
        1,
        0,
        0,
        0,
        0,
        1,
        0,
        -73.96875,
        13.671875,
        23.96875,
        1
      ],
      "mesh": 22
    },
    {
      "matrix": [
        0.024734427279994975,
        0,
        -0.9996940572530831,
        0,
        0,
        1,
        0,
        0,
        0.9996940572530831,
        0,
        0.024734427279994975,
        0,
        -51.03125,
        13.671875,
        24.96875,
        1
      ],
      "mesh": 22
    },
    {
      "matrix": [
        -0.06180296346008407,
        0,
        0.998088369688552,
        0,
        0,
        1,
        0,
        0,
        -0.998088369688552,
        0,
        -0.06180296346008407,
        0,
        -81.96875,
        13.671875,
        24.96875,
        1
      ],
      "mesh": 22
    },
    {
      "matrix": [
        -0.9972476383747746,
        0,
        -0.07414275255164605,
        0,
        0,
        1,
        0,
        0,
        0.07414275255164605,
        0,
        -0.9972476383747746,
        0,
        -73.1640625,
        13.671875,
        3.015625,
        1
      ],
      "mesh": 22
    },
    {
      "matrix": [
        -0.9972476383747746,
        0,
        -0.07414275255164605,
        0,
        0,
        1,
        0,
        0,
        0.07414275255164605,
        0,
        -0.9972476383747746,
        0,
        -60.1640625,
        13.671875,
        3.015625,
        1
      ],
      "mesh": 22
    },
    {
      "matrix": [
        0.08647119949074578,
        0,
        -0.996254350885672,
        0,
        0,
        1,
        0,
        0,
        0.996254350885672,
        0,
        0.08647119949074578,
        0,
        -96.015625,
        2.734375,
        8.3046875,
        1
      ],
      "mesh": 22
    },
    {
      "matrix": [
        0.08647119949074578,
        0,
        -0.996254350885672,
        0,
        0,
        1,
        0,
        0,
        0.996254350885672,
        0,
        0.08647119949074578,
        0,
        -96.015625,
        2.734375,
        15.34375,
        1
      ],
      "mesh": 22
    },
    {
      "matrix": [
        0.08647119949074578,
        0,
        -0.996254350885672,
        0,
        0,
        1,
        0,
        0,
        0.996254350885672,
        0,
        0.08647119949074578,
        0,
        -96.015625,
        2.734375,
        22.421875,
        1
      ],
      "mesh": 22
    },
    {
      "matrix": [
        0.08647119949074578,
        0,
        -0.996254350885672,
        0,
        0,
        1,
        0,
        0,
        0.996254350885672,
        0,
        0.08647119949074578,
        0,
        -96.015625,
        2.734375,
        31.3828125,
        1
      ],
      "mesh": 22
    },
    {
      "matrix": [
        0.08647119949074578,
        0,
        -0.996254350885672,
        0,
        0,
        1,
        0,
        0,
        0.996254350885672,
        0,
        0.08647119949074578,
        0,
        -96.015625,
        2.734375,
        39.484375,
        1
      ],
      "mesh": 22
    },
    {
      "matrix": [
        -0.03709691109260538,
        0,
        0.9993116726964553,
        0,
        0,
        1,
        0,
        0,
        -0.9993116726964553,
        0,
        -0.03709691109260538,
        0,
        -94.984375,
        2.734375,
        39.5,
        1
      ],
      "mesh": 22
    },
    {
      "matrix": [
        -0.03709691109260538,
        0,
        0.9993116726964553,
        0,
        0,
        1,
        0,
        0,
        -0.9993116726964553,
        0,
        -0.03709691109260538,
        0,
        -94.984375,
        2.734375,
        31.5,
        1
      ],
      "mesh": 22
    },
    {
      "matrix": [
        -0.03709691109260538,
        0,
        0.9993116726964553,
        0,
        0,
        1,
        0,
        0,
        -0.9993116726964553,
        0,
        -0.03709691109260538,
        0,
        -94.984375,
        2.734375,
        22.5,
        1
      ],
      "mesh": 22
    },
    {
      "matrix": [
        -0.03709691109260538,
        0,
        0.9993116726964553,
        0,
        0,
        1,
        0,
        0,
        -0.9993116726964553,
        0,
        -0.03709691109260538,
        0,
        -94.984375,
        2.734375,
        15.5,
        1
      ],
      "mesh": 22
    },
    {
      "matrix": [
        -0.03709691109260538,
        0,
        0.9993116726964553,
        0,
        0,
        1,
        0,
        0,
        -0.9993116726964553,
        0,
        -0.03709691109260538,
        0,
        -94.984375,
        2.734375,
        8.5,
        1
      ],
      "mesh": 22
    },
    {
      "matrix": [
        1,
        0,
        0,
        0,
        0,
        1,
        0,
        0,
        0,
        0,
        1,
        0,
        -108.5,
        2.8125,
        38.96875,
        1
      ],
      "mesh": 22
    },
    {
      "matrix": [
        -0.03709691109260538,
        0,
        0.9993116726964553,
        0,
        0,
        1,
        0,
        0,
        -0.9993116726964553,
        0,
        -0.03709691109260538,
        0,
        -109.96875,
        2.734375,
        26.5,
        1
      ],
      "mesh": 22
    },
    {
      "matrix": [
        -0.03709691109260538,
        0,
        0.9993116726964553,
        0,
        0,
        1,
        0,
        0,
        -0.9993116726964553,
        0,
        -0.03709691109260538,
        0,
        -109.96875,
        2.734375,
        17.5,
        1
      ],
      "mesh": 22
    },
    {
      "matrix": [
        -0.03709691109260538,
        0,
        0.9993116726964553,
        0,
        0,
        1,
        0,
        0,
        -0.9993116726964553,
        0,
        -0.03709691109260538,
        0,
        -109.96875,
        2.734375,
        7.5,
        1
      ],
      "mesh": 22
    },
    {
      "matrix": [
        -0.03709691109260538,
        0,
        0.9993116726964553,
        0,
        0,
        1,
        0,
        0,
        -0.9993116726964553,
        0,
        -0.03709691109260538,
        0,
        -113.96875,
        2.734375,
        12.5,
        1
      ],
      "mesh": 22
    },
    {
      "matrix": [
        -0.03709691109260538,
        0,
        0.9993116726964553,
        0,
        0,
        1,
        0,
        0,
        -0.9993116726964553,
        0,
        -0.03709691109260538,
        0,
        -113.96875,
        2.734375,
        21.5,
        1
      ],
      "mesh": 22
    },
    {
      "matrix": [
        -0.03709691109260538,
        0,
        0.9993116726964553,
        0,
        0,
        1,
        0,
        0,
        -0.9993116726964553,
        0,
        -0.03709691109260538,
        0,
        -113.96875,
        2.734375,
        28.5,
        1
      ],
      "mesh": 22
    },
    {
      "matrix": [
        -0.03709691109260538,
        0,
        0.9993116726964553,
        0,
        0,
        1,
        0,
        0,
        -0.9993116726964553,
        0,
        -0.03709691109260538,
        0,
        -117.96875,
        2.734375,
        16.5,
        1
      ],
      "mesh": 22
    },
    {
      "matrix": [
        -0.03709691109260538,
        0,
        0.9993116726964553,
        0,
        0,
        1,
        0,
        0,
        -0.9993116726964553,
        0,
        -0.03709691109260538,
        0,
        -117.96875,
        2.734375,
        27.5,
        1
      ],
      "mesh": 22
    },
    {
      "matrix": [
        -0.9828391512194239,
        0,
        -0.18446463842775582,
        0,
        0,
        1,
        0,
        0,
        0.18446463842775582,
        0,
        -0.9828391512194239,
        0,
        -114.5,
        2.734375,
        32.03125,
        1
      ],
      "mesh": 22
    },
    {
      "matrix": [
        -0.9828391512194239,
        0,
        -0.18446463842775582,
        0,
        0,
        1,
        0,
        0,
        0.18446463842775582,
        0,
        -0.9828391512194239,
        0,
        -114.5,
        2.734375,
        36.03125,
        1
      ],
      "mesh": 22
    },
    {
      "matrix": [
        -0.03709691109260538,
        0,
        0.9993116726964553,
        0,
        0,
        1,
        0,
        0,
        -0.9993116726964553,
        0,
        -0.03709691109260538,
        0,
        -121.96875,
        2.734375,
        32.5,
        1
      ],
      "mesh": 22
    },
    {
      "matrix": [
        -0.03709691109260538,
        0,
        0.9993116726964553,
        0,
        0,
        1,
        0,
        0,
        -0.9993116726964553,
        0,
        -0.03709691109260538,
        0,
        -121.96875,
        2.734375,
        21.5,
        1
      ],
      "mesh": 22
    },
    {
      "matrix": [
        -0.03709691109260538,
        0,
        0.9993116726964553,
        0,
        0,
        1,
        0,
        0,
        -0.9993116726964553,
        0,
        -0.03709691109260538,
        0,
        -121.96875,
        2.734375,
        11.5,
        1
      ],
      "mesh": 22
    },
    {
      "matrix": [
        -0.9828391512194239,
        0,
        -0.18446463842775582,
        0,
        0,
        1,
        0,
        0,
        0.18446463842775582,
        0,
        -0.9828391512194239,
        0,
        -116.5,
        2.734375,
        6.03125,
        1
      ],
      "mesh": 22
    },
    {
      "matrix": [
        -0.9828391512194239,
        0,
        -0.18446463842775582,
        0,
        0,
        1,
        0,
        0,
        0.18446463842775582,
        0,
        -0.9828391512194239,
        0,
        -116.5,
        2.734375,
        2.03125,
        1
      ],
      "mesh": 22
    },
    {
      "matrix": [
        -0.03709691109260538,
        0,
        0.9993116726964553,
        0,
        0,
        1,
        0,
        0,
        -0.9993116726964553,
        0,
        -0.03709691109260538,
        0,
        -125.96875,
        2.734375,
        14.5,
        1
      ],
      "mesh": 22
    },
    {
      "matrix": [
        -0.03709691109260538,
        0,
        0.9993116726964553,
        0,
        0,
        1,
        0,
        0,
        -0.9993116726964553,
        0,
        -0.03709691109260538,
        0,
        -125.96875,
        2.734375,
        23.5,
        1
      ],
      "mesh": 22
    },
    {
      "matrix": [
        -0.03709691109260538,
        0,
        0.9993116726964553,
        0,
        0,
        1,
        0,
        0,
        -0.9993116726964553,
        0,
        -0.03709691109260538,
        0,
        -125.96875,
        2.734375,
        32.5,
        1
      ],
      "mesh": 22
    },
    {
      "matrix": [
        -0.03709691109260538,
        0,
        0.9993116726964553,
        0,
        0,
        1,
        0,
        0,
        -0.9993116726964553,
        0,
        -0.03709691109260538,
        0,
        -125.96875,
        2.734375,
        40.5,
        1
      ],
      "mesh": 22
    },
    {
      "matrix": [
        0.08647119949074578,
        0,
        -0.996254350885672,
        0,
        0,
        1,
        0,
        0,
        0.996254350885672,
        0,
        0.08647119949074578,
        0,
        -116.03125,
        2.734375,
        43.5,
        1
      ],
      "mesh": 22
    },
    {
      "matrix": [
        -0.9951086591716065,
        0,
        -0.09878641830579406,
        0,
        0,
        1,
        0,
        0,
        0.09878641830579406,
        0,
        -0.9951086591716065,
        0,
        -111.5,
        2.8125,
        47.03125,
        1
      ],
      "mesh": 22
    },
    {
      "matrix": [
        -0.9951086591716065,
        0,
        -0.09878641830579406,
        0,
        0,
        1,
        0,
        0,
        0.09878641830579406,
        0,
        -0.9951086591716065,
        0,
        -95.5,
        2.8125,
        2.03125,
        1
      ],
      "mesh": 22
    },
    {
      "matrix": [
        0.08647119949074578,
        0,
        -0.996254350885672,
        0,
        0,
        1,
        0,
        0,
        0.996254350885672,
        0,
        0.08647119949074578,
        0,
        -103.03125,
        2.734375,
        10.5,
        1
      ],
      "mesh": 22
    },
    {
      "matrix": [
        0.08647119949074578,
        0,
        -0.996254350885672,
        0,
        0,
        1,
        0,
        0,
        0.996254350885672,
        0,
        0.08647119949074578,
        0,
        -103.03125,
        2.734375,
        25.5,
        1
      ],
      "mesh": 22
    },
    {
      "matrix": [
        0.08647119949074578,
        0,
        -0.996254350885672,
        0,
        0,
        1,
        0,
        0,
        0.996254350885672,
        0,
        0.08647119949074578,
        0,
        -103.03125,
        2.734375,
        41.5,
        1
      ],
      "mesh": 22
    },
    {
      "matrix": [
        -0.03709691109260538,
        0,
        0.9993116726964553,
        0,
        0,
        1,
        0,
        0,
        -0.9993116726964553,
        0,
        -0.03709691109260538,
        0,
        -62.96875,
        2.7734375,
        73.5,
        1
      ],
      "mesh": 22
    },
    {
      "matrix": [
        -0.03709691109260538,
        0,
        0.9993116726964553,
        0,
        0,
        1,
        0,
        0,
        -0.9993116726964553,
        0,
        -0.03709691109260538,
        0,
        -62.96875,
        2.7734375,
        84.5,
        1
      ],
      "mesh": 22
    },
    {
      "matrix": [
        0.07414275255164626,
        0,
        -0.9972476383747747,
        0,
        0,
        1,
        0,
        0,
        0.9972476383747747,
        0,
        0.07414275255164626,
        0,
        -64.03125,
        2.7734375,
        63.5,
        1
      ],
      "mesh": 22
    },
    {
      "matrix": [
        -0.03709691109260538,
        0,
        0.9993116726964553,
        0,
        0,
        1,
        0,
        0,
        -0.9993116726964553,
        0,
        -0.03709691109260538,
        0,
        -68.96875,
        2.7734375,
        74.5,
        1
      ],
      "mesh": 22
    },
    {
      "matrix": [
        -0.03709691109260538,
        0,
        0.9993116726964553,
        0,
        0,
        1,
        0,
        0,
        -0.9993116726964553,
        0,
        -0.03709691109260538,
        0,
        -68.96875,
        2.7734375,
        83.5,
        1
      ],
      "mesh": 22
    },
    {
      "matrix": [
        0.07414275255164626,
        0,
        -0.9972476383747747,
        0,
        0,
        1,
        0,
        0,
        0.9972476383747747,
        0,
        0.07414275255164626,
        0,
        -64.03125,
        2.7734375,
        94.5,
        1
      ],
      "mesh": 22
    },
    {
      "matrix": [
        -0.9999235113880167,
        0,
        0.012368159663362844,
        0,
        0,
        1,
        0,
        0,
        -0.012368159663362844,
        0,
        -0.9999235113880167,
        0,
        -83.0859375,
        2.3828125,
        61.03125,
        1
      ],
      "mesh": 22
    },
    {
      "matrix": [
        -0.9999235113880167,
        0,
        0.012368159663362844,
        0,
        0,
        1,
        0,
        0,
        -0.012368159663362844,
        0,
        -0.9999235113880167,
        0,
        -95.0859375,
        2.3828125,
        61.03125,
        1
      ],
      "mesh": 22
    },
    {
      "matrix": [
        -0.9999235113880167,
        0,
        0.012368159663362844,
        0,
        0,
        1,
        0,
        0,
        -0.012368159663362844,
        0,
        -0.9999235113880167,
        0,
        -107.0859375,
        2.3828125,
        61.03125,
        1
      ],
      "mesh": 22
    },
    {
      "matrix": [
        1,
        0,
        0,
        0,
        0,
        1,
        0,
        0,
        0,
        0,
        1,
        0,
        -105.9296875,
        2.734375,
        97.96875,
        1
      ],
      "mesh": 22
    },
    {
      "matrix": [
        1,
        0,
        0,
        0,
        0,
        1,
        0,
        0,
        0,
        0,
        1,
        0,
        -93.9296875,
        2.734375,
        97.96875,
        1
      ],
      "mesh": 22
    },
    {
      "matrix": [
        1,
        0,
        0,
        0,
        0,
        1,
        0,
        0,
        0,
        0,
        1,
        0,
        -81.9296875,
        2.734375,
        97.96875,
        1
      ],
      "mesh": 22
    },
    {
      "matrix": [
        -0.990759027734458,
        0,
        -0.13563387837362587,
        0,
        0,
        1,
        0,
        0,
        0.13563387837362587,
        0,
        -0.990759027734458,
        0,
        -122.9296875,
        2.734375,
        44.03125,
        1
      ],
      "mesh": 22
    },
    {
      "matrix": [
        0.06180296346008418,
        0,
        -0.9980883696885519,
        0,
        0,
        1,
        0,
        0,
        0.9980883696885519,
        0,
        0.06180296346008418,
        0,
        -120.03125,
        2.734375,
        60.5,
        1
      ],
      "mesh": 22
    },
    {
      "matrix": [
        0.06180296346008418,
        0,
        -0.9980883696885519,
        0,
        0,
        1,
        0,
        0,
        0.9980883696885519,
        0,
        0.06180296346008418,
        0,
        -120.03125,
        2.734375,
        74.5,
        1
      ],
      "mesh": 22
    },
    {
      "matrix": [
        0.06180296346008418,
        0,
        -0.9980883696885519,
        0,
        0,
        1,
        0,
        0,
        0.9980883696885519,
        0,
        0.06180296346008418,
        0,
        -120.03125,
        2.734375,
        86.5,
        1
      ],
      "mesh": 22
    },
    {
      "matrix": [
        -0.024734427279994975,
        0,
        -0.9996940572530831,
        0,
        0,
        1,
        0,
        0,
        0.9996940572530831,
        0,
        -0.024734427279994975,
        0,
        -120.03125,
        2.734375,
        103.421875,
        1
      ],
      "mesh": 22
    },
    {
      "matrix": [
        1,
        0,
        0,
        0,
        0,
        1,
        0,
        0,
        0,
        0,
        1,
        0,
        -15.5,
        2.734375,
        103.96875,
        1
      ],
      "mesh": 22
    },
    {
      "matrix": [
        1,
        0,
        0,
        0,
        0,
        1,
        0,
        0,
        0,
        0,
        1,
        0,
        -29.5,
        2.734375,
        103.96875,
        1
      ],
      "mesh": 22
    },
    {
      "matrix": [
        1,
        0,
        0,
        0,
        0,
        1,
        0,
        0,
        0,
        0,
        1,
        0,
        -48.5,
        2.734375,
        103.96875,
        1
      ],
      "mesh": 22
    },
    {
      "matrix": [
        1,
        0,
        0,
        0,
        0,
        1,
        0,
        0,
        0,
        0,
        1,
        0,
        -60.5,
        2.734375,
        103.96875,
        1
      ],
      "mesh": 22
    },
    {
      "matrix": [
        1,
        0,
        0,
        0,
        0,
        1,
        0,
        0,
        0,
        0,
        1,
        0,
        -80.5,
        2.734375,
        103.96875,
        1
      ],
      "mesh": 22
    },
    {
      "matrix": [
        -0.06180296346008407,
        0,
        0.998088369688552,
        0,
        0,
        1,
        0,
        0,
        -0.998088369688552,
        0,
        -0.06180296346008407,
        0,
        -16.984375,
        2.734375,
        113.4765625,
        1
      ],
      "mesh": 22
    },
    {
      "matrix": [
        -0.03709691109260538,
        0,
        0.9993116726964553,
        0,
        0,
        1,
        0,
        0,
        -0.9993116726964553,
        0,
        -0.03709691109260538,
        0,
        -16.984375,
        2.734375,
        119.515625,
        1
      ],
      "mesh": 22
    },
    {
      "matrix": [
        1,
        0,
        0,
        0,
        0,
        1,
        0,
        0,
        0,
        0,
        1,
        0,
        -73.5,
        10.5078125,
        3.6953125,
        1
      ],
      "mesh": 23
    },
    {
      "matrix": [
        1,
        0,
        0,
        0,
        0,
        1,
        0,
        0,
        0,
        0,
        1,
        0,
        -67.890625,
        10.5078125,
        6.4296875,
        1
      ],
      "mesh": 23
    },
    {
      "matrix": [
        1,
        0,
        0,
        0,
        0,
        1,
        0,
        0,
        0,
        0,
        1,
        0,
        -65.109375,
        10.5078125,
        6.4296875,
        1
      ],
      "mesh": 23
    },
    {
      "matrix": [
        1,
        0,
        0,
        0,
        0,
        1,
        0,
        0,
        0,
        0,
        1,
        0,
        -59.5,
        10.5078125,
        3.6953125,
        1
      ],
      "mesh": 23
    },
    {
      "matrix": [
        0.5,
        0,
        0,
        0,
        0,
        0.5,
        0,
        0,
        0,
        0,
        0.5,
        0,
        -96.421875,
        1.875,
        49.359375,
        1
      ],
      "mesh": 24
    },
    {
      "matrix": [
        0.044932134168838234,
        0.2770333929012075,
        0.9598091490169693,
        0,
        0.9871010858946443,
        -0.16009823929579747,
        0,
        0,
        0.15366375481761446,
        0.9474286532462647,
        -0.2806535185300931,
        0,
        -96.4609375,
        0.625,
        44.71875,
        1
      ],
      "mesh": 25
    },
    {
      "matrix": [
        0.9695598647982466,
        0,
        -0.2448543823835012,
        0,
        0,
        1,
        0,
        0,
        0.2448543823835012,
        0,
        0.9695598647982466,
        0,
        -96.2265625,
        0.1171875,
        38.546875,
        1
      ],
      "mesh": 25
    },
    {
      "matrix": [
        0.625,
        0,
        0,
        0,
        0,
        0.625,
        0,
        0,
        0,
        0,
        0.625,
        0,
        -101.34375,
        1.640625,
        33.59375,
        1
      ],
      "mesh": 24
    },
    {
      "matrix": [
        0.625,
        0,
        0,
        0,
        0,
        0.625,
        0,
        0,
        0,
        0,
        0.625,
        0,
        -98.3359375,
        1.1328125,
        25.65625,
        1
      ],
      "mesh": 25
    },
    {
      "matrix": [
        0.3850405399991449,
        0,
        -0.2077258591441299,
        0,
        0,
        0.4375,
        0,
        0,
        0.2077258591441299,
        0,
        0.3850405399991449,
        0,
        -98.765625,
        1.1328125,
        25.3984375,
        1
      ],
      "mesh": 25
    },
    {
      "matrix": [
        1,
        0,
        0,
        0,
        0,
        1,
        0,
        0,
        0,
        0,
        1,
        0,
        -96.5,
        0.1171875,
        7.5,
        1
      ],
      "mesh": 24
    },
    {
      "matrix": [
        1,
        0,
        0,
        0,
        0,
        1,
        0,
        0,
        0,
        0,
        1,
        0,
        -94.5,
        0.1171875,
        7.671875,
        1
      ],
      "mesh": 25
    },
    {
      "matrix": [
        -0.13044697295680163,
        -0.8042833526696271,
        -0.5797515639176074,
        0,
        0.9871010858946441,
        -0.16009823929579747,
        0,
        0,
        -0.09281720461219398,
        -0.5722733982921885,
        0.8147933014790244,
        0,
        -94.5,
        0.6640625,
        10.5,
        1
      ],
      "mesh": 25
    },
    {
      "matrix": [
        1,
        0,
        0,
        0,
        0,
        1,
        0,
        0,
        0,
        0,
        1,
        0,
        -94.5,
        0.1171875,
        14.5,
        1
      ],
      "mesh": 24
    },
    {
      "matrix": [
        0.19521059012464592,
        -0.39636273239021047,
        0.8971005572818213,
        0,
        0.8971005572818213,
        0.44182642533538663,
        0,
        0,
        -0.39636273239021047,
        0.8047894098753541,
        0.44182642533538663,
        0,
        -94.5,
        0.4296875,
        16.5,
        1
      ],
      "mesh": 25
    },
    {
      "matrix": [
        0.20871816632333529,
        -0.9779758315248002,
        0,
        0,
        0.9779758315248002,
        0.20871816632333529,
        0,
        0,
        0,
        0,
        1,
        0,
        -94.5,
        0.2734375,
        17.5,
        1
      ],
      "mesh": 25
    },
    {
      "matrix": [
        1,
        0,
        0,
        0,
        0,
        1,
        0,
        0,
        0,
        0,
        1,
        0,
        -94.5,
        0.1171875,
        21.5,
        1
      ],
      "mesh": 25
    },
    {
      "matrix": [
        1,
        0,
        0,
        0,
        0,
        1,
        0,
        0,
        0,
        0,
        1,
        0,
        -94.5,
        0.1171875,
        25.5,
        1
      ],
      "mesh": 24
    },
    {
      "matrix": [
        1,
        0,
        0,
        0,
        0,
        1,
        0,
        0,
        0,
        0,
        1,
        0,
        -94.5,
        0.1171875,
        29.5,
        1
      ],
      "mesh": 25
    },
    {
      "matrix": [
        1,
        0,
        0,
        0,
        0,
        1,
        0,
        0,
        0,
        0,
        1,
        0,
        -93.6796875,
        0.1171875,
        30.5,
        1
      ],
      "mesh": 25
    },
    {
      "matrix": [
        0.6480361721016052,
        0.7587568363640071,
        -0.06585729206991292,
        0,
        -5.551115123125783e-17,
        0.08647119949074566,
        0.996254350885672,
        0,
        0.7616095585323879,
        -0.6456088559875204,
        0.05603646511501714,
        0,
        -94.5,
        0.46875,
        32.5,
        1
      ],
      "mesh": 25
    },
    {
      "matrix": [
        1,
        0,
        0,
        0,
        0,
        1,
        0,
        0,
        0,
        0,
        1,
        0,
        -40.671875,
        1.8359375,
        39.9375,
        1
      ],
      "mesh": 26
    },
    {
      "matrix": [
        1,
        0,
        0,
        0,
        0,
        1,
        0,
        0,
        0,
        0,
        1,
        0,
        -29.6015625,
        1.8359375,
        39.9375,
        1
      ],
      "mesh": 26
    },
    {
      "matrix": [
        1,
        0,
        0,
        0,
        0,
        1,
        0,
        0,
        0,
        0,
        1,
        0,
        -21.671875,
        1.8359375,
        39.9375,
        1
      ],
      "mesh": 26
    },
    {
      "matrix": [
        1,
        0,
        0,
        0,
        0,
        1,
        0,
        0,
        0,
        0,
        1,
        0,
        -10.5,
        1.8359375,
        39.9375,
        1
      ],
      "mesh": 26
    },
    {
      "matrix": [
        -0.03709691109260538,
        0,
        -0.9993116726964553,
        0,
        0,
        1,
        0,
        0,
        0.9993116726964553,
        0,
        -0.03709691109260538,
        0,
        -16.140625,
        1.8359375,
        33.1640625,
        1
      ],
      "mesh": 26
    },
    {
      "matrix": [
        -0.03709691109260538,
        0,
        -0.9993116726964553,
        0,
        0,
        1,
        0,
        0,
        0.9993116726964553,
        0,
        -0.03709691109260538,
        0,
        -35.0390625,
        1.8359375,
        33.1640625,
        1
      ],
      "mesh": 26
    },
    {
      "matrix": [
        -0.03709691109260538,
        0,
        -0.9993116726964553,
        0,
        0,
        1,
        0,
        0,
        0.9993116726964553,
        0,
        -0.03709691109260538,
        0,
        -35.15625,
        1.8359375,
        46.203125,
        1
      ],
      "mesh": 26
    },
    {
      "matrix": [
        -0.03709691109260538,
        0,
        -0.9993116726964553,
        0,
        0,
        1,
        0,
        0,
        0.9993116726964553,
        0,
        -0.03709691109260538,
        0,
        -16.15625,
        1.8359375,
        46.203125,
        1
      ],
      "mesh": 26
    },
    {
      "matrix": [
        -0.9996940572530832,
        0,
        0.024734427279995138,
        0,
        0,
        1,
        0,
        0,
        -0.024734427279995138,
        0,
        -0.9996940572530832,
        0,
        -44.5,
        0.4296875,
        125.2265625,
        1
      ],
      "mesh": 27
    },
    {
      "matrix": [
        -0.03709691109260538,
        0,
        0.9993116726964553,
        0,
        0,
        1,
        0,
        0,
        -0.9993116726964553,
        0,
        -0.03709691109260538,
        0,
        -52.3046875,
        0.8984375,
        123.6015625,
        1
      ],
      "mesh": 28
    },
    {
      "matrix": [
        1,
        0,
        0,
        0,
        0,
        1,
        0,
        0,
        0,
        0,
        1,
        0,
        -31.6953125,
        0.625,
        124.5,
        1
      ],
      "mesh": 29
    },
    {
      "matrix": [
        0.08647119949074578,
        0,
        0.996254350885672,
        0,
        0,
        1,
        0,
        0,
        -0.996254350885672,
        0,
        0.08647119949074578,
        0,
        -28.1484375,
        0.859375,
        122.5,
        1
      ],
      "mesh": 28
    },
    {
      "matrix": [
        -0.03709691109260538,
        0,
        0.9993116726964553,
        0,
        0,
        1,
        0,
        0,
        -0.9993116726964553,
        0,
        -0.03709691109260538,
        0,
        -52.5,
        0.15625,
        120.5,
        1
      ],
      "mesh": 21
    },
    {
      "matrix": [
        0.9987764162142613,
        0,
        -0.049453719922738996,
        0,
        0,
        1,
        0,
        0,
        0.049453719922738996,
        0,
