{
  "asset": {
    "version": "2.0",
    "generator": "THREE.GLTFExporter"
  },
  "scenes": [
    {
      "nodes": [
        767
      ]
    }
  ],
  "scene": 0,
  "nodes": [
    {
      "mesh": 0
    },
    {
      "mesh": 1
    },
    {
      "mesh": 2
    },
    {
      "mesh": 3
    },
    {
      "mesh": 4
    },
    {
      "mesh": 5
    },
    {
      "mesh": 6
    },
    {
      "mesh": 7
    },
    {
      "mesh": 8
    },
    {
      "mesh": 9
    },
    {
      "mesh": 10
    },
    {
      "mesh": 11
    },
    {
      "matrix": [
        1,
        0,
        0,
        0,
        0,
        1,
        0,
        0,
        0,
        0,
        1,
        0,
        -105.5,
        0,
        50.109375,
        1
      ],
      "mesh": 12
    },
    {
      "matrix": [
        1,
        0,
        0,
        0,
        0,
        1,
        0,
        0,
        0,
        0,
        1,
        0,
        -109.890625,
        0,
        45.5,
        1
      ],
      "mesh": 12
    },
    {
      "matrix": [
        1,
        0,
        0,
        0,
        0,
        1,
        0,
        0,
        0,
        0,
        1,
        0,
        -113.5,
        0,
        50.109375,
        1
      ],
      "mesh": 12
    },
    {
      "matrix": [
        0.9999235113880169,
        0,
        -0.012368159663362913,
        0,
        0,
        1,
        0,
        0,
        0.012368159663362913,
        0,
        0.9999235113880169,
        0,
        -110.109375,
        0,
        54.5,
        1
      ],
      "mesh": 12
    },
    {
      "matrix": [
        0.7442705905613273,
        -0.09218065403097767,
        0.00800094043937061,
        0,
        5.204170427930421e-18,
        0.06485339961805933,
        0.747190763164254,
        0,
        -0.09252722856269474,
        -0.741482814082971,
        0.06435797071152363,
        0,
        -56.5,
        6.21875,
        122.5,
        1
      ],
      "mesh": 13
    },
    {
      "matrix": [
        0.8125,
        0,
        0,
        0,
        0,
        0.8125,
        0,
        0,
        0,
        0,
        0.8125,
        0,
        -55.5,
        5.90625,
        122.5,
        1
      ],
      "mesh": 13
    },
    {
      "matrix": [
        -0.9996940572530832,
        0,
        -0.024734427279995138,
        0,
        0,
        1,
        0,
        0,
        0.024734427279995138,
        0,
        -0.9996940572530832,
        0,
        -54.0859375,
        6.5390625,
        114.109375,
        1
      ],
      "mesh": 14
    },
    {
      "matrix": [
        0.08647119949074578,
        0,
        -0.996254350885672,
        0,
        0,
        1,
        0,
        0,
        0.996254350885672,
        0,
        0.08647119949074578,
        0,
        -61.109375,
        2.5390625,
        117.875,
        1
      ],
      "mesh": 14
    },
    {
      "matrix": [
        0.08647119949074578,
        0,
        -0.996254350885672,
        0,
        0,
        1,
        0,
        0,
        0.996254350885672,
        0,
        0.08647119949074578,
        0,
        -61.109375,
        2.5390625,
        113.875,
        1
      ],
      "mesh": 14
    },
    {
      "matrix": [
        0.08647119949074578,
        0,
        -0.996254350885672,
        0,
        0,
        1,
        0,
        0,
        0.996254350885672,
        0,
        0.08647119949074578,
        0,
        -61.109375,
        2.5390625,
        109.875,
        1
      ],
      "mesh": 14
    },
    {
      "matrix": [
        0.08647119949074578,
        0,
        -0.996254350885672,
        0,
        0,
        1,
        0,
        0,
        0.996254350885672,
        0,
        0.08647119949074578,
        0,
        -61.109375,
        2.5390625,
        105.875,
        1
      ],
      "mesh": 14
    },
    {
      "matrix": [
        0.08647119949074578,
        0,
        -0.996254350885672,
        0,
        0,
        1,
        0,
        0,
        0.996254350885672,
        0,
        0.08647119949074578,
        0,
        -61.109375,
        2.5390625,
        101.875,
        1
      ],
      "mesh": 14
    },
    {
      "matrix": [
        0.08647119949074578,
        0,
        -0.996254350885672,
        0,
        0,
        1,
        0,
        0,
        0.996254350885672,
        0,
        0.08647119949074578,
        0,
        -61.109375,
        2.5390625,
        97.875,
        1
      ],
      "mesh": 14
    },
    {
      "matrix": [
        0.08647119949074578,
        0,
        -0.996254350885672,
        0,
        0,
        1,
        0,
        0,
        0.996254350885672,
        0,
        0.08647119949074578,
        0,
        -61.109375,
        2.5390625,
        93.875,
        1
      ],
      "mesh": 14
    },
    {
      "matrix": [
        0.08647119949074578,
        0,
        -0.996254350885672,
        0,
        0,
        1,
        0,
        0,
        0.996254350885672,
        0,
        0.08647119949074578,
        0,
        -61.109375,
        2.5390625,
        89.875,
        1
      ],
      "mesh": 14
    },
    {
      "matrix": [
        1,
        0,
        0,
        0,
        0,
        1,
        0,
        0,
        0,
        0,
        1,
        0,
        -123.5,
        1.953125,
        91.5,
        1
      ],
      "mesh": 13
    },
    {
      "matrix": [
        1,
        0,
        0,
        0,
        0,
        1,
        0,
        0,
        0,
        0,
        1,
        0,
        -124.890625,
        1.171875,
        92.203125,
        1
      ],
      "mesh": 15
    },
    {
      "matrix": [
        1,
        0,
        0,
        0,
        0,
        1,
        0,
        0,
        0,
        0,
        1,
        0,
        -123.65625,
        0.8984375,
        92.9296875,
        1
      ],
      "mesh": 16
    },
    {
      "matrix": [
        1,
        0,
        0,
        0,
        0,
        1,
        0,
        0,
        0,
        0,
        1,
        0,
        -123.65625,
        1.171875,
        91.5,
        1
      ],
      "mesh": 16
    },
    {
      "matrix": [
        0.08647119949074578,
        0,
        0.996254350885672,
        0,
        0,
        1,
        0,
        0,
        -0.996254350885672,
        0,
        0.08647119949074578,
        0,
        -125.8125,
        2.5390625,
        122.171875,
        1
      ],
      "mesh": 14
    },
    {
      "matrix": [
        0.08647119949074578,
        0,
        0.996254350885672,
        0,
        0,
        1,
        0,
        0,
        -0.996254350885672,
        0,
        0.08647119949074578,
        0,
        -125.8125,
        2.5390625,
        94.171875,
        1
      ],
      "mesh": 14
    },
    {
      "matrix": [
        0.08647119949074578,
        0,
        0.996254350885672,
        0,
        0,
        1,
        0,
        0,
        -0.996254350885672,
        0,
        0.08647119949074578,
        0,
        -125.8125,
        2.5390625,
        98.171875,
        1
      ],
      "mesh": 14
    },
    {
      "matrix": [
        0.08647119949074578,
        0,
        0.996254350885672,
        0,
        0,
        1,
        0,
        0,
        -0.996254350885672,
        0,
        0.08647119949074578,
        0,
        -125.8125,
        2.5390625,
        102.171875,
        1
      ],
      "mesh": 14
    },
    {
      "matrix": [
        0.08647119949074578,
        0,
        0.996254350885672,
        0,
        0,
        1,
        0,
        0,
        -0.996254350885672,
        0,
        0.08647119949074578,
        0,
        -125.8125,
        2.5390625,
        106.171875,
        1
      ],
      "mesh": 14
    },
    {
      "matrix": [
        2.5076647852316274,
        0,
        28.89137617568449,
        0,
        0,
        29,
        0,
        0,
        -28.89137617568449,
        0,
        2.5076647852316274,
        0,
        -125.8125,
        2.5390625,
        110.171875,
        1
      ],
      "mesh": 14
    },
    {
      "matrix": [
        0.08647119949074578,
        0,
        0.996254350885672,
        0,
        0,
        1,
        0,
        0,
        -0.996254350885672,
        0,
        0.08647119949074578,
        0,
        -125.8125,
        2.5390625,
        114.171875,
        1
      ],
      "mesh": 14
    },
    {
      "matrix": [
        0.08647119949074578,
        0,
        0.996254350885672,
        0,
        0,
        1,
        0,
        0,
        -0.996254350885672,
        0,
        0.08647119949074578,
        0,
        -125.8125,
        2.5390625,
        118.171875,
        1
      ],
      "mesh": 14
    },
    {
      "matrix": [
        -0.03709691109260538,
        0,
        0.9993116726964553,
        0,
        0,
        1,
        0,
        0,
        -0.9993116726964553,
        0,
        -0.03709691109260538,
        0,
        -69.8125,
        2.7734375,
        122.0859375,
        1
      ],
      "mesh": 14
    },
    {
      "matrix": [
        -0.03709691109260538,
        0,
        0.9993116726964553,
        0,
        0,
        1,
        0,
        0,
        -0.9993116726964553,
        0,
        -0.03709691109260538,
        0,
        -69.8125,
        2.7734375,
        118.0859375,
        1
      ],
      "mesh": 14
    },
    {
      "matrix": [
        -0.03709691109260538,
        0,
        0.9993116726964553,
        0,
        0,
        1,
        0,
        0,
        -0.9993116726964553,
        0,
        -0.03709691109260538,
        0,
        -69.8125,
        2.7734375,
        114.0859375,
        1
      ],
      "mesh": 14
    },
    {
      "matrix": [
        -0.03709691109260538,
        0,
        0.9993116726964553,
        0,
        0,
        1,
        0,
        0,
        -0.9993116726964553,
        0,
        -0.03709691109260538,
        0,
        -69.8125,
        2.7734375,
        110.0859375,
        1
      ],
      "mesh": 14
    },
    {
      "matrix": [
        -0.03709691109260538,
        0,
        0.9993116726964553,
        0,
        0,
        1,
        0,
        0,
        -0.9993116726964553,
        0,
        -0.03709691109260538,
        0,
        -69.8125,
        2.7734375,
        106.0859375,
        1
      ],
      "mesh": 14
    },
    {
      "matrix": [
        -0.03709691109260538,
        0,
        0.9993116726964553,
        0,
        0,
        1,
        0,
        0,
        -0.9993116726964553,
        0,
        -0.03709691109260538,
        0,
        -69.8125,
        2.7734375,
        102.0859375,
        1
      ],
      "mesh": 14
    },
    {
      "matrix": [
        -0.03709691109260538,
        0,
        0.9993116726964553,
        0,
        0,
        1,
        0,
        0,
        -0.9993116726964553,
        0,
        -0.03709691109260538,
        0,
        -69.8125,
        2.7734375,
        98.0859375,
        1
      ],
      "mesh": 14
    },
    {
      "matrix": [
        -0.03709691109260538,
        0,
        0.9993116726964553,
        0,
        0,
        1,
        0,
        0,
        -0.9993116726964553,
        0,
        -0.03709691109260538,
        0,
        -69.8125,
        2.7734375,
        94.0859375,
        1
      ],
      "mesh": 14
    },
    {
      "matrix": [
        -0.03709691109260538,
        0,
        0.9993116726964553,
        0,
        0,
        1,
        0,
        0,
        -0.9993116726964553,
        0,
        -0.03709691109260538,
        0,
        -69.8125,
        2.7734375,
        90.0859375,
        1
      ],
      "mesh": 14
    },
    {
      "matrix": [
        1,
        0,
        0,
        0,
        0,
        1,
        0,
        0,
        0,
        0,
        1,
        0,
        -65.5,
        0,
        6.5,
        1
      ],
      "mesh": 17
    },
    {
      "matrix": [
        1,
        0,
        0,
        0,
        0,
        1,
        0,
        0,
        0,
        0,
        1,
        0,
        -65.5,
        0,
        6.5,
        1
      ],
      "mesh": 17
    },
    {
      "matrix": [
        -0.16009823929579747,
        0,
        -0.9871010858946442,
        0,
        0,
        1,
        0,
        0,
        0.9871010858946442,
        0,
        -0.16009823929579747,
        0,
        -102.3828125,
        0.5,
        78.5,
        1
      ],
      "mesh": 18
    },
    {
      "matrix": [
        1,
        0,
        0,
        0,
        0,
        1,
        0,
        0,
        0,
        0,
        1,
        0,
        -117.5,
        0.25,
        52.5,
        1
      ],
      "mesh": 19
    },
    {
      "matrix": [
        1,
        0,
        0,
        0,
        0,
        1,
        0,
        0,
        0,
        0,
        1,
        0,
        -99.5,
        0.5,
        28.5,
        1
      ],
      "mesh": 19
    },
    {
      "matrix": [
        1,
        0,
        0,
        0,
        0,
        1,
        0,
        0,
        0,
        0,
        1,
        0,
        -103.5,
        0.5,
        32.5,
        1
      ],
      "mesh": 19
    },
    {
      "matrix": [
        1,
        0,
        0,
        0,
        0,
        1,
        0,
        0,
        0,
        0,
        1,
        0,
        -96.5,
        0.5,
        34.5,
        1
      ],
      "mesh": 19
    },
    {
      "matrix": [
        0.9987764162142613,
        0,
        -0.049453719922738996,
        0,
        0,
        1,
        0,
        0,
        0.049453719922738996,
        0,
        0.9987764162142613,
        0,
        -56.5,
        0.5,
        44.5,
        1
      ],
      "mesh": 19
    },
    {
      "matrix": [
        1,
        0,
        0,
        0,
        0,
        1,
        0,
        0,
        0,
        0,
        1,
        0,
        -56.5,
        0.5,
        13.5,
        1
      ],
      "mesh": 19
    },
    {
      "matrix": [
        1,
        0,
        0,
        0,
        0,
        1,
        0,
        0,
        0,
        0,
        1,
        0,
        -56.5,
        0.5,
        5.5,
        1
      ],
      "mesh": 19
    },
    {
      "matrix": [
        1,
        0,
        0,
        0,
        0,
        1,
        0,
        0,
        0,
        0,
        1,
        0,
        -39.5,
        4.5,
        103.5,
        1
      ],
      "mesh": 19
    },
    {
      "matrix": [
        1,
        0,
        0,
        0,
        0,
        1,
        0,
        0,
        0,
        0,
        1,
        0,
        -51.5,
        4.5,
        105.5,
        1
      ],
      "mesh": 19
    },
    {
      "matrix": [
        0.9987764162142613,
        0,
        -0.049453719922738996,
        0,
        0,
        1,
        0,
        0,
        0.049453719922738996,
        0,
        0.9987764162142613,
        0,
        -90.5,
        0.5,
        92.5,
        1
      ],
      "mesh": 19
    },
    {
      "matrix": [
        1,
        0,
        0,
        0,
        0,
        1,
        0,
        0,
        0,
        0,
        1,
        0,
        -106.5,
        0.5,
        76.5,
        1
      ],
      "mesh": 19
    },
    {
      "matrix": [
        0.20871816632333529,
        0,
        -0.9779758315248002,
        0,
        0,
        1,
        0,
        0,
        0.9779758315248002,
        0,
        0.20871816632333529,
        0,
        -123.15625,
        0.5,
        40.15625,
        1
      ],
      "mesh": 19
    },
    {
      "matrix": [
        -0.03709691109260538,
        0,
        -0.9993116726964553,
        0,
        0,
        1,
        0,
        0,
        0.9993116726964553,
        0,
        -0.03709691109260538,
        0,
        -76.625,
        0.5,
        37.5,
        1
      ],
      "mesh": 19
    },
    {
      "matrix": [
        -0.03709691109260538,
        0,
        -0.9993116726964553,
        0,
        0,
        1,
        0,
        0,
        0.9993116726964553,
        0,
        -0.03709691109260538,
        0,
        -76.625,
        0.5,
        8.5,
        1
      ],
      "mesh": 19
    },
    {
      "matrix": [
        -0.03709691109260538,
        0,
        -0.9993116726964553,
        0,
        0,
        1,
        0,
        0,
        0.9993116726964553,
        0,
        -0.03709691109260538,
        0,
        -76.625,
        0.5,
        10.5,
        1
      ],
      "mesh": 19
    },
    {
      "matrix": [
        -0.03709691109260538,
        0,
        -0.9993116726964553,
        0,
        0,
        1,
        0,
        0,
        0.9993116726964553,
        0,
        -0.03709691109260538,
        0,
        -76.5,
        0.5,
        35.5,
        1
      ],
      "mesh": 19
    },
    {
      "matrix": [
        -0.06180296346008407,
        0,
        -0.998088369688552,
        0,
        0,
        1,
        0,
        0,
        0.998088369688552,
        0,
        -0.06180296346008407,
        0,
        -76.625,
        0.5,
        47.5,
        1
      ],
      "mesh": 19
    },
    {
      "matrix": [
        -0.06180296346008407,
        0,
        -0.998088369688552,
        0,
        0,
        1,
        0,
        0,
        0.998088369688552,
        0,
        -0.06180296346008407,
        0,
        -76.5,
        0.5,
        49.5,
        1
      ],
      "mesh": 19
    },
    {
      "matrix": [
        0.20871816632333529,
        0,
        0.9779758315248002,
        0,
        0,
        1,
        0,
        0,
        -0.9779758315248002,
        0,
        0.20871816632333529,
        0,
        -53.5,
        0.5,
        49.5,
        1
      ],
      "mesh": 19
    },
    {
      "matrix": [
        0.20871816632333529,
        0,
        0.9779758315248002,
        0,
        0,
        1,
        0,
        0,
        -0.9779758315248002,
        0,
        0.20871816632333529,
        0,
        -53.5,
        0.5,
        47.5,
        1
      ],
      "mesh": 19
    },
    {
      "matrix": [
        0.20871816632333529,
        0,
        0.9779758315248002,
        0,
        0,
        1,
        0,
        0,
        -0.9779758315248002,
        0,
        0.20871816632333529,
        0,
        -53.5,
        0.5,
        37.5,
        1
      ],
      "mesh": 19
    },
    {
      "matrix": [
        0.20871816632333529,
        0,
        0.9779758315248002,
        0,
        0,
        1,
        0,
        0,
        -0.9779758315248002,
        0,
        0.20871816632333529,
        0,
        -53.5,
        0.5,
        35.5,
        1
      ],
      "mesh": 19
    },
    {
      "matrix": [
        0.20871816632333529,
        0,
        0.9779758315248002,
        0,
        0,
        1,
        0,
        0,
        -0.9779758315248002,
        0,
        0.20871816632333529,
        0,
        -53.5,
        0.5,
        22.5,
        1
      ],
      "mesh": 19
    },
    {
      "matrix": [
        0.20871816632333529,
        0,
        0.9779758315248002,
        0,
        0,
        1,
        0,
        0,
        -0.9779758315248002,
        0,
        0.20871816632333529,
        0,
        -53.5,
        0.5,
        20.5,
        1
      ],
      "mesh": 19
    },
    {
      "matrix": [
        0.20871816632333529,
        0,
        0.9779758315248002,
        0,
        0,
        1,
        0,
        0,
        -0.9779758315248002,
        0,
        0.20871816632333529,
        0,
        -53.578125,
        0.5,
        10.5,
        1
      ],
      "mesh": 19
    },
    {
      "matrix": [
        0.20871816632333529,
        0,
        0.9779758315248002,
        0,
        0,
        1,
        0,
        0,
        -0.9779758315248002,
        0,
        0.20871816632333529,
        0,
        -53.5,
        0.5,
        8.5,
        1
      ],
      "mesh": 19
    },
    {
      "matrix": [
        0.23284398260064132,
        0,
        0.9725141026055469,
        0,
        0,
        1,
        0,
        0,
        -0.9725141026055469,
        0,
        0.23284398260064132,
        0,
        -16.75,
        4.5,
        97.5,
        1
      ],
      "mesh": 19
    },
    {
      "matrix": [
        0.9996940572530831,
        0,
        -0.024734427279994954,
        0,
        0,
        1,
        0,
        0,
        0.024734427279994954,
        0,
        0.9996940572530831,
        0,
        -18.5,
        4.5,
        104.5,
        1
      ],
      "mesh": 19
    },
    {
      "matrix": [
        1,
        0,
        0,
        0,
        0,
        1,
        0,
        0,
        0,
        0,
        1,
        0,
        -23.5,
        -0.25,
        15.5,
        1
      ],
      "mesh": 19
    },
    {
      "matrix": [
        1,
        0,
        0,
        0,
        0,
        1,
        0,
        0,
        0,
        0,
        1,
        0,
        -23.5,
        -0.25,
        31.5,
        1
      ],
      "mesh": 19
    },
    {
      "matrix": [
        0.9996940572530831,
        0,
        -0.024734427279994954,
        0,
        0,
        1,
        0,
        0,
        0.024734427279994954,
        0,
        0.9996940572530831,
        0,
        -57.5,
        4.5,
        106.5,
        1
      ],
      "mesh": 19
    },
    {
      "matrix": [
        0.9987764162142613,
        0,
        -0.049453719922738996,
        0,
        0,
        1,
        0,
        0,
        0.049453719922738996,
        0,
        0.9987764162142613,
        0,
        -78.5,
        0.5,
        90.5,
        1
      ],
      "mesh": 19
    },
    {
      "matrix": [
        1,
        0,
        0,
        0,
        0,
        1,
        0,
        0,
        0,
        0,
        1,
        0,
        -123.5,
        0.25,
        46.5,
        1
      ],
      "mesh": 19
    },
    {
      "matrix": [
        1,
        0,
        0,
        0,
        0,
        1,
        0,
        0,
        0,
        0,
        1,
        0,
        -117.5,
        0.5,
        67.5,
        1
      ],
      "mesh": 20
    },
    {
      "matrix": [
        1,
        0,
        0,
        0,
        0,
        1,
        0,
        0,
        0,
        0,
        1,
        0,
        -119.5,
        0.5,
        70.5,
        1
      ],
      "mesh": 20
    },
    {
      "matrix": [
        1,
        0,
        0,
        0,
        0,
        1,
        0,
        0,
        0,
        0,
        1,
        0,
        -122.5,
        0.5,
        71.5,
        1
      ],
      "mesh": 20
    },
    {
      "matrix": [
        1,
        0,
        0,
        0,
        0,
        1,
        0,
        0,
        0,
        0,
        1,
        0,
        -116.5,
        0.5,
        73.5,
        1
      ],
      "mesh": 20
    },
    {
      "matrix": [
        -0.9996940572530832,
        0,
        0.02473442727999489,
        0,
        0,
        1,
        0,
        0,
        -0.02473442727999489,
        0,
        -0.9996940572530832,
        0,
        -65.5,
        1,
        58.5,
        1
      ],
      "mesh": 19
    },
    {
      "matrix": [
        0.9996940572530831,
        0,
        -0.024734427279994954,
        0,
        0,
        1,
        0,
        0,
        0.024734427279994954,
        0,
        0.9996940572530831,
        0,
        -100.5,
        0.5,
        74.5,
        1
      ],
      "mesh": 19
    },
    {
      "matrix": [
        1,
        0,
        0,
        0,
        0,
        1,
        0,
        0,
        0,
        0,
        1,
        0,
        -92.5,
        0.5,
        9.5,
        1
      ],
      "mesh": 19
    },
    {
      "matrix": [
        1,
        0,
        0,
        0,
        0,
        1,
        0,
        0,
        0,
        0,
        1,
        0,
        -21.5,
        -0.25,
        28.5,
        1
      ],
      "mesh": 19
    },
    {
      "matrix": [
        1,
        0,
        0,
        0,
        0,
        1,
        0,
        0,
        0,
        0,
        1,
        0,
        -21.5,
        -0.25,
        18.5,
        1
      ],
      "mesh": 19
    },
    {
      "matrix": [
        1,
        0,
        0,
        0,
        0,
        1,
        0,
        0,
        0,
        0,
        1,
        0,
        -71.5,
        0.7421875,
        32.5,
        1
      ],
      "mesh": 16
    },
    {
      "matrix": [
        1,
        0,
        0,
        0,
        0,
        1,
        0,
        0,
        0,
        0,
        1,
        0,
        -77.5,
        0.5,
        40.5,
        1
      ],
      "mesh": 20
    },
    {
      "matrix": [
        1,
        0,
        0,
        0,
        0,
        1,
        0,
        0,
        0,
        0,
        1,
        0,
        -73.5,
        0.5,
        40.5,
        1
      ],
      "mesh": 20
    },
    {
      "matrix": [
        0.9996940572530831,
        0,
        -0.024734427279994954,
        0,
        0,
        1,
        0,
        0,
        0.024734427279994954,
        0,
        0.9996940572530831,
        0,
        -74.5,
        0.5,
        43.5,
        1
      ],
      "mesh": 20
    },
    {
      "matrix": [
        0.9996940572530831,
        0,
        -0.024734427279994954,
        0,
        0,
        1,
        0,
        0,
        0.024734427279994954,
        0,
        0.9996940572530831,
        0,
        -74.5,
        0.5,
        45.5,
        1
      ],
      "mesh": 20
    },
    {
      "matrix": [
        1,
        0,
        0,
        0,
        0,
        1,
        0,
        0,
        0,
        0,
        1,
        0,
        -53.5,
        0.5,
        52.5,
        1
      ],
      "mesh": 20
    },
    {
      "matrix": [
        0.9996940572530831,
        0,
        -0.024734427279994954,
        0,
        0,
        1,
        0,
        0,
        0.024734427279994954,
        0,
        0.9996940572530831,
        0,
        -57.5,
        0.5,
        52.5,
        1
      ],
      "mesh": 20
    },
    {
      "matrix": [
        -0.9987764162142614,
        0,
        -0.04945371992273924,
        0,
        0,
        1,
        0,
        0,
        0.04945371992273924,
        0,
        -0.9987764162142614,
        0,
        -67.5,
        0.5,
        56.5,
        1
      ],
      "mesh": 20
    },
    {
      "matrix": [
        -1,
        0,
        -1.2246467991473532e-16,
        0,
        0,
        1,
        0,
        0,
        1.2246467991473532e-16,
        0,
        -1,
        0,
        -65.109375,
        0.5,
        55.5,
        1
      ],
      "mesh": 20
    },
    {
      "matrix": [
        -0.9487371075487709,
        0,
        0.3160662917174045,
        0,
        0,
        1,
        0,
        0,
        -0.3160662917174045,
        0,
        -0.9487371075487709,
        0,
        -63.5,
        0.5,
        56.5,
        1
      ],
      "mesh": 20
    },
    {
      "matrix": [
        1,
        0,
        0,
        0,
        0,
        1,
        0,
        0,
        0,
        0,
        1,
        0,
        -59.5,
        0,
        40.5,
        1
      ],
      "mesh": 13
    },
    {
      "matrix": [
        1,
        0,
        0,
        0,
        0,
        1,
        0,
        0,
        0,
        0,
        1,
        0,
        -55.5,
        0.5,
        39.5,
        1
      ],
      "mesh": 20
    },
    {
      "matrix": [
        1,
        0,
        0,
        0,
        0,
        1,
        0,
        0,
        0,
        0,
        1,
        0,
        -53.5,
        0.5,
        41.5,
        1
      ],
      "mesh": 20
    },
    {
      "matrix": [
        1,
        0,
        0,
        0,
        0,
        1,
        0,
        0,
        0,
        0,
        1,
        0,
        -59.109375,
        0.78125,
        13.9296875,
        1
      ],
      "mesh": 16
    },
    {
      "matrix": [
        0.9996940572530831,
        0,
        -0.024734427279994954,
        0,
        0,
        1,
        0,
        0,
        0.024734427279994954,
        0,
        0.9996940572530831,
        0,
        -96.5,
        0.5,
        71.5,
        1
      ],
      "mesh": 20
    },
    {
      "matrix": [
        1,
        0,
        0,
        0,
        0,
        1,
        0,
        0,
        0,
        0,
        1,
        0,
        -102.5,
        0.5,
        70.5,
        1
      ],
      "mesh": 20
    },
    {
      "matrix": [
        1,
        0,
        0,
        0,
        0,
        1,
        0,
        0,
        0,
        0,
        1,
        0,
        -96.5,
        0.5,
        67.5,
        1
      ],
      "mesh": 20
    },
    {
      "matrix": [
        0.9996940572530831,
        0,
        -0.024734427279994954,
        0,
        0,
        1,
        0,
        0,
        0.024734427279994954,
        0,
        0.9996940572530831,
        0,
        -25.5,
        4.5,
        104.5,
        1
      ],
      "mesh": 20
    },
    {
      "matrix": [
        1,
        0,
        0,
        0,
        0,
        1,
        0,
        0,
        0,
        0,
        1,
        0,
        -16.5,
        4.5,
        92.5,
        1
      ],
      "mesh": 20
    },
    {
      "matrix": [
        1,
        0,
        0,
        0,
        0,
        1,
        0,
        0,
        0,
        0,
        1,
        0,
        -34.5,
        4.5,
        91.5,
        1
      ],
      "mesh": 20
    },
    {
      "matrix": [
        1,
        0,
        0,
        0,
        0,
        1,
        0,
        0,
        0,
        0,
        1,
        0,
        -39.5,
        4.5,
        91.5,
        1
      ],
      "mesh": 20
    },
    {
      "matrix": [
        -0.18446463842775596,
        0,
        -0.9828391512194238,
        0,
        0,
        1,
        0,
        0,
        0.9828391512194238,
        0,
        -0.18446463842775596,
        0,
        -112.5,
        0.5,
        110.5,
        1
      ],
      "mesh": 21
    },
    {
      "matrix": [
        0.04945371992273884,
        0,
        -0.9987764162142613,
        0,
        0,
        1,
        0,
        0,
        0.9987764162142613,
        0,
        0.04945371992273884,
        0,
        -43.890625,
        0.3125,
        25.5,
        1
      ],
      "mesh": 22
    },
    {
      "matrix": [
        0.8125,
        0,
        0,
        0,
        0,
        0.8125,
        0,
        0,
        0,
        0,
        0.8125,
        0,
        -56.5,
        4.6875,
        102.1640625,
        1
      ],
      "mesh": 23
    },
    {
      "matrix": [
        0.8125,
        0,
        0,
        0,
        0,
        0.8125,
        0,
        0,
        0,
        0,
        0.8125,
        0,
        -51.5,
        4.6875,
        102.1640625,
        1
      ],
      "mesh": 23
    },
    {
      "matrix": [
        1,
        0,
        0,
        0,
        0,
        1,
        0,
        0,
        0,
        0,
        1,
        0,
        -53.5,
        4.4921875,
        105.2265625,
        1
      ],
      "mesh": 24
    },
    {
      "matrix": [
        1,
        0,
        0,
        0,
        0,
        1,
        0,
        0,
        0,
        0,
        1,
        0,
        -56.4765625,
        5.46875,
        112.96875,
        1
      ],
      "mesh": 25
    },
    {
      "matrix": [
        1,
        0,
        0,
        0,
        0,
        1,
        0,
        0,
        0,
        0,
        1,
        0,
        -51.5625,
        5.46875,
        112.96875,
        1
      ],
      "mesh": 25
    },
    {
      "matrix": [
        1,
        0,
        0,
        0,
        0,
        1,
        0,
        0,
        0,
        0,
        1,
        0,
        -56.5,
        4.1796875,
        109.7734375,
        1
      ],
      "mesh": 26
    },
    {
      "matrix": [
        1,
        0,
        0,
        0,
        0,
        1,
        0,
        0,
        0,
        0,
        1,
        0,
        -51.5,
        4.1796875,
        109.7734375,
        1
      ],
      "mesh": 26
    },
    {
      "matrix": [
        1,
        0,
        0,
        0,
        0,
        1,
        0,
        0,
        0,
        0,
        1,
        0,
        -56.5,
        4.6484375,
        112.125,
        1
      ],
      "mesh": 27
    },
    {
      "matrix": [
        1,
        0,
        0,
        0,
        0,
        1,
        0,
        0,
        0,
        0,
        1,
        0,
        -51.5,
        4.6484375,
        112.125,
        1
      ],
      "mesh": 27
    },
    {
      "matrix": [
        2.220446049250313e-16,
        0,
        -1,
        0,
        0,
        1,
        0,
        0,
        1,
        0,
        2.220446049250313e-16,
        0,
        -15.9140625,
        4.53125,
        102.5,
        1
      ],
      "mesh": 23
    },
    {
      "matrix": [
        1,
        0,
        0,
        0,
        0,
        1,
        0,
        0,
        0,
        0,
        1,
        0,
        -37.5,
        4.4921875,
        94.5,
        1
      ],
      "mesh": 28
    },
    {
      "matrix": [
        -1,
        0,
        1.2246467991473532e-16,
        0,
        0,
        1,
        0,
        0,
        -1.2246467991473532e-16,
        0,
        -1,
        0,
        -37.5,
        4.4921875,
        100.5,
        1
      ],
      "mesh": 28
    },
    {
      "matrix": [
        -1,
        0,
        1.2246467991473532e-16,
        0,
        0,
        1,
        0,
        0,
        -1.2246467991473532e-16,
        0,
        -1,
        0,
        -20.5,
        4.4921875,
        100.5,
        1
      ],
      "mesh": 28
    },
    {
      "matrix": [
        1,
        0,
        0,
        0,
        0,
        1,
        0,
        0,
        0,
        0,
        1,
        0,
        -20.5,
        4.4921875,
        94.5,
        1
      ],
      "mesh": 28
    },
    {
      "matrix": [
        -0.03709691109260538,
        0,
        -0.9993116726964553,
        0,
        0,
        1,
        0,
        0,
        0.9993116726964553,
        0,
        -0.03709691109260538,
        0,
        -37.421875,
        4.53125,
        97.5390625,
        1
      ],
      "mesh": 29
    },
    {
      "matrix": [
        -0.03709691109260538,
        0,
        -0.9993116726964553,
        0,
        0,
        1,
        0,
        0,
        0.9993116726964553,
        0,
        -0.03709691109260538,
        0,
        -20.578125,
        4.53125,
        97.5,
        1
      ],
      "mesh": 29
    },
    {
      "matrix": [
        -0.024734427279994975,
        0,
        -0.9996940572530831,
        0,
        0,
        1,
        0,
        0,
        0.9996940572530831,
        0,
        -0.024734427279994975,
        0,
        -31.5390625,
        4.609375,
        94.03125,
        1
      ],
      "mesh": 30
    },
    {
      "matrix": [
        -0.024734427279994975,
        0,
        -0.9996940572530831,
        0,
        0,
        1,
        0,
        0,
        0.9996940572530831,
        0,
        -0.024734427279994975,
        0,
        -26.5390625,
        4.609375,
        91.03125,
        1
      ],
      "mesh": 30
    },
    {
      "matrix": [
        -0.03709691109260538,
        -0.01235964632137215,
        0.9992352367336722,
        0,
        0,
        -0.9999235113880169,
        -0.012368159663363043,
        0,
        0.9993116726964554,
        -0.00045882051941092787,
        0.03709407360136707,
        0,
        -55.5,
        6.1875,
        91.96875,
        1
      ],
      "mesh": 31
    },
    {
      "matrix": [
        1,
        0,
        0,
        0,
        0,
        -0.9999235113880167,
        0.012368159663363043,
        0,
        0,
        -0.012368159663363043,
        -0.9999235113880167,
        0,
        -2.9140625,
        6.265625,
        114.5,
        1
      ],
      "mesh": 31
    },
    {
      "matrix": [
        1,
        0,
        0,
        0,
        0,
        -0.9996940572530832,
        0.024734427279995138,
        0,
        0,
        -0.024734427279995138,
        -0.9996940572530832,
        0,
        -7.953125,
        6.2265625,
        93.4609375,
        1
      ],
      "mesh": 31
    },
    {
      "matrix": [
        -0.03709691109260582,
        0.02471740189836078,
        0.9990059405382846,
        0,
        1.734723475976807e-18,
        -0.9996940572530837,
        0.02473442727999514,
        0,
        0.9993116726964554,
        0.0009175708497324957,
        0.03708556156172338,
        0,
        -10.421875,
        6.171875,
        104.03125,
        1
      ],
      "mesh": 31
    },
    {
      "matrix": [
        1,
        0,
        0,
        0,
        0,
        1,
        0,
        0,
        0,
        0,
        1,
        0,
        -41.03125,
        0.7421875,
        68.5,
        1
      ],
      "mesh": 30
    },
    {
      "matrix": [
        1,
        0,
        0,
        0,
        0,
        1,
        0,
        0,
        0,
        0,
        1,
        0,
        -1.03125,
        0.7421875,
        64.5,
        1
      ],
      "mesh": 30
    },
    {
      "matrix": [
        1,
        0,
        0,
        0,
        0,
        1,
        0,
        0,
        0,
        0,
        1,
        0,
        -12.03125,
        0.7421875,
        64.5,
        1
      ],
      "mesh": 30
    },
    {
      "matrix": [
        -0.03709691109260538,
        0,
        -0.9993116726964553,
        0,
        0,
        1,
        0,
        0,
        0.9993116726964553,
        0,
        -0.03709691109260538,
        0,
        -28.5,
        0.7421875,
        40.015625,
        1
      ],
      "mesh": 30
    },
    {
      "matrix": [
        1,
        0,
        0,
        0,
        0,
        1,
        0,
        0,
        0,
        0,
        1,
        0,
        -17.03125,
        0.7421875,
        50.5,
        1
      ],
      "mesh": 30
    },
    {
      "matrix": [
        1,
        0,
        0,
        0,
        0,
        1,
        0,
        0,
        0,
        0,
        1,
        0,
        -10.03125,
        0.7421875,
        38.5,
        1
      ],
      "mesh": 30
    },
    {
      "matrix": [
        -0.03709691109260538,
        0,
        -0.9993116726964553,
        0,
        0,
        1,
        0,
        0,
        0.9993116726964553,
        0,
        -0.03709691109260538,
        0,
        -1.8359375,
        0.46875,
        19.109375,
        1
      ],
      "mesh": 23
    },
    {
      "matrix": [
        -0.9999235113880167,
        0,
        -0.012368159663363043,
        0,
        0,
        1,
        0,
        0,
        0.012368159663363043,
        0,
        -0.9999235113880167,
        0,
        -8.5,
        0.15625,
        14.3046875,
        1
      ],
      "mesh": 26
    },
    {
      "matrix": [
        -0.9999235113880167,
        0,
        -0.012368159663363043,
        0,
        0,
        1,
        0,
        0,
        0.012368159663363043,
        0,
        -0.9999235113880167,
        0,
        -4.6171875,
        0.15625,
        14.3046875,
        1
      ],
      "mesh": 26
    },
    {
      "matrix": [
        1,
        0,
        0,
        0,
        0,
        1,
        0,
        0,
        0,
        0,
        1,
        0,
        -10.5,
        0.390625,
        2.5,
        1
      ],
      "mesh": 24
    },
    {
      "matrix": [
        -0.03709691109260538,
        0,
