{
  "asset": {
    "version": "2.0",
    "generator": "THREE.GLTFExporter"
  },
  "scenes": [
    {
      "nodes": [
        251
      ]
    }
  ],
  "scene": 0,
  "nodes": [
    {
      "mesh": 0
    },
    {
      "mesh": 1
    },
    {
      "mesh": 2
    },
    {
      "mesh": 3
    },
    {
      "mesh": 4
    },
    {
      "mesh": 5
    },
    {
      "mesh": 6
    },
    {
      "mesh": 7
    },
    {
      "mesh": 8
    },
    {
      "mesh": 9
    },
    {
      "mesh": 10
    },
    {
      "mesh": 11
    },
    {
      "mesh": 12
    },
    {
      "mesh": 13
    },
    {
      "matrix": [
        1,
        0,
        0,
        0,
        0,
        1,
        0,
        0,
        0,
        0,
        1,
        0,
        -40.5,
        2.953125,
        72.5,
        1
      ],
      "mesh": 14
    },
    {
      "matrix": [
        1,
        0,
        0,
        0,
        0,
        1,
        0,
        0,
        0,
        0,
        1,
        0,
        -8.5,
        0.5,
        116.5,
        1
      ],
      "mesh": 14
    },
    {
      "matrix": [
        0.15076978650427814,
        -0.22946320996968883,
        -0.4178697246126608,
        0,
        0.4178697246126608,
        0.2745630952115362,
        0,
        0,
        0.22946320996968883,
        -0.34923021349572186,
        0.2745630952115362,
        0,
        -8.5,
        2,
        120.5,
        1
      ],
      "mesh": 15
    },
    {
      "matrix": [
        0.75,
        0,
        0,
        0,
        0,
        0.75,
        0,
        0,
        0,
        0,
        0.75,
        0,
        -62.5,
        0.390625,
        116.5,
        1
      ],
      "mesh": 16
    },
    {
      "matrix": [
        1,
        0,
        0,
        0,
        0,
        1,
        0,
        0,
        0,
        0,
        1,
        0,
        -61.5,
        0.1953125,
        117.5,
        1
      ],
      "mesh": 16
    },
    {
      "matrix": [
        1,
        0,
        0,
        0,
        0,
        1,
        0,
        0,
        0,
        0,
        1,
        0,
        -61.5,
        0,
        115.5,
        1
      ],
      "mesh": 16
    },
    {
      "matrix": [
        0.9814068276748187,
        0,
        -0.7741709362881359,
        0,
        0,
        1.25,
        0,
        0,
        0.7741709362881359,
        0,
        0.9814068276748187,
        0,
        -65.5,
        0.390625,
        113.5,
        1
      ],
      "mesh": 17
    },
    {
      "matrix": [
        0.44182642533538674,
        0,
        0.8971005572818211,
        0,
        0,
        1,
        0,
        0,
        -0.8971005572818211,
        0,
        0.44182642533538674,
        0,
        -67.5,
        0.9375,
        113.5,
        1
      ],
      "mesh": 18
    },
    {
      "matrix": [
        0.3277762482701767,
        0,
        -0.94475538160411,
        0,
        0,
        1,
        0,
        0,
        0.94475538160411,
        0,
        0.3277762482701767,
        0,
        -63.5,
        0.78125,
        112.5,
        1
      ],
      "mesh": 18
    },
    {
      "matrix": [
        1.3125,
        0,
        0,
        0,
        0,
        1.3125,
        0,
        0,
        0,
        0,
        1.3125,
        0,
        -64.5,
        0,
        111.5,
        1
      ],
      "mesh": 19
    },
    {
      "matrix": [
        0.5,
        0,
        0,
        0,
        0,
        0.5,
        0,
        0,
        0,
        0,
        0.5,
        0,
        -64.5,
        0.375,
        98.5,
        1
      ],
      "mesh": 15
    },
    {
      "matrix": [
        1,
        0,
        0,
        0,
        0,
        1,
        0,
        0,
        0,
        0,
        1,
        0,
        -56.5,
        -0.0625,
        8.5,
        1
      ],
      "mesh": 14
    },
    {
      "matrix": [
        -0.49615106747860876,
        0,
        1.1473160498484438,
        0,
        0,
        1.25,
        0,
        0,
        -1.1473160498484438,
        0,
        -0.49615106747860876,
        0,
        -122.5,
        0.453125,
        12.5,
        1
      ],
      "mesh": 17
    },
    {
      "matrix": [
        0.3277762482701767,
        0,
        0.94475538160411,
        0,
        0,
        1,
        0,
        0,
        -0.94475538160411,
        0,
        0.3277762482701767,
        0,
        -122.5,
        1.171875,
        11.5,
        1
      ],
      "mesh": 18
    },
    {
      "matrix": [
        -0.507123863869773,
        0,
        0.8618731848095703,
        0,
        0,
        1,
        0,
        0,
        -0.8618731848095703,
        0,
        -0.507123863869773,
        0,
        -123.5,
        1.171875,
        12.5,
        1
      ],
      "mesh": 18
    },
    {
      "matrix": [
        0.5387476295779736,
        0,
        -0.8424672050733575,
        0,
        0,
        1,
        0,
        0,
        0.8424672050733575,
        0,
        0.5387476295779736,
        0,
        -123.5,
        1.171875,
        11.5,
        1
      ],
      "mesh": 18
    },
    {
      "matrix": [
        -0.4841867635341882,
        -0.023974171001030706,
        0.1224271911917506,
        0,
        0.02472685996136962,
        -0.4993882081071307,
        0,
        0,
        0.12227739126567486,
        0.006054480024124482,
        0.4847799323991233,
        0,
        -120.5,
        6.25,
        19.5,
        1
      ],
      "mesh": 15
    },
    {
      "matrix": [
        1.3125,
        0,
        0,
        0,
        0,
        1.3125,
        0,
        0,
        0,
        0,
        1.3125,
        0,
        -38.5,
        0.390625,
        49.5,
        1
      ],
      "mesh": 17
    },
    {
      "matrix": [
        1,
        0,
        0,
        0,
        0,
        1,
        0,
        0,
        0,
        0,
        1,
        0,
        -40.5,
        0.78125,
        49.5,
        1
      ],
      "mesh": 18
    },
    {
      "matrix": [
        0.8800926628551884,
        0,
        0.4748019637580112,
        0,
        0,
        1,
        0,
        0,
        -0.4748019637580112,
        0,
        0.8800926628551884,
        0,
        -39.5,
        0.3515625,
        50.5,
        1
      ],
      "mesh": 19
    },
    {
      "matrix": [
        1.625,
        0,
        0,
        0,
        0,
        1.625,
        0,
        0,
        0,
        0,
        1.625,
        0,
        -56.5,
        0.140625,
        18.5,
        1
      ],
      "mesh": 17
    },
    {
      "matrix": [
        1.202691488596586,
        0.30372985963016247,
        0.15421204760449123,
        0,
        -0.3060679779793765,
        1.2119498309978083,
        0,
        0,
        -0.1495178120256713,
        -0.03775949567229279,
        1.240450984268879,
        0,
        -53.5,
        1.0390625,
        17.5,
        1
      ],
      "mesh": 20
    },
    {
      "matrix": [
        0.7745630952115362,
        0.41786972461266064,
        0.47480196375801115,
        0,
        -0.47480196375801115,
        0.8800926628551884,
        -1.3877787807814457e-17,
        0,
        -0.41786972461266064,
        -0.2254369047884638,
        0.8800926628551884,
        0,
        -54.5,
        0.5390625,
        18.5,
        1
      ],
      "mesh": 20
    },
    {
      "matrix": [
        1,
        0,
        0,
        0,
        0,
        1,
        0,
        0,
        0,
        0,
        1,
        0,
        -88.5,
        0.375,
        24.5,
        1
      ],
      "mesh": 14
    },
    {
      "matrix": [
        1.0313705765853098,
        -0.4012820622070479,
        0.4305852880730421,
        0,
        0.4305852880730421,
        1.1066853932780785,
        -1.6479873021779667e-17,
        0,
        -0.4012820622070479,
        0.1561294234146902,
        1.1066853932780785,
        0,
        -106.5,
        0.09375,
        30.5,
        1
      ],
      "mesh": 16
    },
    {
      "matrix": [
        1.5625,
        0,
        0,
        0,
        0,
        1.5625,
        0,
        0,
        0,
        0,
        1.5625,
        0,
        -107.5,
        0.15625,
        30.5,
        1
      ],
      "mesh": 16
    },
    {
      "matrix": [
        1,
        0,
        0,
        0,
        0,
        1,
        0,
        0,
        0,
        0,
        1,
        0,
        -98.5,
        0.5,
        57.5,
        1
      ],
      "mesh": 14
    },
    {
      "matrix": [
        1,
        0,
        0,
        0,
        0,
        1,
        0,
        0,
        0,
        0,
        1,
        0,
        -80.5,
        0.375,
        61.5,
        1
      ],
      "mesh": 14
    },
    {
      "matrix": [
        1,
        0,
        0,
        0,
        0,
        1,
        0,
        0,
        0,
        0,
        1,
        0,
        -87.5,
        0.28125,
        53.5,
        1
      ],
      "mesh": 14
    },
    {
      "matrix": [
        1,
        0,
        0,
        0,
        0,
        1,
        0,
        0,
        0,
        0,
        1,
        0,
        -63.5,
        0.1875,
        43.5,
        1
      ],
      "mesh": 14
    },
    {
      "matrix": [
        -0.37148813085022375,
        -0.11363114638804754,
        0.20958055431505962,
        0,
        0.12911270731357588,
        -0.42210115653622815,
        6.1257422745431e-18,
        0,
        0.20041445802792884,
        0.061302966978599154,
        0.388478401963423,
        0,
        -60.890625,
        4.15625,
        47.5,
        1
      ],
      "mesh": 15
    },
    {
      "matrix": [
        1,
        0,
        0,
        0,
        0,
        1,
        0,
        0,
        0,
        0,
        1,
        0,
        -9.5,
        -1.953125,
        66.5,
        1
      ],
      "mesh": 14
    },
    {
      "matrix": [
        0.48896285128294,
        -0.9928080830454159,
        0.43058528807304214,
        0,
        1.0653069117721627,
        0.5246688800857716,
        3.2959746043559335e-17,
        0,
        -0.19024395863131996,
        0.38627830188767964,
        1.1066853932780785,
        0,
        -8.5,
        0.78125,
        66.5,
        1
      ],
      "mesh": 20
    },
    {
      "matrix": [
        1.3125,
        0,
        0,
        0,
        0,
        1.3125,
        0,
        0,
        0,
        0,
        1.3125,
        0,
        -10.5,
        1.171875,
        66.890625,
        1
      ],
      "mesh": 20
    },
    {
      "matrix": [
        1,
        0,
        0,
        0,
        0,
        1,
        0,
        0,
        0,
        0,
        1,
        0,
        -2.5,
        -0.125,
        67.71875,
        1
      ],
      "mesh": 14
    },
    {
      "matrix": [
        1,
        0,
        0,
        0,
        0,
        1,
        0,
        0,
        0,
        0,
        1,
        0,
        -2.5,
        0.125,
        70.5,
        1
      ],
      "mesh": 14
    },
    {
      "matrix": [
        1,
        0,
        0,
        0,
        0,
        1,
        0,
        0,
        0,
        0,
        1,
        0,
        -6.5546875,
        1.828125,
        83.40625,
        1
      ],
      "mesh": 16
    },
    {
      "matrix": [
        1.25,
        0,
        0,
        0,
        0,
        1.25,
        0,
        0,
        0,
        0,
        1.25,
        0,
        -6.5,
        0.78125,
        83.5,
        1
      ],
      "mesh": 20
    },
    {
      "matrix": [
        0.9621531908772688,
        -0.24298388770412999,
        0.12336963808359298,
        0,
        0.2448543823835012,
        0.9695598647982466,
        0,
        0,
        -0.11961424962053703,
        0.03020759653783423,
        0.992360787415103,
        0,
        -5.5,
        0.546875,
        84.5,
        1
      ],
      "mesh": 20
    },
    {
      "matrix": [
        1,
        0,
        0,
        0,
        0,
        1,
        0,
        0,
        0,
        0,
        1,
        0,
        -4.5,
        -1.09375,
        86.5,
        1
      ],
      "mesh": 14
    },
    {
      "matrix": [
        1,
        0,
        0,
        0,
        0,
        1,
        0,
        0,
        0,
        0,
        1,
        0,
        -22.5,
        0.375,
        71.5,
        1
      ],
      "mesh": 14
    },
    {
      "matrix": [
        1,
        0,
        0,
        0,
        0,
        1,
        0,
        0,
        0,
        0,
        1,
        0,
        -7.5,
        0.40625,
        53.5,
        1
      ],
      "mesh": 14
    },
    {
      "matrix": [
        1,
        0,
        0,
        0,
        0,
        1,
        0,
        0,
        0,
        0,
        1,
        0,
        -63.5,
        0.1875,
        84.5,
        1
      ],
      "mesh": 14
    },
    {
      "matrix": [
        0.6620195574517074,
        -0.4692837646133724,
        0.04073209817510541,
        0,
        0,
        0.07025784958623094,
        0.8094566600946085,
        0,
        -0.47104814568305603,
        -0.6595398644826705,
        0.057245625219181834,
        0,
        -56.5,
        -1.0625,
        77.5,
        1
      ],
      "mesh": 15
    },
    {
      "matrix": [
        1,
        0,
        0,
        0,
        0,
        1,
        0,
        0,
        0,
        0,
        1,
        0,
        -47.5,
        -2.34375,
        71.5,
        1
      ],
      "mesh": 14
    },
    {
      "matrix": [
        1,
        0,
        0,
        0,
        0,
        1,
        0,
        0,
        0,
        0,
        1,
        0,
        -38.5,
        0.390625,
        118.5,
        1
      ],
      "mesh": 18
    },
    {
      "matrix": [
        0.7370451816173639,
        0,
        0.6758434731908174,
        0,
        0,
        1,
        0,
        0,
        -0.6758434731908174,
        0,
        0.7370451816173639,
        0,
        -40.5,
        0.78125,
        118.5,
        1
      ],
      "mesh": 18
    },
    {
      "matrix": [
        0.9319455943394346,
        0,
        0.362598137324667,
        0,
        0,
        1,
        0,
        0,
        -0.362598137324667,
        0,
        0.9319455943394346,
        0,
        -46.5,
        0,
        119.5,
        1
      ],
      "mesh": 19
    },
    {
      "matrix": [
        0.3000323640897945,
        0,
        1.4058402578169003,
        0,
        0,
        1.4375,
        0,
        0,
        -1.4058402578169003,
        0,
        0.3000323640897945,
        0,
        -34.5,
        0.234375,
        118.5,
        1
      ],
      "mesh": 17
    },
    {
      "matrix": [
        1.3125,
        0,
        0,
        0,
        0,
        1.3125,
        0,
        0,
        0,
        0,
        1.3125,
        0,
        -32.5,
        0.234375,
        118.5,
        1
      ],
      "mesh": 17
    },
    {
      "matrix": [
        1.375,
        0,
        0,
        0,
        0,
        0.11889789929977544,
        -1.3698497324677992,
        0,
        0,
        1.3698497324677992,
        0.11889789929977544,
        0,
        -67.71875,
        4.8125,
        118.5,
        1
      ],
      "mesh": 19
    },
    {
      "matrix": [
        1,
        0,
        0,
        0,
        0,
        1,
        0,
        0,
        0,
        0,
        1,
        0,
        -104.5,
        0,
        101.5,
        1
      ],
      "mesh": 14
    },
    {
      "matrix": [
        0.35647206939707315,
        0,
        0.2536413092139532,
        0,
        0,
        0.4375,
        0,
        0,
        -0.2536413092139532,
        0,
        0.35647206939707315,
        0,
        -82.5,
        0.5078125,
        85.5,
        1
      ],
      "mesh": 21
    },
    {
      "matrix": [
        0.33136981900154006,
        0,
        0.6728254179613659,
        0,
        0,
        0.75,
        0,
        0,
        -0.6728254179613659,
        0,
        0.33136981900154006,
        0,
        -83.5,
        0.5078125,
        81.5,
        1
      ],
      "mesh": 21
    },
    {
      "matrix": [
        1,
        0,
        0,
        0,
        0,
        1,
        0,
        0,
        0,
        0,
        1,
        0,
        -81.5,
        0.5078125,
        83.5,
        1
      ],
      "mesh": 21
    },
    {
      "matrix": [
        0.875,
        0,
        0,
        0,
        0,
        0.875,
        0,
        0,
        0,
        0,
        0.875,
        0,
        -88.5,
        0.78125,
        83.5,
        1
      ],
      "mesh": 14
    },
    {
      "matrix": [
        0.9987764162142613,
        0,
        -0.049453719922738996,
        0,
        0,
        1,
        0,
        0,
        0.049453719922738996,
        0,
        0.9987764162142613,
        0,
        -20.5,
        0.5,
        46.5,
        1
      ],
      "mesh": 22
    },
    {
      "matrix": [
        -0.9987764162142614,
        0,
        0.04945371992273924,
        0,
        0,
        1,
        0,
        0,
        -0.04945371992273924,
        0,
        -0.9987764162142614,
        0,
        -123.5,
        0.25,
        115.5,
        1
      ],
      "mesh": 23
    },
    {
      "matrix": [
        -0.9993116726964553,
        0,
        0.0370969110926053,
        0,
        0,
        1,
        0,
        0,
        -0.0370969110926053,
        0,
        -0.9993116726964553,
        0,
        -122.5,
        0.1796875,
        115.71875,
        1
      ],
      "mesh": 23
    },
    {
      "matrix": [
        0.7535362892301954,
        -0.05684671246689745,
        0.6549438999600601,
        0,
        0,
        0.996254350885672,
        0.08647119949074572,
        0,
        -0.6574063133353583,
        -0.0651591867895405,
        0.7507138066958263,
        0,
        -10.890625,
        0,
        72.8671875,
        1
      ],
      "mesh": 18
    },
    {
      "matrix": [
        1,
        0,
        0,
        0,
        0,
        1,
        0,
        0,
        0,
        0,
        1,
        0,
        -14.5,
        0.875,
        11.5,
        1
      ],
      "mesh": 24
    },
    {
      "matrix": [
        -0.507123863869773,
        0,
        -0.8618731848095703,
        0,
        0,
        1,
        0,
        0,
        0.8618731848095703,
        0,
        -0.507123863869773,
        0,
        -118.5,
        0.25,
        107.5,
        1
      ],
      "mesh": 22
    },
    {
      "matrix": [
        -0.20871816632333506,
        0,
        -0.9779758315248004,
        0,
        0,
        1,
        0,
        0,
        0.9779758315248004,
        0,
        -0.20871816632333506,
        0,
        -105.5,
        0.4375,
        92.5,
        1
      ],
      "mesh": 22
    },
    {
      "matrix": [
        -0.6095788197507077,
        0,
        0.7927254647804207,
        0,
        0,
        1,
        0,
        0,
        -0.7927254647804207,
        0,
        -0.6095788197507077,
        0,
        -106.5,
        0.16796875,
        95.671875,
        1
      ],
      "mesh": 22
    },
    {
      "matrix": [
        0.6480361721016052,
        0,
        -0.7616095585323878,
        0,
        0,
        1,
        0,
        0,
        0.7616095585323878,
        0,
        0.6480361721016052,
        0,
        -107.5,
        0.3125,
        93.5,
        1
      ],
      "mesh": 22
    },
    {
      "matrix": [
        -0.9987764162142614,
        0,
        -0.04945371992273924,
        0,
        0,
        1,
        0,
        0,
        0.04945371992273924,
        0,
        -0.9987764162142614,
        0,
        -118.5,
        0.375,
        86.5,
        1
      ],
      "mesh": 22
    },
    {
      "matrix": [
        1,
        0,
        0,
        0,
        0,
        1,
        0,
        0,
        0,
        0,
        1,
        0,
        -113.5,
        0.5,
        77.5,
        1
      ],
      "mesh": 22
    },
    {
      "matrix": [
        1,
        0,
        0,
        0,
        0,
        1,
        0,
        0,
        0,
        0,
        1,
        0,
        -115.5,
        0.5,
        77.5,
        1
      ],
      "mesh": 22
    },
    {
      "matrix": [
        -0.507123863869773,
        0,
        -0.8618731848095703,
        0,
        0,
        1,
        0,
        0,
        0.8618731848095703,
        0,
        -0.507123863869773,
        0,
        -124.5,
        0.625,
        61.5,
        1
      ],
      "mesh": 22
    },
    {
      "matrix": [
        1,
        0,
        0,
        0,
        0,
        1,
        0,
        0,
        0,
        0,
        1,
        0,
        -121.5,
        0.5,
        63.5,
        1
      ],
      "mesh": 22
    },
    {
      "matrix": [
        0.08647119949074578,
        0,
        0.996254350885672,
        0,
        0,
        1,
        0,
        0,
        -0.996254350885672,
        0,
        0.08647119949074578,
        0,
        -119.5,
        0.4375,
        62.5,
        1
      ],
      "mesh": 22
    },
    {
      "matrix": [
        0.5491261904230724,
        0,
        0.8357394492253215,
        0,
        0,
        1,
        0,
        0,
        -0.8357394492253215,
        0,
        0.5491261904230724,
        0,
        -118.5,
        0.4375,
        60.5,
        1
      ],
      "mesh": 22
    },
    {
      "matrix": [
        -0.7851254621398549,
        0,
        0.6193367490305086,
        0,
        0,
        1,
        0,
        0,
        -0.6193367490305086,
        0,
        -0.7851254621398549,
        0,
        -122.5,
        0.4375,
        40.5,
        1
      ],
      "mesh": 22
    },
    {
      "matrix": [
        0.1356338783736255,
        0,
        0.990759027734458,
        0,
        0,
        1,
        0,
        0,
        -0.990759027734458,
        0,
        0.1356338783736255,
        0,
        -113.5,
        0.375,
        34.5,
        1
      ],
      "mesh": 22
    },
    {
      "matrix": [
        1,
        0,
        0,
        0,
        0,
        1,
        0,
        0,
        0,
        0,
        1,
        0,
        -115.5,
        0.375,
        32.5,
        1
      ],
      "mesh": 22
    },
    {
      "matrix": [
        0.9871010858946441,
        0,
        0.16009823929579747,
        0,
        0,
        1,
        0,
        0,
        -0.16009823929579747,
        0,
        0.9871010858946441,
        0,
        -114.5,
        0.375,
        30.5,
        1
      ],
      "mesh": 22
    },
    {
      "matrix": [
        0.992360787415103,
        0,
        -0.12336963808359298,
        0,
        0,
        1,
        0,
        0,
        0.12336963808359298,
        0,
        0.992360787415103,
        0,
        -113.5,
        0.375,
        32.5,
        1
      ],
      "mesh": 22
    },
    {
      "matrix": [
        -0.2806535185300929,
        0,
        -0.9598091490169692,
        0,
        0,
        1,
        0,
        0,
        0.9598091490169692,
        0,
        -0.2806535185300929,
        0,
        -123.5,
        0.5,
        21.5,
        1
      ],
      "mesh": 22
    },
    {
      "matrix": [
        -0.7027203712489902,
        0,
        0.7114661480574334,
        0,
        0,
        1,
        0,
        0,
        -0.7114661480574334,
        0,
        -0.7027203712489902,
        0,
        -121.5,
        0.5,
        22.5,
        1
      ],
      "mesh": 22
    },
    {
      "matrix": [
        1,
        0,
        0,
        0,
        0,
        1,
        0,
        0,
        0,
        0,
        1,
        0,
        -99.5,
        0.375,
        27.5,
        1
      ],
      "mesh": 25
    },
    {
      "matrix": [
        1,
        0,
        0,
        0,
        0,
        1,
        0,
        0,
        0,
        0,
        1,
        0,
        -102.5,
        0.5,
        29.5,
        1
      ],
      "mesh": 25
    },
    {
      "matrix": [
        1,
        0,
        0,
        0,
        0,
        1,
        0,
        0,
        0,
        0,
        1,
        0,
        -101.5,
        0.5,
        31.5,
        1
      ],
      "mesh": 25
    },
    {
      "matrix": [
        0.9996940572530831,
        0,
        -0.024734427279994954,
        0,
        0,
        1,
        0,
        0,
        0.024734427279994954,
        0,
        0.9996940572530831,
        0,
        -86.5,
        0.5,
        26.5,
        1
      ],
      "mesh": 25
    },
    {
      "matrix": [
        0.9996940572530831,
        0,
        -0.024734427279994954,
        0,
        0,
        1,
        0,
        0,
        0.024734427279994954,
        0,
        0.9996940572530831,
        0,
        -85.5,
        0.53125,
        26.5,
        1
      ],
      "mesh": 25
    },
    {
      "matrix": [
        -0.4856507733875839,
        0,
        0.8741529192927526,
        0,
        0,
        1,
        0,
        0,
        -0.8741529192927526,
        0,
        -0.4856507733875839,
        0,
        -82.5,
        0.40625,
        50.5,
        1
      ],
      "mesh": 26
    },
    {
      "matrix": [
        0.9996940572530831,
        0,
        -0.024734427279994954,
        0,
        0,
        1,
        0,
        0,
        0.024734427279994954,
        0,
        0.9996940572530831,
        0,
        -83.5,
        0.375,
        48.5,
        1
      ],
      "mesh": 26
    },
    {
      "matrix": [
        0.06180296346008418,
        0,
        -0.9980883696885519,
        0,
        0,
        1,
        0,
        0,
        0.9980883696885519,
        0,
        0.06180296346008418,
        0,
        -79.1875,
        0.296875,
        58.875,
        1
      ],
      "mesh": 26
    },
    {
      "matrix": [
        0.02767777351049838,
        0,
        -0.7455801933008709,
        0,
        0,
        0.74609375,
        0,
        0,
        0.7455801933008709,
        0,
        0.02767777351049838,
        0,
        -69.5,
        0.375,
        46.5,
        1
      ],
      "mesh": 26
    },
    {
      "matrix": [
        0.745180841784859,
        0,
        -0.03689711134860605,
        0,
        0,
        0.74609375,
        0,
        0,
        0.03689711134860605,
        0,
        0.745180841784859,
        0,
        -66.671875,
        0.5625,
        43.5,
        1
      ],
      "mesh": 26
    },
    {
      "matrix": [
        0.745180841784859,
        0,
        -0.03689711134860605,
        0,
        0,
        0.74609375,
        0,
        0,
        0.03689711134860605,
        0,
        0.745180841784859,
        0,
        -65.109375,
        0.296875,
        45.9765625,
        1
      ],
      "mesh": 26
    },
    {
      "matrix": [
        0.745180841784859,
        0,
        -0.03689711134860605,
        0,
        0,
        0.74609375,
        0,
        0,
        0.03689711134860605,
        0,
        0.745180841784859,
        0,
        -65.5,
        0.375,
        50.5,
        1
      ],
      "mesh": 26
    },
    {
      "matrix": [
        -0.40969961863596405,
        0,
        -0.6235399796954547,
        0,
        0,
        0.74609375,
        0,
        0,
        0.6235399796954547,
        0,
        -0.40969961863596405,
        0,
        -58.5,
        0.375,
        43.5,
        1
      ],
      "mesh": 26
    },
    {
      "matrix": [
        0.745180841784859,
        0,
        -0.03689711134860605,
        0,
        0,
        0.74609375,
        0,
        0,
        0.03689711134860605,
        0,
        0.745180841784859,
        0,
        -59.5,
        0.375,
        40.5,
        1
      ],
      "mesh": 26
    },
    {
      "matrix": [
        0.992360787415103,
        0.018243577589213036,
        -0.1220132758253096,
        0,
        0,
        0.9890057044881307,
        0.14787736976946897,
        0,
        0.123369638083593,
        -0.14674770310530455,
        0.9814504796638701,
        0,
        -51.9375,
        0,
        3.8125,
        1
      ],
      "mesh": 27
    },
    {
      "matrix": [
        1,
        0,
        0,
        0,
        0,
        1,
        0,
        0,
        0,
        0,
        1,
        0,
        -54.71875,
        0.0390625,
        4.15625,
        1
      ],
      "mesh": 27
    },
    {
      "matrix": [
        1,
        0,
        0,
        0,
        0,
        1,
        0,
        0,
        0,
        0,
        1,
        0,
        -40.5,
        0.6640625,
        76.5,
        1
      ],
      "mesh": 27
    },
    {
      "matrix": [
        0.8800926628551884,
        0,
        -0.4748019637580112,
        0,
        0,
        1,
        0,
        0,
        0.4748019637580112,
        0,
        0.8800926628551884,
        0,
        -48.28125,
        0.5,
        109.5,
        1
      ],
      "mesh": 28
    },
    {
      "matrix": [
        1,
        0,
        0,
        0,
        0,
        1,
        0,
        0,
        0,
        0,
        1,
        0,
        -6.5,
        0,
        115.5,
        1
      ],
      "mesh": 27
    },
    {
      "matrix": [
        1,
        0,
        0,
        0,
        0,
        1,
        0,
        0,
        0,
        0,
        1,
        0,
        -8.5,
        0,
        83.5,
        1
      ],
      "mesh": 27
    },
    {
      "matrix": [
        0.9996940572530831,
        0,
        -0.024734427279994954,
        0,
        0,
        1,
        0,
        0,
        0.024734427279994954,
        0,
        0.9996940572530831,
        0,
        -10.5,
        0.375,
        85.5,
        1
      ],
      "mesh": 25
    },
    {
      "matrix": [
        1,
        0,
        0,
        0,
        0,
        1,
        0,
        0,
        0,
        0,
        1,
        0,
        -11.5,
        0.5,
        90.5,
        1
      ],
      "mesh": 25
    },
    {
      "matrix": [
        0.9996940572530831,
        0,
        -0.024734427279994954,
        0,
        0,
        1,
        0,
        0,
        0.024734427279994954,
        0,
        0.9996940572530831,
        0,
        -4.5,
        0.25,
        90.5,
        1
      ],
      "mesh": 25
    },
    {
      "matrix": [
        1,
        0,
        0,
        0,
        0,
        1,
        0,
        0,
        0,
        0,
        1,
        0,
        -6.5,
        0.5,
        93.5,
        1
      ],
      "mesh": 25
    },
    {
      "matrix": [
        1,
        0,
        0,
        0,
        0,
        1,
        0,
        0,
        0,
        0,
        1,
        0,
        -10.5,
        0.5,
        94.5,
        1
      ],
      "mesh": 25
    },
    {
      "matrix": [
        1,
        0,
        0,
        0,
        0,
        1,
        0,
        0,
        0,
        0,
        1,
        0,
        -13.5,
        0.5,
        99.5,
        1
      ],
      "mesh": 25
    },
    {
      "matrix": [
        1,
        0,
        0,
        0,
        0,
        1,
        0,
        0,
        0,
        0,
        1,
        0,
        -13.5,
        0.375,
        107.5,
        1
      ],
      "mesh": 25
    },
    {
      "matrix": [
        0.9996940572530831,
        0,
        -0.024734427279994954,
        0,
        0,
        1,
        0,
        0,
        0.024734427279994954,
        0,
        0.9996940572530831,
        0,
        -8.5,
        0.5,
        109.5,
        1
      ],
      "mesh": 25
    },
    {
      "matrix": [
        1,
        0,
        0,
        0,
        0,
        1,
        0,
        0,
        0,
        0,
        1,
        0,
        -11.5,
        0.375,
        110.5,
        1
      ],
      "mesh": 25
    },
    {
      "matrix": [
        1,
        0,
        0,
        0,
        0,
        1,
        0,
        0,
        0,
        0,
        1,
        0,
        -17.5,
        0.5,
        106.5,
        1
      ],
      "mesh": 25
    },
    {
      "matrix": [
        0.9996940572530831,
        0,
        -0.024734427279994954,
        0,
        0,
        1,
        0,
        0,
        0.024734427279994954,
        0,
        0.9996940572530831,
        0,
        -27.5,
        0.4375,
        107.5,
        1
      ],
      "mesh": 25
    },
    {
      "matrix": [
        1,
        0,
        0,
        0,
        0,
        1,
        0,
        0,
        0,
        0,
        1,
        0,
        -32.5,
        0.5,
        104.5,
        1
      ],
      "mesh": 25
    },
    {
      "matrix": [
        0.9996940572530831,
        0,
        0.024734427279994954,
        0,
        0,
        1,
        0,
        0,
        -0.024734427279994954,
        0,
        0.9996940572530831,
        0,
        -34.5,
        0.75,
        102.5,
        1
      ],
      "mesh": 25
    },
    {
      "matrix": [
        1,
        0,
        0,
        0,
        0,
        1,
        0,
        0,
        0,
        0,
        1,
        0,
        -29.5,
        0.75,
        102.5,
        1
      ],
      "mesh": 25
    },
    {
      "matrix": [
        1,
        0,
        0,
        0,
        0,
        1,
        0,
        0,
        0,
        0,
        1,
        0,
        -29.5,
        0.5625,
        104.5,
        1
      ],
      "mesh": 25
    },
    {
      "matrix": [
        0.9996940572530831,
        0,
        0.024734427279994954,
        0,
        0,
        1,
        0,
        0,
        -0.024734427279994954,
        0,
        0.9996940572530831,
        0,
        -36.5,
        0.5,
        90.5,
        1
      ],
      "mesh": 25
    },
    {
      "matrix": [
        0.9996940572530831,
        0,
        0.024734427279994954,
        0,
        0,
        1,
        0,
        0,
        -0.024734427279994954,
        0,
        0.9996940572530831,
        0,
        -35.5,
        0.5,
        89.5,
        1
      ],
      "mesh": 25
    },
    {
      "matrix": [
        1,
        0,
        0,
        0,
        0,
        1,
        0,
        0,
        0,
        0,
        1,
        0,
        -33.5,
        0.625,
        91.5,
        1
      ],
      "mesh": 25
    },
    {
      "matrix": [
        1,
        0,
        0,
        0,
        0,
        1,
        0,
        0,
        0,
        0,
        1,
        0,
        -24.5,
        0.625,
        85.5,
        1
      ],
      "mesh": 25
    },
    {
      "matrix": [
        1,
        0,
        0,
        0,
        0,
        1,
        0,
        0,
        0,
        0,
        1,
        0,
        -23.5,
        0.75,
        84.5,
        1
      ],
      "mesh": 25
    },
    {
      "matrix": [
        0.9987764162142613,
        0,
        -0.049453719922738996,
        0,
        0,
        1,
        0,
        0,
        0.049453719922738996,
        0,
        0.9987764162142613,
        0,
        -37.609375,
        0.2890625,
        35.46875,
        1
      ],
      "mesh": 22
    },
    {
      "matrix": [
        0.9987764162142613,
        0,
        -0.049453719922738996,
        0,
        0,
        1,
        0,
        0,
        0.049453719922738996,
        0,
        0.9987764162142613,
        0,
        -32.953125,
        0.5,
        44.421875,
        1
      ],
      "mesh": 22
    },
    {
      "matrix": [
        1,
        0,
        0,
        0,
        0,
        1,
        0,
        0,
        0,
        0,
        1,
        0,
        -8.5,
        0.5,
        45.5,
        1
      ],
      "mesh": 22
    },
    {
      "matrix": [
        1,
        0,
        0,
        0,
        0,
        1,
        0,
        0,
        0,
        0,
        1,
        0,
        -4.5,
        0.5,
        46.5,
        1
      ],
      "mesh": 22
    },
    {
      "matrix": [
        1,
        0,
        0,
        0,
        0,
        1,
        0,
        0,
        0,
        0,
        1,
        0,
        -4.5,
        1.03125,
        52.5,
        1
      ],
      "mesh": 22
    },
    {
      "matrix": [
        0.9987764162142613,
        0,
        -0.049453719922738996,
        0,
        0,
        1,
        0,
        0,
        0.049453719922738996,
        0,
        0.9987764162142613,
        0,
        -11.5,
        0.5,
        52.5,
        1
      ],
      "mesh": 22
    },
    {
      "matrix": [
        0.9890057044881307,
        0,
        -0.14787736976946894,
        0,
        0,
        1,
        0,
        0,
        0.14787736976946894,
        0,
        0.9890057044881307,
        0,
        -18.5,
        0.5,
        65.5,
        1
      ],
      "mesh": 22
    },
    {
      "matrix": [
        0.9996940572530831,
        0,
        0.024734427279994954,
        0,
        0,
        1,
        0,
        0,
        -0.024734427279994954,
        0,
        0.9996940572530831,
        0,
        -46.5,
        0.6875,
        89.5,
        1
      ],
      "mesh": 22
    },
    {
      "matrix": [
        0.9850454633172633,
        0,
        -0.17229461743791666,
        0,
        0,
        1,
        0,
        0,
        0.17229461743791666,
        0,
        0.9850454633172633,
        0,
        -26.5,
        0.5,
        67.5,
        1
      ],
      "mesh": 22
    },
    {
      "matrix": [
        0.9850454633172633,
        0,
        -0.17229461743791666,
        0,
        0,
        1,
        0,
        0,
        0.17229461743791666,
        0,
        0.9850454633172633,
        0,
        -19.5,
        0.5,
        69.5,
        1
      ],
      "mesh": 22
    },
    {
      "matrix": [
        -0.6756367037821438,
        -0.0015189035293904397,
        -0.7372331635476449,
        0,
        0.024734427279994954,
        0.9993882081071307,
        -0.024726859961369498,
        0,
        0.7368196879898982,
        -0.0349414142313522,
        -0.6751857855153518,
        0,
        -47.3671875,
        0.5859375,
        78.421875,
        1
      ],
      "mesh": 18
    },
    {
      "matrix": [
        0.4823142645151637,
        0.018068150514655427,
        0.5740614010558248,
        0,
        0.09252722856269473,
        0.7373928066758915,
        -0.10094830675726163,
        0,
        -0.566843595906052,
        0.13574015838959044,
        0.47197769775770687,
        0,
        -47.5,
        1.171875,
        78.5,
        1
      ],
      "mesh": 19
    },
    {
      "matrix": [
        -0.15949856746757374,
        -0.0016342040543552983,
        0.9871968073048557,
        0,
        -0.08647119949074572,
        0.9961781487731907,
        -0.01232183287707398,
        0,
        -0.9834037515865105,
        -0.0873294067535536,
        -0.15903029925661616,
        0,
        -35.3828125,
        0.1171875,
        75.9453125,
        1
      ],
      "mesh": 19
    },
    {
      "matrix": [
        1,
        0,
        0,
        0,
        0,
        1,
        0,
        0,
        0,
        0,
        1,
        0,
        -39.5,
        0,
        79.5,
        1
      ],
      "mesh": 19
    },
    {
      "matrix": [
        1.5625,
        0,
        0,
        0,
        0,
        1.5625,
        0,
        0,
        0,
        0,
        1.5625,
        0,
        -46.5,
        0.390625,
        70.5,
        1
      ],
      "mesh": 17
    },
    {
      "matrix": [
        1,
        0,
        0,
        0,
        0,
        1,
        0,
        0,
        0,
        0,
        1,
        0,
        -39.5,
        0,
        65.5,
        1
      ],
      "mesh": 17
