[gd_scene load_steps=17 format=3 uid="uid://c7aiiv0jd8r4t"]

[ext_resource type="PackedScene" uid="uid://pm6pvuquqf63" path="res://game/assets/obj_models/levels/erthcaveMap.tscn" id="16_bb7f4"]
[ext_resource type="PackedScene" uid="uid://b6anugqrrewfd" path="res://game/assets/obj_models/objects/52_skeleton.tscn" id="28_4jasr"]
[ext_resource type="PackedScene" uid="uid://cpqgc8i4mf13q" path="res://game/assets/obj_models/objects/135_darkchest.tscn" id="28_5lnlr"]
[ext_resource type="PackedScene" uid="uid://c7im5vfh0kwjg" path="res://game/assets/obj_models/objects/8_table.tscn" id="28_6nj00"]
[ext_resource type="PackedScene" uid="uid://dfvem0cnwq2xp" path="res://game/assets/obj_models/objects/51_spiderweb.tscn" id="28_hgkvo"]
[ext_resource type="PackedScene" uid="uid://c7gu63wsnvxs4" path="res://game/assets/obj_models/objects/48_crate.tscn" id="28_otksx"]
[ext_resource type="PackedScene" uid="uid://c6papdgoewkjm" path="res://game/assets/obj_models/objects/47_grainbag.tscn" id="29_4tq3a"]
[ext_resource type="PackedScene" uid="uid://ms0tvjwnj0gg" path="res://game/assets/obj_models/objects/50_crystal.tscn" id="29_5kdem"]
[ext_resource type="PackedScene" uid="uid://cqd6577r2ktcn" path="res://game/assets/obj_models/objects/15_chest_closed.tscn" id="29_c8ppc"]
[ext_resource type="PackedScene" uid="uid://ccb4tgfm5eejy" path="res://game/assets/obj_models/objects/5_sbarrel.tscn" id="29_dc34k"]
[ext_resource type="PackedScene" uid="uid://dh3bsij3hp31u" path="res://game/assets/obj_models/objects/10_chair.tscn" id="29_hou3g"]
[ext_resource type="PackedScene" uid="uid://c40npwbpfe0tm" path="res://game/assets/obj_models/objects/4_bottle.tscn" id="29_htfgm"]
[ext_resource type="PackedScene" uid="uid://u5n601tug7v2" path="res://game/assets/obj_models/objects/49_skullpile.tscn" id="29_jphac"]
[ext_resource type="PackedScene" uid="uid://d3abq2yr0dv02" path="res://game/assets/obj_models/objects/2_lantern.tscn" id="29_m7tm0"]
[ext_resource type="PackedScene" uid="uid://dwsum2bgos13p" path="res://game/assets/obj_models/objects/45_woodpile.tscn" id="29_qvyxa"]
[ext_resource type="PackedScene" uid="uid://b443ef6ndhruh" path="res://game/assets/obj_models/objects/11_rock.tscn" id="29_wom0e"]

[node name="erthcave" type="Node3D"]

[node name="Skeleton" type="Node3D" parent="."]

[node name="52Skeleton" parent="Skeleton" instance=ExtResource("28_4jasr")]
transform = Transform3D(0.441826, 0, 0.897101, 0, 1, 0, 0.897101, 0, -0.441826, -3.5, 15.7073, 49.5)

[node name="52Skeleton2" parent="Skeleton" instance=ExtResource("28_4jasr")]
transform = Transform3D(0.327776, 0, -0.944755, 0, 1, 0, -0.944755, 0, -0.327776, 0.5, 15.701, 48.5)

[node name="52Skeleton3" parent="Skeleton" instance=ExtResource("28_4jasr")]
transform = Transform3D(0.327776, 0, 0.944755, 0, 1, 0, 0.944755, 0, -0.327776, -58.5, 15.7118, -52.5)

[node name="52Skeleton4" parent="Skeleton" instance=ExtResource("28_4jasr")]
transform = Transform3D(-0.507124, 0, 0.861873, 0, 1, 0, 0.861873, 0, 0.507124, -59.5, 15.7118, -51.5)

[node name="52Skeleton5" parent="Skeleton" instance=ExtResource("28_4jasr")]
transform = Transform3D(0.538748, 0, -0.842467, 0, 1, 0, -0.842467, 0, -0.538748, -59.5, 15.7118, -52.5)

[node name="52Skeleton6" parent="Skeleton" instance=ExtResource("28_4jasr")]
transform = Transform3D(1, 0, 0, 0, 1, 0, 0, 0, -1, 23.5, 15.6943, -14.5)

[node name="52Skeleton7" parent="Skeleton" instance=ExtResource("28_4jasr")]
transform = Transform3D(1, 0, 0, 0, 1, 0, 0, 0, -1, 25.5, 15.7007, 54.5)

[node name="52Skeleton8" parent="Skeleton" instance=ExtResource("28_4jasr")]
transform = Transform3D(0.737045, 0, 0.675844, 0, 1, 0, 0.675844, 0, -0.737045, 23.5, 15.698, 54.5)

[node name="52Skeleton9" parent="Skeleton" instance=ExtResource("28_4jasr")]
transform = Transform3D(0.753536, 1.86265e-09, 0.657406, -0.0568467, 0.996254, 0.0651592, 0.654944, 0.0864712, -0.750714, 53.1094, 15.6836, 8.86719)

[node name="52Skeleton10" parent="Skeleton" instance=ExtResource("28_4jasr")]
transform = Transform3D(-0.675637, 0.0247344, -0.73682, -0.0015189, 0.999388, 0.0349414, -0.737233, -0.0247269, 0.675186, 16.6328, 15.702, 14.4219)

[node name="52Skeleton11" parent="Skeleton" instance=ExtResource("28_4jasr")]
transform = Transform3D(0.880689, 0, -0.594385, 0, 1.0625, 0, -0.594385, 0, -0.880689, -33.6719, 15.5049, -18.8828)

[node name="52Skeleton12" parent="Skeleton" instance=ExtResource("28_4jasr")]
transform = Transform3D(0.441826, 0, -0.897101, 0, 1, 0, -0.897101, 0, -0.441826, -33.125, 15.6956, -19.9375)

[node name="52Skeleton13" parent="Skeleton" instance=ExtResource("28_4jasr")]
transform = Transform3D(-0.160098, 0, 0.987101, 0, 1, 0, 0.987101, 0, 0.160098, -61.2812, 15.6977, -21.5)

[node name="52Skeleton14" parent="Skeleton" instance=ExtResource("28_4jasr")]
transform = Transform3D(-0.0987865, 0, -0.995109, 0, 1, 0, -0.995109, 0, 0.0987865, 28.6172, 15.6995, 3.20312)

[node name="Chest" type="Node3D" parent="."]

[node name="15ChestClosed" parent="Chest" instance=ExtResource("29_c8ppc")]
transform = Transform3D(0.992361, 0, 0.12337, 0.0182436, 0.989006, -0.146748, -0.122013, 0.147877, 0.98145, 12.0625, 14.7996, -60.1875)

[node name="15ChestClosed2" parent="Chest" instance=ExtResource("29_c8ppc")]
transform = Transform3D(0.998607, 0.0520692, 0.00858173, -0.0527717, 0.985314, 0.162393, 0, -0.16262, 0.986689, 9.281, 14.8711, -59.844)

[node name="15ChestClosed3" parent="Chest" instance=ExtResource("29_c8ppc")]
transform = Transform3D(1, 0, 0, 0, 1, 0, 0, 0, 1, 23.5, 15, 12.5)

[node name="15ChestClosed4" parent="Chest" instance=ExtResource("29_c8ppc")]
transform = Transform3D(1, 0, 0, 0, 1, 0, 0, 0, 1, 57.5, 15, 51.5)

[node name="15ChestClosed5" parent="Chest" instance=ExtResource("29_c8ppc")]
transform = Transform3D(1, 0, 0, 0, 1, 0, 0, 0, 1, 55.5, 14.5, 19.5)

[node name="15ChestClosed6" parent="Chest" instance=ExtResource("29_c8ppc")]
transform = Transform3D(0.868079, 0, 0.496425, 0, 1, 0, -0.496425, 0, 0.868079, 14.633, 15, 43.25)

[node name="DarkChest" type="Node3D" parent="."]

[node name="135Darkchest" parent="DarkChest" instance=ExtResource("28_5lnlr")]
transform = Transform3D(-0.160098, 0, -0.987101, 0, 1, 0, 0.987101, 0, -0.160098, 59.5, 14.75, 5.5)

[node name="135Darkchest2" parent="DarkChest" instance=ExtResource("28_5lnlr")]
transform = Transform3D(-0.160098, 0, -0.987101, 0, 1, 0, 0.987101, 0, -0.160098, 59.5, 14.75, 5.5)

[node name="Crystal" type="Node3D" parent="."]

[node name="50Crystal" parent="Crystal" instance=ExtResource("29_5kdem")]
transform = Transform3D(-0.25615, 0.23937, -0.356496, -0.229463, 0.274563, 0.34923, -0.362952, -0.342517, 0.0308057, 55.3612, 16.8408, 56.6986)

[node name="50Crystal2" parent="Crystal" instance=ExtResource("29_5kdem")]
transform = Transform3D(0.5, 0, 0, 0, 0.5, 0, 0, 0, -0.5, -0.5, 15.203, 34.5)

[node name="50Crystal3" parent="Crystal" instance=ExtResource("29_5kdem")]
transform = Transform3D(-0.484187, 0.0247269, -0.122277, -0.0239742, -0.499388, -0.00605448, 0.122427, 1.39698e-09, -0.48478, -56.5, 21.25, -44.5)

[node name="50Crystal4" parent="Crystal" instance=ExtResource("29_5kdem")]
transform = Transform3D(-0.371488, 0.129113, -0.200414, -0.113631, -0.422101, -0.061303, 0.209581, 6.57747e-09, -0.388478, 3.10938, 19.1562, -16.5)

[node name="50Crystal5" parent="Crystal" instance=ExtResource("29_5kdem")]
transform = Transform3D(0.446632, -0.563829, 0.377855, -0.469284, 0.0702577, 0.65954, 0.490357, 0.580791, 0.287035, 7.54222, 13.9272, 12.7344)

[node name="50Crystal6" parent="Crystal" instance=ExtResource("29_5kdem")]
transform = Transform3D(0.625, 0, 0, 0, 0.625, 0, 0, 0, -0.625, 51.5, 15, -39.5)

[node name="50Crystal7" parent="Crystal" instance=ExtResource("29_5kdem")]
transform = Transform3D(0.75, 0, 0, 0, 0.75, 0, 0, 0, -0.75, 53.5, 15, -48.5)

[node name="50Crystal8" parent="Crystal" instance=ExtResource("29_5kdem")]
transform = Transform3D(0.8125, 0, 0, 0, 0.8125, 0, 0, 0, -0.8125, 56.5, 15, -52.5)

[node name="50Crystal9" parent="Crystal" instance=ExtResource("29_5kdem")]
transform = Transform3D(0.552784, 0, 0.506883, 0, 0.75, 0, 0.506883, 0, -0.552784, 56.5, 14.9343, -41.5)

[node name="50Crystal10" parent="Crystal" instance=ExtResource("29_5kdem")]
transform = Transform3D(1, 0, 0, 0, 1, 0, 0, 0, -1, 59.5, 15, -49.5)

[node name="50Crystal11" parent="Crystal" instance=ExtResource("29_5kdem")]
transform = Transform3D(0.4375, 0, 0, 0, 0.4375, 0, 0, 0, -0.4375, 52.5, 15, -56.5)

[node name="50Crystal12" parent="Crystal" instance=ExtResource("29_5kdem")]
transform = Transform3D(0.6875, 0, 0, 0, 0.6875, 0, 0, 0, -0.6875, -56.5, 15, 60.5)

[node name="50Crystal13" parent="Crystal" instance=ExtResource("29_5kdem")]
transform = Transform3D(-0.624235, 0, 0.0309086, 0, 0.625, 0, 0.0309086, 0, 0.624235, -53.5, 15, 59.5)

[node name="50Crystal14" parent="Crystal" instance=ExtResource("29_5kdem")]
transform = Transform3D(0.5, 0, 0, 0, 0.5, 0, 0, 0, -0.5, -59.5, 15, 59.5)

[node name="50Crystal15" parent="Crystal" instance=ExtResource("29_5kdem")]
transform = Transform3D(0.6875, 0, 0, 0, 0.6875, 0, 0, 0, -0.6875, -55.5, 15, 45.5)

[node name="50Crystal16" parent="Crystal" instance=ExtResource("29_5kdem")]
transform = Transform3D(0.276142, 2.32831e-09, 0.560688, -0.0691719, 0.620225, 0.0340675, 0.556405, 0.077106, -0.274032, -56.539, 15, 56.5)

[node name="50Crystal17" parent="Crystal" instance=ExtResource("29_5kdem")]
transform = Transform3D(1, 0, 0, 0, 1, 0, 0, 0, -1, -50.5, 14.995, 31.5)

[node name="50Crystal18" parent="Crystal" instance=ExtResource("29_5kdem")]
transform = Transform3D(1, 0, 0, 0, 1, 0, 0, 0, -1, -51.281, 14.7572, 46.5)

[node name="50Crystal19" parent="Crystal" instance=ExtResource("29_5kdem")]
transform = Transform3D(0.749943, 0, 0.00927612, 0, 0.75, 0, 0.00927612, 0, -0.749943, 36.188, 15, 35.328)

[node name="50Crystal20" parent="Crystal" instance=ExtResource("29_5kdem")]
transform = Transform3D(0.812251, 1.89175e-10, 0.0200967, -0.00419455, 0.794605, 0.169532, 0.0196541, 0.169584, -0.794362, -26.0078, 15.0001, 27.9261)

[node name="50Crystal21" parent="Crystal" instance=ExtResource("29_5kdem")]
transform = Transform3D(0.480485, 0, 0.731272, 0, 0.875, 0, 0.731272, 0, -0.480485, -37.5, 15.3906, 57.5)

[node name="50Crystal22" parent="Crystal" instance=ExtResource("29_5kdem")]
transform = Transform3D(1, 0, 0, 0, 1, 0, 0, 0, -1, -9.109, 14.8763, -2.672)

[node name="50Crystal23" parent="Crystal" instance=ExtResource("29_5kdem")]
transform = Transform3D(0.8125, 0, 0, 0, 0.8125, 0, 0, 0, -0.8125, 7.328, 15, -7.398)

[node name="50Crystal24" parent="Crystal" instance=ExtResource("29_5kdem")]
transform = Transform3D(0.625, 0, 0, 0, 0.625, 0, 0, 0, -0.625, -1.5, 15.2375, -37.5)

[node name="50Crystal25" parent="Crystal" instance=ExtResource("29_5kdem")]
transform = Transform3D(0.378076, 0.077106, 0.491669, -0.0470022, 0.620225, -0.0611239, 0.495453, 6.98492e-09, -0.380987, 7.5, 14.9678, -39.5)

[node name="Barrel" type="Node3D" parent="."]

[node name="5Sbarrel" parent="Barrel" instance=ExtResource("29_dc34k")]
transform = Transform3D(1.20269, -0.306068, -0.149518, 0.30373, 1.21195, -0.0377595, 0.154212, -3.49246e-09, 1.24045, 10.35, 14.8659, -46.5)

[node name="5Sbarrel2" parent="Barrel" instance=ExtResource("29_dc34k")]
transform = Transform3D(0.774563, -0.474802, -0.41787, 0.41787, 0.880093, -0.225437, 0.474802, -1.49012e-08, 0.880093, 9.5, 14.8284, -45.5)

[node name="5Sbarrel3" parent="Barrel" instance=ExtResource("29_dc34k")]
transform = Transform3D(0.22445, 1.16282, -0.0873282, -1.08369, 0.240839, 0.421636, 0.430585, 1.76951e-08, 1.10669, 55.5, 15.3326, 2.5)

[node name="5Sbarrel4" parent="Barrel" instance=ExtResource("29_dc34k")]
transform = Transform3D(1.3125, 0, 0, 0, 1.3125, 0, 0, 0, 1.3125, 53.5, 14.8982, 2.891)

[node name="5Sbarrel5" parent="Barrel" instance=ExtResource("29_dc34k")]
transform = Transform3D(1.25, 0, 0, 0, 1.25, 0, 0, 0, 1.25, 57.5, 15, 19.5)

[node name="5Sbarrel6" parent="Barrel" instance=ExtResource("29_dc34k")]
transform = Transform3D(0.962153, 0.244854, -0.119614, -0.242984, 0.96956, 0.0302076, 0.12337, -9.31323e-10, 0.992361, 58.5043, 14.9354, 20.5)

[node name="5Sbarrel7" parent="Barrel" instance=ExtResource("29_dc34k")]
transform = Transform3D(1, 0, 0, 0, 1, 0, 0, 0, 1, 5.5, 15, -58.062)

[node name="5Sbarrel8" parent="Barrel" instance=ExtResource("29_dc34k")]
transform = Transform3D(1, 0, 0, 0, 1, 0, 0, 0, 1, -24.187, 15, -35.5)

[node name="5Sbarrel9" parent="Barrel" instance=ExtResource("29_dc34k")]
transform = Transform3D(1, 0, 0, 0, 1, 0, 0, 0, 1, -22.0625, 15.3906, -34.5938)

[node name="5Sbarrel10" parent="Barrel" instance=ExtResource("29_dc34k")]
transform = Transform3D(1.5625, 0, 0, 0, 1.5625, 0, 0, 0, 1.5625, -43.75, 15.3906, -30.5)

[node name="5Sbarrel11" parent="Barrel" instance=ExtResource("29_dc34k")]
transform = Transform3D(1.25, 0, 0, 0, 1.25, 0, 0, 0, 1.25, -43.7969, 15.3906, -32.1094)

[node name="5Sbarrel12" parent="Barrel" instance=ExtResource("29_dc34k")]
transform = Transform3D(1, 0, 0, 0, 1, 0, 0, 0, 1, -23.5, 15, -56.5)

[node name="5Sbarrel13" parent="Barrel" instance=ExtResource("29_dc34k")]
transform = Transform3D(1, 0, 0, 0, 1, 0, 0, 0, 1, -44.5, 15.4297, -46.9375)

[node name="5Sbarrel14" parent="Barrel" instance=ExtResource("29_dc34k")]
transform = Transform3D(1, 0, 0, 0, 1, 0, 0, 0, 1, -49.6719, 15.3906, -49.5)

[node name="5Sbarrel15" parent="Barrel" instance=ExtResource("29_dc34k")]
transform = Transform3D(1, 0, 0, 0, 1, 0, 0, 0, 1, -26.5, 15, -35.5)

[node name="5Sbarrel16" parent="Barrel" instance=ExtResource("29_dc34k")]
transform = Transform3D(0.931946, 0.173573, -0.318355, 0.342567, -0.133687, 0.929934, 0.118851, -0.975705, -0.184049, -26.5078, 15.8585, -36.5882)

[node name="5Sbarrel17" parent="Barrel" instance=ExtResource("29_dc34k")]
transform = Transform3D(1, 0, 0, 0, 0.992361, 0.12337, 0, -0.12337, 0.992361, 16.5, 14.7928, -59.2069)

[node name="5Sbarrel18" parent="Barrel" instance=ExtResource("29_dc34k")]
transform = Transform3D(1.25, 0, 0, 0, 1.25, 0, 0, 0, 1.25, 16.453, 14.7451, -57.719)

[node name="5Sbarrel19" parent="Barrel" instance=ExtResource("29_dc34k")]
transform = Transform3D(1.25, 0, 0, 0, 1.25, 0, 0, 0, 1.25, 33.148, 15, -50.398)

[node name="5Sbarrel20" parent="Barrel" instance=ExtResource("29_dc34k")]
transform = Transform3D(0.940046, 0.244854, -0.237401, -0.237401, 0.96956, 0.0599537, 0.244854, -3.72529e-09, 0.96956, 19.8576, 14.9699, -43.8906)

[node name="5Sbarrel21" parent="Barrel" instance=ExtResource("29_dc34k")]
transform = Transform3D(1.1875, 0, 0, 0, 1.1875, 0, 0, 0, 1.1875, 18.281, 15, -44.891)

[node name="5Sbarrel22" parent="Barrel" instance=ExtResource("29_dc34k")]
transform = Transform3D(1, 0, 0, 0, 1, 0, 0, 0, 1, 20.281, 15, -45.891)

[node name="Lantern" type="Node3D" parent="."]

[node name="2Lantern" parent="Lantern" instance=ExtResource("29_m7tm0")]
transform = Transform3D(1, 0, 0, 0, 1, 0, 0, 0, -1, 23.5, 19.8537, 8.5)

[node name="2Lantern2" parent="Lantern" instance=ExtResource("29_m7tm0")]
transform = Transform3D(1, 0, 0, 0, 1, 0, 0, 0, -1, 55.5, 17.6003, 52.5)

[node name="2Lantern3" parent="Lantern" instance=ExtResource("29_m7tm0")]
transform = Transform3D(1, 0, 0, 0, 1, 0, 0, 0, -1, 7.5, 17.4883, -55.5)

[node name="2Lantern4" parent="Lantern" instance=ExtResource("29_m7tm0")]
transform = Transform3D(1, 0, 0, 0, 1, 0, 0, 0, -1, -24.5, 17.6132, -39.5)

[node name="2Lantern5" parent="Lantern" instance=ExtResource("29_m7tm0")]
transform = Transform3D(1, 0, 0, 0, 1, 0, 0, 0, -1, -34.5, 17.6081, -6.5)

[node name="2Lantern6" parent="Lantern" instance=ExtResource("29_m7tm0")]
transform = Transform3D(1, 0, 0, 0, 1, 0, 0, 0, -1, -16.5, 17.5988, -2.5)

[node name="2Lantern7" parent="Lantern" instance=ExtResource("29_m7tm0")]
transform = Transform3D(1, 0, 0, 0, 1, 0, 0, 0, -1, -23.5, 17.6056, -10.5)

[node name="2Lantern8" parent="Lantern" instance=ExtResource("29_m7tm0")]
transform = Transform3D(1, 0, 0, 0, 1, 0, 0, 0, -1, 0.5, 17.611, -20.5)

[node name="2Lantern9" parent="Lantern" instance=ExtResource("29_m7tm0")]
transform = Transform3D(1, 0, 0, 0, 1, 0, 0, 0, -1, 54.5, 15, 2.5)

[node name="2Lantern10" parent="Lantern" instance=ExtResource("29_m7tm0")]
transform = Transform3D(1, 0, 0, 0, 1, 0, 0, 0, -1, 61.5, 17.609, 3.71875)

[node name="2Lantern11" parent="Lantern" instance=ExtResource("29_m7tm0")]
transform = Transform3D(1, 0, 0, 0, 1, 0, 0, 0, -1, 61.5, 17.607, 6.5)

[node name="2Lantern12" parent="Lantern" instance=ExtResource("29_m7tm0")]
transform = Transform3D(1, 0, 0, 0, 1, 0, 0, 0, -1, 59.5, 17.6077, 22.5)

[node name="2Lantern13" parent="Lantern" instance=ExtResource("29_m7tm0")]
transform = Transform3D(1, 0, 0, 0, 1, 0, 0, 0, -1, 41.5, 17.621, 7.5)

[node name="2Lantern14" parent="Lantern" instance=ExtResource("29_m7tm0")]
transform = Transform3D(1, 0, 0, 0, 1, 0, 0, 0, -1, 56.5, 17.6025, -10.5)

[node name="2Lantern15" parent="Lantern" instance=ExtResource("29_m7tm0")]
transform = Transform3D(1, 0, 0, 0, 1, 0, 0, 0, -1, 0.5, 17.6304, 20.5)

[node name="2Lantern16" parent="Lantern" instance=ExtResource("29_m7tm0")]
transform = Transform3D(1, 0, 0, 0, 1, 0, 0, 0, -1, 16.5, 15, 7.5)

[node name="2Lantern17" parent="Lantern" instance=ExtResource("29_m7tm0")]
transform = Transform3D(1, 0, 0, 0, 1, 0, 0, 0, -1, -40.5, 17.8783, 37.5)

[node name="2Lantern18" parent="Lantern" instance=ExtResource("29_m7tm0")]
transform = Transform3D(0.875, 0, 0, 0, 0.875, 0, 0, 0, -0.875, -24.5, 18.2759, 19.5)

[node name="2Lantern19" parent="Lantern" instance=ExtResource("29_m7tm0")]
transform = Transform3D(1, 0, 0, 0, 1, 0, 0, 0, -1, 29.5, 17.6014, -29.5)

[node name="Crate" type="Node3D" parent="."]

[node name="48Crate" parent="Crate" instance=ExtResource("28_otksx")]
transform = Transform3D(1, 0, 0, 0, 1, 0, 0, 0, 1, -24.5, 15, -41.5)

[node name="48Crate2" parent="Crate" instance=ExtResource("28_otksx")]
transform = Transform3D(1, 0, 0, 0, 1, 0, 0, 0, 1, 14.852, 14.8054, -60.148)

[node name="48Crate3" parent="Crate" instance=ExtResource("28_otksx")]
transform = Transform3D(1, 0, 0, 0, 1, 0, 0, 0, 1, 56.5, 14.8572, 55.5456)

[node name="48Crate4" parent="Crate" instance=ExtResource("28_otksx")]
transform = Transform3D(1, 0, 0, 0, 1, 0, 0, 0, 1, 58.5, 15, 54.5)

[node name="48Crate5" parent="Crate" instance=ExtResource("28_otksx")]
transform = Transform3D(0.4375, 0, 0, 0, 0.4375, 0, 0, 0, 0.4375, 58.223, 16.21, 54.281)

[node name="48Crate6" parent="Crate" instance=ExtResource("28_otksx")]
transform = Transform3D(0.9375, 0, 0, 0, 0.9375, 0, 0, 0, 0.9375, 59.5, 15, 45.5)

[node name="48Crate7" parent="Crate" instance=ExtResource("28_otksx")]
transform = Transform3D(2, 0, 0, 0, 2, 0, 0, 0, 2, 57.5, 15, 42.9297)

[node name="48Crate8" parent="Crate" instance=ExtResource("28_otksx")]
transform = Transform3D(1, 0, 0, 0, 1, 0, 0, 0, 1, 53.5, 15, 55.0312)

[node name="48Crate9" parent="Crate" instance=ExtResource("28_otksx")]
transform = Transform3D(1, 0, 0, 0, 1, 0, 0, 0, 1, 59.5, 15, 22.5)

[node name="Bottle" type="Node3D" parent="."]

[node name="4Bottle" parent="Bottle" instance=ExtResource("29_htfgm")]
transform = Transform3D(0.75, 0, 0, 0, 0.75, 0, 0, 0, -0.75, 1.5, 15, 52.5)

[node name="4Bottle2" parent="Bottle" instance=ExtResource("29_htfgm")]
transform = Transform3D(1, 0, 0, 0, 1, 0, 0, 0, -1, 2.5, 15, 53.5)

[node name="4Bottle3" parent="Bottle" instance=ExtResource("29_htfgm")]
transform = Transform3D(1, 0, 0, 0, 1, 0, 0, 0, -1, 2.5, 15, 51.5)

[node name="4Bottle4" parent="Bottle" instance=ExtResource("29_htfgm")]
transform = Transform3D(1.03137, 0.430585, 0.401282, -0.401282, 1.10669, -0.156129, 0.430585, 2.65427e-08, -1.10669, -42.5, 14.9187, -33.5)

[node name="4Bottle5" parent="Bottle" instance=ExtResource("29_htfgm")]
transform = Transform3D(1.5625, 0, 0, 0, 1.5625, 0, 0, 0, -1.5625, -43.5, 14.9811, -33.5)

[node name="4Bottle6" parent="Bottle" instance=ExtResource("29_htfgm")]
transform = Transform3D(1, 0, 0, 0, 1, 0, 0, 0, -1, 57.4453, 16.8226, 19.4062)

[node name="4Bottle7" parent="Bottle" instance=ExtResource("29_htfgm")]
transform = Transform3D(1, 0, 0, 0, 1, 0, 0, 0, -1, 33.4609, 16.8215, -50.5)

[node name="4Bottle8" parent="Bottle" instance=ExtResource("29_htfgm")]
transform = Transform3D(-0.341468, -0.398579, 0.444061, -0.242965, 0.56017, 0.315964, 0.544999, 0, 0.419086, 30.5, 14.8718, -49.5)

[node name="4Bottle9" parent="Bottle" instance=ExtResource("29_htfgm")]
transform = Transform3D(0.9375, 0, 0, 0, 0.9375, 0, 0, 0, -0.9375, 13.0135, 14.9875, -56.5775)

[node name="4Bottle10" parent="Bottle" instance=ExtResource("29_htfgm")]
transform = Transform3D(-0.209212, 0, -0.654894, 0, 0.6875, 0, -0.654894, 0, 0.209212, 14.625, 16.0169, -60.187)

[node name="4Bottle11" parent="Bottle" instance=ExtResource("29_htfgm")]
transform = Transform3D(1, 0, 0, 0, 1, 0, 0, 0, -1, -27.273, 15.0166, -38.8038)

[node name="4Bottle12" parent="Bottle" instance=ExtResource("29_htfgm")]
transform = Transform3D(0.552784, 0, 0.506883, 0, 0.75, 0, 0.506883, 0, -0.552784, -26.1094, 14.9835, -40.5)

[node name="SkullPile" type="Node3D" parent="."]

[node name="49Skullpile" parent="SkullPile" instance=ExtResource("29_jphac")]
transform = Transform3D(0.981407, 0, -0.774171, 0, 1.25, 0, -0.774171, 0, -0.981407, -1.5, 15, 49.5)

[node name="49Skullpile2" parent="SkullPile" instance=ExtResource("29_jphac")]
transform = Transform3D(-0.496151, 0, 1.14732, 0, 1.25, 0, 1.14732, 0, 0.496151, -58.5, 15, -51.5)

[node name="49Skullpile3" parent="SkullPile" instance=ExtResource("29_jphac")]
transform = Transform3D(1.3125, 0, 0, 0, 1.3125, 0, 0, 0, -1.3125, 25.5, 15, -14.5)

[node name="49Skullpile4" parent="SkullPile" instance=ExtResource("29_jphac")]
transform = Transform3D(1.625, 0, 0, 0, 1.625, 0, 0, 0, -1.625, 7.58434, 15, -45.3432)

[node name="49Skullpile5" parent="SkullPile" instance=ExtResource("29_jphac")]
transform = Transform3D(0.300032, 0, 1.40584, 0, 1.4375, 0, 1.40584, 0, -0.300032, 29.5, 15, 54.5)

[node name="49Skullpile6" parent="SkullPile" instance=ExtResource("29_jphac")]
transform = Transform3D(1.3125, 0, 0, 0, 1.3125, 0, 0, 0, -1.3125, 31.5, 15, 54.5)

[node name="49Skullpile7" parent="SkullPile" instance=ExtResource("29_jphac")]
transform = Transform3D(1.5625, 0, 0, 0, 1.5625, 0, 0, 0, -1.5625, 17.5, 15, 6.5)

[node name="49Skullpile8" parent="SkullPile" instance=ExtResource("29_jphac")]
transform = Transform3D(1, 0, 0, 0, 1, 0, 0, 0, -1, 24.5, 15, 1.5)

[node name="49Skullpile9" parent="SkullPile" instance=ExtResource("29_jphac")]
transform = Transform3D(1, 0, 0, 0, 1, 0, 0, 0, -1, 28.5, 15, 6.5)

[node name="49Skullpile10" parent="SkullPile" instance=ExtResource("29_jphac")]
transform = Transform3D(1, 0, 0, 0, 1, 0, 0, 0, -1, 25.5, 15, 15.5)

[node name="49Skullpile11" parent="SkullPile" instance=ExtResource("29_jphac")]
transform = Transform3D(1.6875, 1.47526e-07, 0, -1.47526e-07, 1.6875, 0, 0, 0, -1.6875, 22.5, 15, 8.5)

[node name="49Skullpile12" parent="SkullPile" instance=ExtResource("29_jphac")]
transform = Transform3D(-1.50038, -2.26688e-09, -1.12449, -0.0272579, 1.87445, 0.0363696, -1.12416, -0.0454505, 1.49994, -19.672, 15.1, -42.891)

[node name="49Skullpile13" parent="SkullPile" instance=ExtResource("29_jphac")]
transform = Transform3D(-0.561307, -3.71763e-09, 1.91962, -0.306117, 1.97441, -0.0895103, 1.89506, 0.318935, 0.554124, -31.953, 14.838, -56.672)

[node name="49Skullpile14" parent="SkullPile" instance=ExtResource("29_jphac")]
transform = Transform3D(1.8125, 0, 0, 0, 1.80649, 0.147473, 0, 0.147473, -1.80649, 59.5, 15.6267, -7.5)

[node name="49Skullpile15" parent="SkullPile" instance=ExtResource("29_jphac")]
transform = Transform3D(-1.3125, -1.0056e-07, 1.13862e-07, -1.13863e-07, 1.30243, -0.162227, 1.0056e-07, 0.162227, 1.30243, -40.328, 15, -23.7365)

[node name="SpiderWeb" type="Node3D" parent="."]

[node name="51Spiderweb" parent="SpiderWeb" instance=ExtResource("28_hgkvo")]
transform = Transform3D(1.3125, 0, 0, 0, 1.3125, 0, 0, 0, 1.3125, -0.5, 15, 47.5)

[node name="51Spiderweb2" parent="SpiderWeb" instance=ExtResource("28_hgkvo")]
transform = Transform3D(0.880093, 0, -0.474802, 0, 1, 0, 0.474802, 0, 0.880093, 24.5, 15.3516, -13.5)

[node name="51Spiderweb3" parent="SpiderWeb" instance=ExtResource("28_hgkvo")]
transform = Transform3D(0.931946, 0, -0.362598, 0, 1, 0, 0.362598, 0, 0.931946, 17.5, 15, 55.5)

[node name="51Spiderweb4" parent="SpiderWeb" instance=ExtResource("28_hgkvo")]
transform = Transform3D(1.375, 0, 0, 0, 0.118898, 1.36985, 0, -1.36985, 0.118898, -3.71875, 19.8125, 54.5)

[node name="51Spiderweb5" parent="SpiderWeb" instance=ExtResource("28_hgkvo")]
transform = Transform3D(0.482314, 0.0925272, -0.566844, 0.0180681, 0.737393, 0.13574, 0.574061, -0.100948, 0.471978, 16.5, 16.1719, 14.5)

[node name="51Spiderweb6" parent="SpiderWeb" instance=ExtResource("28_hgkvo")]
transform = Transform3D(-0.159499, -0.0864712, -0.983404, -0.00163421, 0.996178, -0.0873294, 0.987197, -0.0123218, -0.15903, 28.6172, 15.1172, 11.9453)

[node name="51Spiderweb7" parent="SpiderWeb" instance=ExtResource("28_hgkvo")]
transform = Transform3D(1, 0, 0, 0, 1, 0, 0, 0, 1, 24.5, 15, 15.5)

[node name="51Spiderweb8" parent="SpiderWeb" instance=ExtResource("28_hgkvo")]
transform = Transform3D(1, 0, 0, 0, 1, 0, 0, 0, 1, -56.5, 15, 5.5)

[node name="51Spiderweb9" parent="SpiderWeb" instance=ExtResource("28_hgkvo")]
transform = Transform3D(0.225346, 0, 0.649519, 0, 0.6875, 0, -0.649519, 0, 0.225346, -6.5, 15.8594, -56.5781)

[node name="51Spiderweb10" parent="SpiderWeb" instance=ExtResource("28_hgkvo")]
transform = Transform3D(0.457774, 0, -0.419762, 0, 0.621094, 0, 0.419762, 0, 0.457774, -38.0078, 16.4062, -1.77344)

[node name="51Spiderweb11" parent="SpiderWeb" instance=ExtResource("28_hgkvo")]
transform = Transform3D(0.75, 0, 0, 0, 0.75, 0, 0, 0, 0.75, 45.5, 15.625, -6.5)

[node name="51Spiderweb12" parent="SpiderWeb" instance=ExtResource("28_hgkvo")]
transform = Transform3D(0.931946, 0, -0.362598, 0, 1, 0, 0.362598, 0, 0.931946, 2.8125, 15.3516, 21.5)

[node name="51Spiderweb13" parent="SpiderWeb" instance=ExtResource("28_hgkvo")]
transform = Transform3D(-0.110068, 0, -0.678632, 0, 0.6875, 0, 0.678632, 0, -0.110068, 56.5, 16.1719, -7.5)

[node name="51Spiderweb14" parent="SpiderWeb" instance=ExtResource("28_hgkvo")]
transform = Transform3D(0.4375, 0, 0, 0, 0.4375, 0, 0, 0, 0.4375, -58.9297, 17.6562, 45.8516)

[node name="51Spiderweb15" parent="SpiderWeb" instance=ExtResource("28_hgkvo")]
transform = Transform3D(0.780122, 0, -0.396277, 0, 0.875, 0, 0.396277, 0, 0.780122, -59.5391, 15.8984, -40.5)

[node name="51Spiderweb16" parent="SpiderWeb" instance=ExtResource("28_hgkvo")]
transform = Transform3D(0.411845, 0, -0.626805, 0, 0.75, 0, 0.626805, 0, 0.411845, -41.1484, 15.8984, -23.0859)

[node name="Chair" type="Node3D" parent="."]

[node name="10Chair" parent="Chair" instance=ExtResource("29_hou3g")]
transform = Transform3D(1, 0, 0, 0, 0.327776, 0.944755, 0, 0.944755, -0.327776, 31.5, 15.0416, -50.5588)

[node name="Table" type="Node3D" parent="."]

[node name="8Table" parent="Table" instance=ExtResource("28_6nj00")]
transform = Transform3D(-0.701217, -0.107948, -0.512119, -0.484224, 0.45872, 0.566329, 0.198611, 0.737257, -0.427352, 33.1484, 15.3906, -47.5)

[node name="GrainBag" type="Node3D" parent="."]

[node name="47Grainbag" parent="GrainBag" instance=ExtResource("29_4tq3a")]
transform = Transform3D(-0.160098, 0, 0.987101, 0, 1, 0, -0.987101, 0, -0.160098, -43.109, 15, -32.156)

[node name="47Grainbag2" parent="GrainBag" instance=ExtResource("29_4tq3a")]
transform = Transform3D(-3.00516e-08, -0.342294, 0.59623, 0, 0.596231, 0.342294, -0.6875, 1.49622e-08, -2.60621e-08, -42.3028, 14.739, -31.9195)

[node name="47Grainbag3" parent="GrainBag" instance=ExtResource("29_4tq3a")]
transform = Transform3D(1, 0, 0, 0, 1, 0, 0, 0, 1, 54.5, 15, 42.3283)

[node name="47Grainbag4" parent="GrainBag" instance=ExtResource("29_4tq3a")]
transform = Transform3D(-4.37114e-08, 0, 1, 0, 1, 0, -1, 0, -4.37114e-08, 50.248, 15, 51.5)

[node name="47Grainbag5" parent="GrainBag" instance=ExtResource("29_4tq3a")]
transform = Transform3D(1, 0, 0, 0, 1, 0, 0, 0, 1, 59.5, 15, 32.4817)

[node name="47Grainbag6" parent="GrainBag" instance=ExtResource("29_4tq3a")]
transform = Transform3D(-0.0347773, 0.240337, 0.970066, -9.31323e-10, 0.970654, -0.240482, -0.999395, -0.00836333, -0.0337568, 60.5, 14.6319, 25.5)

[node name="47Grainbag7" parent="GrainBag" instance=ExtResource("29_4tq3a")]
transform = Transform3D(1, 0, 0, 0, 1, 0, 0, 0, 1, 54.5, 15, 16.5)

[node name="47Grainbag8" parent="GrainBag" instance=ExtResource("29_4tq3a")]
transform = Transform3D(1, 0, 0, 0, 1, 0, 0, 0, 1, 36.5, 15, 47.5)

[node name="47Grainbag9" parent="GrainBag" instance=ExtResource("29_4tq3a")]
transform = Transform3D(1, 0, 0, 0, 1, 0, 0, 0, 1, 30.1442, 15, 22.4129)

[node name="47Grainbag10" parent="GrainBag" instance=ExtResource("29_4tq3a")]
transform = Transform3D(1, 0, 0, 0, 1, 0, 0, 0, 1, 35.5, 15, 25.6545)

[node name="47Grainbag11" parent="GrainBag" instance=ExtResource("29_4tq3a")]
transform = Transform3D(1, 0, 0, 0, 1, 0, 0, 0, 1, 33.5, 15, 35.5)

[node name="47Grainbag12" parent="GrainBag" instance=ExtResource("29_4tq3a")]
transform = Transform3D(-0.169676, 0, -0.9855, 0, 1, 0, 0.9855, 0, -0.169676, 37.6734, 15, 37.4928)

[node name="WoodPile" type="Node3D" parent="."]

[node name="45Woodpile" parent="WoodPile" instance=ExtResource("29_qvyxa")]
transform = Transform3D(0.814793, 0, 0.579752, 0, 1, 0, 0.579752, 0, -0.814793, -43.2456, 14.9429, -34.8053)

[node name="Rock" type="Node3D" parent="."]

[node name="11Rock" parent="Rock" instance=ExtResource("29_wom0e")]
transform = Transform3D(0.356472, 0, 0.253641, 0, 0.4375, 0, 0.253641, 0, -0.356472, -18.5695, 15, 21.4506)

[node name="11Rock2" parent="Rock" instance=ExtResource("29_wom0e")]
transform = Transform3D(0.33137, 0, 0.672825, 0, 0.75, 0, 0.672825, 0, -0.33137, -19.5, 15, 17.5)

[node name="11Rock3" parent="Rock" instance=ExtResource("29_wom0e")]
transform = Transform3D(1, 0, 0, 0, 1, 0, 0, 0, -1, -17.5, 15, 19.5)

[node name="Erthcave" parent="." instance=ExtResource("16_bb7f4")]
