{
  "asset": {
    "version": "2.0",
    "generator": "THREE.GLTFExporter"
  },
  "scenes": [
    {
      "nodes": [
        304
      ]
    }
  ],
  "scene": 0,
  "nodes": [
    {
      "mesh": 0
    },
    {
      "mesh": 1
    },
    {
      "mesh": 2
    },
    {
      "mesh": 3
    },
    {
      "mesh": 4
    },
    {
      "mesh": 5
    },
    {
      "mesh": 6
    },
    {
      "mesh": 7
    },
    {
      "mesh": 8
    },
    {
      "mesh": 9
    },
    {
      "mesh": 10
    },
    {
      "mesh": 11
    },
    {
      "mesh": 12
    },
    {
      "mesh": 13
    },
    {
      "mesh": 14
    },
    {
      "mesh": 15
    },
    {
      "mesh": 16
    },
    {
      "mesh": 17
    },
    {
      "mesh": 18
    },
    {
      "mesh": 19
    },
    {
      "mesh": 20
    },
    {
      "mesh": 21
    },
    {
      "matrix": [
        -0.9987764162142614,
        0,
        -0.04945371992273924,
        0,
        0,
        1,
        0,
        0,
        0.04945371992273924,
        0,
        -0.9987764162142614,
        0,
        -59.1484375,
        -23.46875,
        120.9375,
        1
      ],
      "mesh": 22
    },
    {
      "matrix": [
        -0.04945371992273917,
        0,
        -0.9987764162142613,
        0,
        0,
        1,
        0,
        0,
        0.9987764162142613,
        0,
        -0.04945371992273917,
        0,
        -53.859375,
        -26.203125,
        94.203125,
        1
      ],
      "mesh": 23
    },
    {
      "matrix": [
        0.5,
        0,
        0,
        0,
        0,
        0.5,
        0,
        0,
        0,
        0,
        0.5,
        0,
        -93.7578125,
        -9.28125,
        35.453125,
        1
      ],
      "mesh": 24
    },
    {
      "matrix": [
        0.7370451816173639,
        0,
        -0.6758434731908174,
        0,
        0,
        1,
        0,
        0,
        0.6758434731908174,
        0,
        0.7370451816173639,
        0,
        -97.5,
        -10.21875,
        23.5,
        1
      ],
      "mesh": 25
    },
    {
      "matrix": [
        0.3240180860508026,
        0,
        -0.3808047792661939,
        0,
        0,
        0.5,
        0,
        0,
        0.3808047792661939,
        0,
        0.3240180860508026,
        0,
        -94.6171875,
        -9.046875,
        25.9296875,
        1
      ],
      "mesh": 26
    },
    {
      "matrix": [
        1,
        0,
        0,
        0,
        0,
        1,
        0,
        0,
        0,
        0,
        1,
        0,
        -92.453125,
        -10.140625,
        5.2421875,
        1
      ],
      "mesh": 27
    },
    {
      "matrix": [
        1,
        0,
        0,
        0,
        0,
        1,
        0,
        0,
        0,
        0,
        1,
        0,
        -91.109375,
        -10.140625,
        5.0703125,
        1
      ],
      "mesh": 27
    },
    {
      "matrix": [
        1,
        0,
        0,
        0,
        0,
        1,
        0,
        0,
        0,
        0,
        1,
        0,
        -92.4765625,
        -8.8515625,
        3.9140625,
        1
      ],
      "mesh": 28
    },
    {
      "matrix": [
        1,
        0,
        0,
        0,
        0,
        1,
        0,
        0,
        0,
        0,
        1,
        0,
        -91.671875,
        -7.6015625,
        3.46875,
        1
      ],
      "mesh": 28
    },
    {
      "matrix": [
        0.9319455943394346,
        0,
        -0.362598137324667,
        0,
        0,
        1,
        0,
        0,
        0.362598137324667,
        0,
        0.9319455943394346,
        0,
        -91.109375,
        -8.8125,
        3.8125,
        1
      ],
      "mesh": 28
    },
    {
      "matrix": [
        1,
        0,
        0,
        0,
        0,
        1,
        0,
        0,
        0,
        0,
        1,
        0,
        -92.453125,
        -10.140625,
        4.0390625,
        1
      ],
      "mesh": 28
    },
    {
      "matrix": [
        0.992360787415103,
        0,
        0.12336963808359298,
        0,
        0,
        1,
        0,
        0,
        -0.12336963808359298,
        0,
        0.992360787415103,
        0,
        -91.109375,
        -10.140625,
        3.71875,
        1
      ],
      "mesh": 28
    },
    {
      "matrix": [
        1,
        0,
        0,
        0,
        0,
        1,
        0,
        0,
        0,
        0,
        1,
        0,
        -110.2265625,
        -10.1015625,
        25.5,
        1
      ],
      "mesh": 27
    },
    {
      "matrix": [
        1,
        0,
        0,
        0,
        0,
        0.9999235113880169,
        -0.012368159663362913,
        0,
        0,
        0.012368159663362913,
        0.9999235113880169,
        0,
        -116.5,
        -10.140625,
        11.5390625,
        1
      ],
      "mesh": 27
    },
    {
      "matrix": [
        -0.6849076713469913,
        0,
        0.7286298660705872,
        0,
        0,
        1,
        0,
        0,
        -0.7286298660705872,
        0,
        -0.6849076713469913,
        0,
        -107.5,
        -29.09375,
        97.5,
        1
      ],
      "mesh": 29
    },
    {
      "matrix": [
        0.4375,
        0,
        0,
        0,
        0,
        0.4373661500482239,
        -0.010821311934997793,
        0,
        0,
        0.010821311934997793,
        0.4373661500482239,
        0,
        -122.4609375,
        -6.4296875,
        24.8359375,
        1
      ],
      "mesh": 30
    },
    {
      "matrix": [
        0.8490660826270787,
        0,
        0.5282866526160837,
        0,
        0,
        1,
        0,
        0,
        -0.5282866526160837,
        0,
        0.8490660826270787,
        0,
        -68.5,
        -17.5,
        9.5,
        1
      ],
      "mesh": 31
    },
    {
      "matrix": [
        0.6480361721016052,
        0,
        -0.7616095585323878,
        0,
        0,
        1,
        0,
        0,
        0.7616095585323878,
        0,
        0.6480361721016052,
        0,
        -42.5,
        -28.0859375,
        119.34375,
        1
      ],
      "mesh": 32
    },
    {
      "matrix": [
        -0.14787736976946886,
        0,
        -0.9890057044881307,
        0,
        0,
        1,
        0,
        0,
        0.9890057044881307,
        0,
        -0.14787736976946886,
        0,
        -120.9375,
        -10.5,
        16.5,
        1
      ],
      "mesh": 33
    },
    {
      "matrix": [
        -0.3043079842207361,
        0,
        0.9525736983244458,
        0,
        0,
        1,
        0,
        0,
        -0.9525736983244458,
        0,
        -0.3043079842207361,
        0,
        -118.5,
        -10.5,
        33.5,
        1
      ],
      "mesh": 33
    },
    {
      "matrix": [
        0.7143122055542166,
        0,
        -0.6998271736623769,
        0,
        0,
        1,
        0,
        0,
        0.6998271736623769,
        0,
        0.7143122055542166,
        0,
        -114.671875,
        -10.25,
        21.765625,
        1
      ],
      "mesh": 34
    },
    {
      "matrix": [
        0.8147933014790244,
        0,
        0.5797515639176074,
        0,
        0,
        1,
        0,
        0,
        -0.5797515639176074,
        0,
        0.8147933014790244,
        0,
        -122.6171875,
        -13.8671875,
        45.453125,
        1
      ],
      "mesh": 35
    },
    {
      "matrix": [
        -0.024734427279994975,
        -0.0247268599613695,
        -0.9993882081071307,
        0,
        1.734723475976807e-18,
        0.9996940572530831,
        -0.024734427279994954,
        0,
        0.9996940572530831,
        -0.0006117918928693605,
        -0.024726859961369474,
        0,
        -121.15625,
        -14.8828125,
        43.59375,
        1
      ],
      "mesh": 36
    },
    {
      "matrix": [
        1,
        0,
        0,
        0,
        0,
        1,
        0,
        0,
        0,
        0,
        1,
        0,
        -116.625,
        -29.53125,
        101.84375,
        1
      ],
      "mesh": 37
    },
    {
      "matrix": [
        1,
        0,
        0,
        0,
        0,
        1,
        0,
        0,
        0,
        0,
        1,
        0,
        -83.671875,
        -29.53125,
        110.546875,
        1
      ],
      "mesh": 37
    },
    {
      "matrix": [
        1,
        0,
        0,
        0,
        0,
        1,
        0,
        0,
        0,
        0,
        1,
        0,
        -58.453125,
        -25.78125,
        96.0625,
        1
      ],
      "mesh": 37
    },
    {
      "matrix": [
        0.9850454633172633,
        0.17040035949869975,
        -0.025478474852155993,
        0,
        -0.1722946174379167,
        0.9742155824009271,
        -0.1456659322187048,
        0,
        1.734723475976807e-18,
        0.14787736976946894,
        0.9890057044881307,
        0,
        -12.5,
        -29.6875,
        82.5,
        1
      ],
      "mesh": 37
    },
    {
      "matrix": [
        1,
        0,
        0,
        0,
        0,
        1,
        0,
        0,
        0,
        0,
        1,
        0,
        -73.671875,
        -17.3828125,
        10.5,
        1
      ],
      "mesh": 37
    },
    {
      "matrix": [
        0.6385668960932144,
        0,
        0.7695663189185699,
        0,
        0,
        1,
        0,
        0,
        -0.7695663189185699,
        0,
        0.6385668960932144,
        0,
        -68.6875,
        -17.2265625,
        26.796875,
        1
      ],
      "mesh": 37
    },
    {
      "matrix": [
        1,
        0,
        0,
        0,
        0,
        1,
        0,
        0,
        0,
        0,
        1,
        0,
        -61.5,
        -29.4921875,
        119.5,
        1
      ],
      "mesh": 38
    },
    {
      "matrix": [
        1,
        0,
        0,
        0,
        0,
        1,
        0,
        0,
        0,
        0,
        1,
        0,
        -30.015625,
        -29.609375,
        108.4453125,
        1
      ],
      "mesh": 39
    },
    {
      "matrix": [
        -0.024734427279994975,
        0,
        -0.9996940572530831,
        0,
        0,
        1,
        0,
        0,
        0.9996940572530831,
        0,
        -0.024734427279994975,
        0,
        -91.1875,
        -10.1953125,
        17.796875,
        1
      ],
      "mesh": 40
    },
    {
      "matrix": [
        1,
        0,
        0,
        0,
        0,
        1,
        0,
        0,
        0,
        0,
        1,
        0,
        -79.046875,
        -17.3046875,
        17.3046875,
        1
      ],
      "mesh": 40
    },
    {
      "matrix": [
        1,
        0,
        0,
        0,
        0,
        1,
        0,
        0,
        0,
        0,
        1,
        0,
        -79.0078125,
        -17.3046875,
        19.734375,
        1
      ],
      "mesh": 40
    },
    {
      "matrix": [
        1,
        0,
        0,
        0,
        0,
        1,
        0,
        0,
        0,
        0,
        1,
        0,
        -106.359375,
        -17.1875,
        53.2109375,
        1
      ],
      "mesh": 37
    },
    {
      "matrix": [
        0.875,
        0,
        0,
        0,
        0,
        0.875,
        0,
        0,
        0,
        0,
        0.875,
        0,
        -121.125,
        -10.5078125,
        43.8125,
        1
      ],
      "mesh": 30
    },
    {
      "matrix": [
        0.875,
        0,
        0,
        0,
        0,
        0.8747323000964478,
        -0.021642623869995586,
        0,
        0,
        0.021642623869995586,
        0.8747323000964478,
        0,
        -109.96875,
        -10.390625,
        43.96875,
        1
      ],
      "mesh": 30
    },
    {
      "matrix": [
        0.02163600246619829,
        -0.01621003996223999,
        -0.43666390737236943,
        0,
        -1.5178830414797062e-18,
        0.43719885680469917,
        -0.01622989860301482,
        0,
        0.4369646820937393,
        0.0008026288598879468,
        0.02162110981496125,
        0,
        -122.421875,
        -6.4453125,
        20.4296875,
        1
      ],
      "mesh": 30
    },
    {
      "matrix": [
        1.0625,
        0,
        0,
        0,
        0,
        1.0625,
        0,
        0,
        0,
        0,
        1.0625,
        0,
        -120.8125,
        -6.2890625,
        31.109375,
        1
      ],
      "mesh": 30
    },
    {
      "matrix": [
        0.75,
        0,
        0,
        0,
        0,
        0.7497705429398124,
        -0.018550820459996217,
        0,
        0,
        0.018550820459996217,
        0.7497705429398124,
        0,
        -95.5390625,
        -6.40625,
        25.8515625,
        1
      ],
      "mesh": 30
    },
    {
      "matrix": [
        0.8125,
        0,
        0,
        0,
        0,
        0.81225142151813,
        -0.0200967221649959,
        0,
        0,
        0.0200967221649959,
        0.81225142151813,
        0,
        -95.3828125,
        -6.4453125,
        32.96875,
        1
      ],
      "mesh": 30
    },
    {
      "matrix": [
        0.9375,
        0,
        0,
        0,
        0,
        0.9372131786747654,
        -0.023188525574995268,
        0,
        0,
        0.023188525574995268,
        0.9372131786747654,
        0,
        -119.6796875,
        -6.2890625,
        14.5,
        1
      ],
      "mesh": 30
    },
    {
      "matrix": [
        0.875,
        0,
        0,
        0,
        0,
        0.8747323000964478,
        -0.021642623869995586,
        0,
        0,
        0.021642623869995586,
        0.8747323000964478,
        0,
        -97.0078125,
        -6.2109375,
        9.5625,
        1
      ],
      "mesh": 30
    },
    {
      "matrix": [
        0.9375,
        0,
        0,
        0,
        0,
        0.9372131786747654,
        -0.023188525574995268,
        0,
        0,
        0.023188525574995268,
        0.9372131786747654,
        0,
        -112.03125,
        -6.25,
        30.0078125,
        1
      ],
      "mesh": 30
    },
    {
      "matrix": [
        1,
        0,
        0,
        0,
        0,
        1,
        0,
        0,
        0,
        0,
        1,
        0,
        -96.015625,
        -10.4296875,
        13.734375,
        1
      ],
      "mesh": 41
    },
    {
      "matrix": [
        1,
        0,
        0,
        0,
        0,
        1,
        0,
        0,
        0,
        0,
        1,
        0,
        -114.5,
        -10.3125,
        35.5,
        1
      ],
      "mesh": 27
    },
    {
      "matrix": [
        1,
        0,
        0,
        0,
        0,
        1,
        0,
        0,
        0,
        0,
        1,
        0,
        -114.5,
        -10.3515625,
        34.5,
        1
      ],
      "mesh": 27
    },
    {
      "matrix": [
        1,
        0,
        0,
        0,
        0,
        1,
        0,
        0,
        0,
        0,
        1,
        0,
        -94.5,
        -10.3515625,
        14.5,
        1
      ],
      "mesh": 27
    },
    {
      "matrix": [
        1,
        0,
        0,
        0,
        0,
        1,
        0,
        0,
        0,
        0,
        1,
        0,
        -95.5,
        -10.3515625,
        21.5,
        1
      ],
      "mesh": 27
    },
    {
      "matrix": [
        1,
        0,
        0,
        0,
        0,
        1,
        0,
        0,
        0,
        0,
        1,
        0,
        -93.5,
        -10.390625,
        21.5,
        1
      ],
      "mesh": 27
    },
    {
      "matrix": [
        1,
        0,
        0,
        0,
        0,
        1,
        0,
        0,
        0,
        0,
        1,
        0,
        -92.5,
        -10.390625,
        21.5,
        1
      ],
      "mesh": 27
    },
    {
      "matrix": [
        1,
        0,
        0,
        0,
        0,
        1,
        0,
        0,
        0,
        0,
        1,
        0,
        -98.9296875,
        -10.5078125,
        7.1875,
        1
      ],
      "mesh": 42
    },
    {
      "matrix": [
        1,
        0,
        0,
        0,
        0,
        1,
        0,
        0,
        0,
        0,
        1,
        0,
        -94.7578125,
        -10.3125,
        7.5,
        1
      ],
      "mesh": 42
    },
    {
      "matrix": [
        0.024734427279994975,
        0,
        -0.9996940572530831,
        0,
        0,
        1,
        0,
        0,
        0.9996940572530831,
        0,
        0.024734427279994975,
        0,
        -115.34375,
        -10.234375,
        15.03125,
        1
      ],
      "mesh": 41
    },
    {
      "matrix": [
        -0.9999235113880167,
        0,
        0.012368159663362844,
        0,
        0,
        1,
        0,
        0,
        -0.012368159663362844,
        0,
        -0.9999235113880167,
        0,
        -120.5,
        -10.3515625,
        17.4609375,
        1
      ],
      "mesh": 42
    },
    {
      "matrix": [
        -0.9999235113880167,
        0,
        0.012368159663362844,
        0,
        0,
        1,
        0,
        0,
        -0.012368159663362844,
        0,
        -0.9999235113880167,
        0,
        -118.5,
        -10.2734375,
        17.4609375,
        1
      ],
      "mesh": 42
    },
    {
      "matrix": [
        1,
        0,
        0,
        0,
        0,
        1,
        0,
        0,
        0,
        0,
        1,
        0,
        -118.5,
        -10.390625,
        11.6953125,
        1
      ],
      "mesh": 42
    },
    {
      "matrix": [
        1,
        0,
        0,
        0,
        0,
        1,
        0,
        0,
        0,
        0,
        1,
        0,
        -122.5,
        -10.3125,
        11.7421875,
        1
      ],
      "mesh": 42
    },
    {
      "matrix": [
        1,
        0,
        0,
        0,
        0,
        1,
        0,
        0,
        0,
        0,
        1,
        0,
        -120.5,
        -10.46875,
        28.5,
        1
      ],
      "mesh": 42
    },
    {
      "matrix": [
        1,
        0,
        0,
        0,
        0,
        1,
        0,
        0,
        0,
        0,
        1,
        0,
        -118.5,
        -10.390625,
        28.5,
        1
      ],
      "mesh": 42
    },
    {
      "matrix": [
        1,
        0,
        0,
        0,
        0,
        1,
        0,
        0,
        0,
        0,
        1,
        0,
        -120.546875,
        -10.390625,
        11.6328125,
        1
      ],
      "mesh": 42
    },
    {
      "matrix": [
        1,
        0,
        0,
        0,
        0,
        1,
        0,
        0,
        0,
        0,
        1,
        0,
        -120.5,
        -10.5859375,
        30.5,
        1
      ],
      "mesh": 42
    },
    {
      "matrix": [
        1,
        0,
        0,
        0,
        0,
        1,
        0,
        0,
        0,
        0,
        1,
        0,
        -118.5,
        -10.4296875,
        30.5,
        1
      ],
      "mesh": 42
    },
    {
      "matrix": [
        1,
        0,
        0,
        0,
        0,
        1,
        0,
        0,
        0,
        0,
        1,
        0,
        -109.5,
        -10.3515625,
        27.5,
        1
      ],
      "mesh": 27
    },
    {
      "matrix": [
        1,
        0,
        0,
        0,
        0,
        1,
        0,
        0,
        0,
        0,
        1,
        0,
        -114.5,
        -10.3125,
        31.5,
        1
      ],
      "mesh": 27
    },
    {
      "matrix": [
        1,
        0,
        0,
        0,
        0,
        1,
        0,
        0,
        0,
        0,
        1,
        0,
        -114.5,
        -10.3515625,
        32.5,
        1
      ],
      "mesh": 27
    },
    {
      "matrix": [
        1,
        0,
        0,
        0,
        0,
        1,
        0,
        0,
        0,
        0,
        1,
        0,
        -96.9140625,
        -10.546875,
        7.34375,
        1
      ],
      "mesh": 43
    },
    {
      "matrix": [
        1,
        0,
        0,
        0,
        0,
        1,
        0,
        0,
        0,
        0,
        1,
        0,
        -120.5,
        -10.78125,
        32.640625,
        1
      ],
      "mesh": 43
    },
    {
      "matrix": [
        1,
        0,
        0,
        0,
        0,
        1,
        0,
        0,
        0,
        0,
        1,
        0,
        -110.7734375,
        -10.546875,
        31.484375,
        1
      ],
      "mesh": 43
    },
    {
      "matrix": [
        -0.9999235113880167,
        0,
        -0.012368159663362844,
        0,
        0,
        1,
        0,
        0,
        0.012368159663362844,
        0,
        -0.9999235113880167,
        0,
        -112.984375,
        -10.2734375,
        26.3828125,
        1
      ],
      "mesh": 41
    },
    {
      "matrix": [
        1,
        0,
        0,
        0,
        0,
        1,
        0,
        0,
        0,
        0,
        1,
        0,
        -94.5,
        -10.5078125,
        24.5,
        1
      ],
      "mesh": 42
    },
    {
      "matrix": [
        -0.9850454633172632,
        0,
        -0.17229461743791677,
        0,
        0,
        1,
        0,
        0,
        0.17229461743791677,
        0,
        -0.9850454633172632,
        0,
        -94.5,
        -10.4296875,
        27.5,
        1
      ],
      "mesh": 42
    },
    {
      "matrix": [
        -0.04945371992273917,
        0,
        0.9987764162142613,
        0,
        0,
        1,
        0,
        0,
        -0.9987764162142613,
        0,
        -0.04945371992273917,
        0,
        -98.421875,
        -10.4296875,
        27.7890625,
        1
      ],
      "mesh": 41
    },
    {
      "matrix": [
        -0.03709691109260538,
        0,
        0.9993116726964553,
        0,
        0,
        1,
        0,
        0,
        -0.9993116726964553,
        0,
        -0.03709691109260538,
        0,
        -98.6953125,
        -10.3125,
        33.828125,
        1
      ],
      "mesh": 41
    },
    {
      "matrix": [
        1,
        0,
        0,
        0,
        0,
        1,
        0,
        0,
        0,
        0,
        1,
        0,
        -94.59375,
        -10.46875,
        25.859375,
        1
      ],
      "mesh": 43
    },
    {
      "matrix": [
        1,
        0,
        0,
        0,
        0,
        1,
        0,
        0,
        0,
        0,
        1,
        0,
        -94.71875,
        -10.6640625,
        34.8515625,
        1
      ],
      "mesh": 43
    },
    {
      "matrix": [
        1,
        0,
        0,
        0,
        0,
        1,
        0,
        0,
        0,
        0,
        1,
        0,
        -93.640625,
        -10.15625,
        30.5078125,
        1
      ],
      "mesh": 27
    },
    {
      "matrix": [
        1,
        0,
        0,
        0,
        0,
        1,
        0,
        0,
        0,
        0,
        1,
        0,
        -93.65625,
        -10.234375,
        31.796875,
        1
      ],
      "mesh": 27
    },
    {
      "matrix": [
        1,
        0,
        0,
        0,
        0,
        1,
        0,
        0,
        0,
        0,
        1,
        0,
        -124.5,
        -14.1796875,
        38.5,
        1
      ],
      "mesh": 27
    },
    {
      "matrix": [
        1,
        0,
        0,
        0,
        0,
        1,
        0,
        0,
        0,
        0,
        1,
        0,
        -115.265625,
        -14.375,
        47.5,
        1
      ],
      "mesh": 27
    },
    {
      "matrix": [
        1,
        0,
        0,
        0,
        0,
        1,
        0,
        0,
        0,
        0,
        1,
        0,
        -116.5,
        -14.375,
        47.5,
        1
      ],
      "mesh": 27
    },
    {
      "matrix": [
        0.018551648222526307,
        -0.024730170568303483,
        -0.9995220132702883,
        0,
        0,
        0.9996940572530831,
        -0.024734427279994954,
        0,
        0.9998279033654881,
        0.0004588643938841265,
        0.018545972480309314,
        0,
        -117.6953125,
        -14.4921875,
        44.03125,
        1
      ],
      "mesh": 41
    },
    {
      "matrix": [
        -0.9987764162142614,
        0,
        -0.04945371992273924,
        0,
        0,
        1,
        0,
        0,
        0.04945371992273924,
        0,
        -0.9987764162142614,
        0,
        -122.671875,
        -14.3359375,
        45.5,
        1
      ],
      "mesh": 42
    },
    {
      "matrix": [
        1,
        0,
        0,
        0,
        0,
        1,
        0,
        0,
        0,
        0,
        1,
        0,
        -122.3984375,
        -14.21875,
        42.4609375,
        1
      ],
      "mesh": 42
    },
    {
      "matrix": [
        1,
        0,
        0,
        0,
        0,
        1,
        0,
        0,
        0,
        0,
        1,
        0,
        -122.96875,
        -14.453125,
        43.9921875,
        1
      ],
      "mesh": 43
    },
    {
      "matrix": [
        1,
        0,
        0,
        0,
        0,
        1,
        0,
        0,
        0,
        0,
        1,
        0,
        -111.921875,
        -14.0625,
        46.125,
        1
      ],
      "mesh": 27
    },
    {
      "matrix": [
        -0.9972476383747748,
        -0.0027504670995694494,
        -0.0740917180707048,
        0,
        2.168404344971009e-19,
        0.9993116726964553,
        -0.037096911092605316,
        0,
        0.07414275255164607,
        -0.03699480697809963,
        -0.996561205596886,
        0,
        -111.8515625,
        -14.296875,
        43.1484375,
        1
      ],
      "mesh": 42
    },
    {
      "matrix": [
        1,
        0,
        0,
        0,
        0,
        1,
        0,
        0,
        0,
        0,
        1,
        0,
        -111.28125,
        -14.375,
        42.109375,
        1
      ],
      "mesh": 43
    },
    {
      "matrix": [
        0.01236815966336302,
        0,
        -0.9999235113880169,
        0,
        0,
        1,
        0,
        0,
        0.9999235113880169,
        0,
        0.01236815966336302,
        0,
        -106.3046875,
        -14.453125,
        44.109375,
        1
      ],
      "mesh": 41
    },
    {
      "matrix": [
        1,
        0,
        0,
        0,
        0,
        0.9871010858946441,
        0.16009823929579747,
        0,
        0,
        -0.16009823929579747,
        0.9871010858946441,
        0,
        -114.5,
        -20.3125,
        75.328125,
        1
      ],
      "mesh": 44
    },
    {
      "matrix": [
        1,
        0,
        0,
        0,
        0,
        1,
        0,
        0,
        0,
        0,
        1,
        0,
        -118.890625,
        -22.65625,
        84.1875,
        1
      ],
      "mesh": 44
    },
    {
      "matrix": [
        0.9779758315248003,
        -0.20870220176049734,
        -0.0025814596057313448,
        0,
        0.2087181663233351,
        0.977901027510894,
        0.012095761231208839,
        0,
        0,
        -0.012368159663362912,
        0.9999235113880169,
        0,
        -110.5,
        -25,
        84.5,
        1
      ],
      "mesh": 44
    },
    {
      "matrix": [
        0.9987764162142613,
        -0.04907593244313524,
        -0.006101087528755681,
        0,
        0.049453719922739,
        0.991146550846019,
        0.12321868499478143,
        0,
        0,
        -0.12336963808359298,
        0.992360787415103,
        0,
        -103.984375,
        -23.046875,
        74.6015625,
        1
      ],
      "mesh": 44
    },
    {
      "matrix": [
        1,
        0,
        0,
        0,
        0,
        1,
        0,
        0,
        0,
        0,
        1,
        0,
        -98.5,
        -28.125,
        81.5,
        1
      ],
      "mesh": 44
    },
    {
      "matrix": [
        1,
        0,
        0,
        0,
        0,
        1,
        0,
        0,
        0,
        0,
        1,
        0,
        -101.671875,
        -29.6875,
        91.53125,
        1
      ],
      "mesh": 44
    },
    {
      "matrix": [
        1,
        0,
        0,
        0,
        0,
        1,
        0,
        0,
        0,
        0,
        1,
        0,
        -72.859375,
        -27.8125,
        107.765625,
        1
      ],
      "mesh": 44
    },
    {
      "matrix": [
        1,
        0,
        0,
        0,
        0,
        1,
        0,
        0,
        0,
        0,
        1,
        0,
        -84.109375,
        -30.078125,
        105.984375,
        1
      ],
      "mesh": 44
    },
    {
      "matrix": [
        1,
        0,
        0,
        0,
        0,
        1,
        0,
        0,
        0,
        0,
        1,
        0,
        -111.953125,
        -29.7265625,
        113.984375,
        1
      ],
      "mesh": 44
    },
    {
      "matrix": [
        1,
        0,
        0,
        0,
        0,
        1,
        0,
        0,
        0,
        0,
        1,
        0,
        -120.734375,
        -22.890625,
        91.3046875,
        1
      ],
      "mesh": 44
    },
    {
      "matrix": [
        1,
        0,
        0,
        0,
        0,
        1,
        0,
        0,
        0,
        0,
        1,
        0,
        -118.96875,
        -25.5859375,
        92.3046875,
        1
      ],
      "mesh": 44
    },
    {
      "matrix": [
        1,
        0,
        0,
        0,
        0,
        1,
        0,
        0,
        0,
        0,
        1,
        0,
        -117.1640625,
        -25.390625,
        91.421875,
        1
      ],
      "mesh": 44
    },
    {
      "matrix": [
        1,
        0,
        0,
        0,
        0,
        1,
        0,
        0,
        0,
        0,
        1,
        0,
        -115.28125,
        -26.5625,
        92.265625,
        1
      ],
      "mesh": 44
    },
    {
      "matrix": [
        1,
        0,
        0,
        0,
        0,
        1,
        0,
        0,
        0,
        0,
        1,
        0,
        -113.125,
        -26.484375,
        91.5,
        1
      ],
      "mesh": 44
    },
    {
      "matrix": [
        0.9996175920422361,
        -0.015604943162897764,
        0.022828828891653708,
        0,
        0.012368159663362913,
        0.9906832459516168,
        0.13562350392653094,
        0,
        -0.024732535377984106,
        -0.13528928981871002,
        0.990497405223318,
        0,
        -110.8125,
        -27.4609375,
        92.109375,
        1
      ],
      "mesh": 44
    },
    {
      "matrix": [
        1,
        0,
        0,
        0,
        0,
        1,
        0,
        0,
        0,
        0,
        1,
        0,
        -108.5,
        -28.125,
        91.5,
        1
      ],
      "mesh": 44
    },
    {
      "matrix": [
        1,
        0,
        0,
        0,
        0,
        1,
        0,
        0,
        0,
        0,
        1,
        0,
        -106.109375,
        -29.1796875,
        92.203125,
        1
      ],
      "mesh": 44
    },
    {
      "matrix": [
        1,
        0,
        0,
        0,
        0,
        1,
        0,
        0,
        0,
        0,
        1,
        0,
        -120.296875,
        -28.5546875,
        101.9375,
        1
      ],
      "mesh": 44
    },
    {
      "matrix": [
        1,
        0,
        0,
        0,
        0,
        1,
        0,
        0,
        0,
        0,
        1,
        0,
        -120.59375,
        -27.890625,
        108.109375,
        1
      ],
      "mesh": 44
    },
    {
      "matrix": [
        1,
        0,
        0,
        0,
        0,
        1,
        0,
        0,
        0,
        0,
        1,
        0,
        -117.46875,
        -29.84375,
        111.765625,
        1
      ],
      "mesh": 44
    },
    {
      "matrix": [
        1,
        0,
        0,
        0,
        0,
        1,
        0,
        0,
        0,
        0,
        1,
        0,
        -123.71875,
        -27.34375,
        121.5,
        1
      ],
      "mesh": 44
    },
    {
      "matrix": [
        1,
        0,
        0,
        0,
        0,
        1,
        0,
        0,
        0,
        0,
        1,
        0,
        -120.15625,
        -28.125,
        116.5,
        1
      ],
      "mesh": 44
    },
    {
      "matrix": [
        1,
        0,
        0,
        0,
        0,
        1,
        0,
        0,
        0,
        0,
        1,
        0,
        -108.734375,
        -29.0625,
        94.984375,
        1
      ],
      "mesh": 44
    },
    {
      "matrix": [
        1,
        0,
        0,
        0,
        0,
        1,
        0,
        0,
        0,
        0,
        1,
        0,
        -118.328125,
        -29.296875,
        119.328125,
        1
      ],
      "mesh": 44
    },
    {
      "matrix": [
        1,
        0,
        0,
        0,
        0,
        1,
        0,
        0,
        0,
        0,
        1,
        0,
        -85.15625,
        -29.9609375,
        118.5,
        1
      ],
      "mesh": 44
    },
    {
      "matrix": [
        1,
        0,
        0,
        0,
        0,
        1,
        0,
        0,
        0,
        0,
        1,
        0,
        -111.5,
        -30.078125,
        121.5,
        1
      ],
      "mesh": 44
    },
    {
      "matrix": [
        1,
        0,
        0,
        0,
        0,
        1,
        0,
        0,
        0,
        0,
        1,
        0,
        -103.3203125,
        -29.7265625,
        120.53125,
        1
      ],
      "mesh": 44
    },
    {
      "matrix": [
        1,
        0,
        0,
        0,
        0,
        1,
        0,
        0,
        0,
        0,
        1,
        0,
        -96.03125,
        -29.8046875,
        105.546875,
        1
      ],
      "mesh": 44
    },
    {
      "matrix": [
        1,
        0,
        0,
        0,
        0,
        1,
        0,
        0,
        0,
        0,
        1,
        0,
        -93.34375,
        -29.84375,
        121.21875,
        1
      ],
      "mesh": 44
    },
    {
      "matrix": [
        1,
        0,
        0,
        0,
        0,
        1,
        0,
        0,
        0,
        0,
        1,
        0,
        -96.703125,
        -29.6875,
        111.0703125,
        1
      ],
      "mesh": 44
    },
    {
      "matrix": [
        1,
        0,
        0,
        0,
        0,
        1,
        0,
        0,
        0,
        0,
        1,
        0,
        -93.2265625,
        -29.8046875,
        112.5,
        1
      ],
      "mesh": 44
    },
    {
      "matrix": [
        1,
        0,
        0,
        0,
        0,
        1,
        0,
        0,
        0,
        0,
        1,
        0,
        -93.890625,
        -30.078125,
        109.5,
        1
      ],
      "mesh": 44
    },
    {
      "matrix": [
        1,
        0,
        0,
        0,
        0,
        1,
        0,
        0,
        0,
        0,
        1,
        0,
        -93.28125,
        -29.7265625,
        106.328125,
        1
      ],
      "mesh": 44
    },
    {
      "matrix": [
        1,
        0,
        0,
        0,
        0,
        1,
        0,
        0,
        0,
        0,
        1,
        0,
        -70.984375,
        -29.7265625,
        93.609375,
        1
      ],
      "mesh": 44
    },
    {
      "matrix": [
        1,
        0,
        0,
        0,
        0,
        1,
        0,
        0,
        0,
        0,
        1,
        0,
        -46.5,
        -29.296875,
        111.75,
        1
      ],
      "mesh": 44
    },
    {
      "matrix": [
        1,
        0,
        0,
        0,
        0,
        1,
        0,
        0,
        0,
        0,
        1,
        0,
        -46.5,
        -28.125,
        106.5,
        1
      ],
      "mesh": 44
    },
    {
      "matrix": [
        1,
        0,
        0,
        0,
        0,
        1,
        0,
        0,
        0,
        0,
        1,
        0,
        -47.1875,
        -26.953125,
        101.5,
        1
      ],
      "mesh": 44
    },
    {
      "matrix": [
        1,
        0,
        0,
        0,
        0,
        1,
        0,
        0,
        0,
        0,
        1,
        0,
        -43.609375,
        -27.9296875,
        92.703125,
        1
      ],
      "mesh": 44
    },
    {
      "matrix": [
        1,
        0,
        0,
        0,
        0,
        1,
        0,
        0,
        0,
        0,
        1,
        0,
        -50.953125,
        -27.109375,
        105.40625,
        1
      ],
      "mesh": 44
    },
    {
      "matrix": [
        0.996254350885672,
        0.08647119949074573,
        0,
        0,
        -0.08647119949074573,
        0.996254350885672,
        0,
        0,
        0,
        0,
        1,
        0,
        -44.109375,
        -28.0078125,
        88.515625,
        1
      ],
      "mesh": 44
    },
    {
      "matrix": [
        1,
        0,
        0,
        0,
        0,
        1,
        0,
        0,
        0,
        0,
        1,
        0,
        -7.671875,
        -29.296875,
        86.84375,
        1
      ],
      "mesh": 44
    },
    {
      "matrix": [
        0.9999235113880169,
        -0.0016775414634861477,
        -0.01225386584293798,
        0,
        0,
        0.990759027734458,
        -0.13563387837362562,
        0,
        0.012368159663362912,
        0.13562350392653094,
        0.9906832459516168,
        0,
        -12.28125,
        -28.125,
        90.234375,
        1
      ],
      "mesh": 44
    },
    {
      "matrix": [
        1,
        0,
        0,
        0,
        0,
        1,
        0,
        0,
        0,
        0,
        1,
        0,
        -21.390625,
        -28.90625,
        79.2578125,
        1
      ],
      "mesh": 44
    },
    {
      "matrix": [
        1,
        0,
        0,
        0,
        0,
        1,
        0,
        0,
        0,
        0,
        1,
        0,
        -32.796875,
        -28.5546875,
        75.890625,
        1
      ],
      "mesh": 44
    },
    {
      "matrix": [
        1,
        0,
        0,
        0,
        0,
        1,
        0,
        0,
        0,
        0,
        1,
        0,
        -35.9765625,
        -29.0625,
        77.515625,
        1
      ],
      "mesh": 44
    },
    {
      "matrix": [
        1,
        0,
        0,
        0,
        0,
        1,
        0,
        0,
        0,
        0,
        1,
        0,
        -35.875,
        -27.5,
        66.890625,
        1
      ],
      "mesh": 44
    },
    {
      "matrix": [
        1,
        0,
        0,
        0,
        0,
        1,
        0,
        0,
        0,
        0,
        1,
        0,
        -71.671875,
        -17.3046875,
        7.28125,
        1
      ],
      "mesh": 44
    },
    {
      "matrix": [
        1,
        0,
        0,
        0,
        0,
        1,
        0,
        0,
        0,
        0,
        1,
        0,
        -68.15625,
        -18,
        17.890625,
        1
      ],
      "mesh": 44
    },
    {
      "matrix": [
        1,
        0,
        0,
        0,
        0,
        0.9996940572530831,
        0.024734427279994954,
        0,
        0,
        -0.024734427279994954,
        0.9996940572530831,
        0,
        -74.8203125,
        -17.578125,
        34.3046875,
        1
      ],
      "mesh": 44
