{
  "asset": {
    "version": "2.0",
    "generator": "THREE.GLTFExporter"
  },
  "scenes": [
    {
      "nodes": [
        308
      ]
    }
  ],
  "scene": 0,
  "nodes": [
    {
      "mesh": 0
    },
    {
      "mesh": 1
    },
    {
      "mesh": 2
    },
    {
      "mesh": 3
    },
    {
      "mesh": 4
    },
    {
      "mesh": 5
    },
    {
      "mesh": 6
    },
    {
      "mesh": 7
    },
    {
      "mesh": 8
    },
    {
      "mesh": 9
    },
    {
      "mesh": 10
    },
    {
      "mesh": 11
    },
    {
      "mesh": 12
    },
    {
      "mesh": 13
    },
    {
      "mesh": 14
    },
    {
      "mesh": 15
    },
    {
      "matrix": [
        -0.03709691109260538,
        0,
        -0.9993116726964553,
        0,
        0,
        1,
        0,
        0,
        0.9993116726964553,
        0,
        -0.03709691109260538,
        0,
        -76.5,
        -0.84375,
        61.5,
        1
      ],
      "mesh": 16
    },
    {
      "matrix": [
        -0.03709691109260538,
        0,
        -0.9993116726964553,
        0,
        0,
        1,
        0,
        0,
        0.9993116726964553,
        0,
        -0.03709691109260538,
        0,
        -76.5,
        -0.84375,
        50.203125,
        1
      ],
      "mesh": 16
    },
    {
      "matrix": [
        -0.03709691109260538,
        0,
        -0.9993116726964553,
        0,
        0,
        1,
        0,
        0,
        0.9993116726964553,
        0,
        -0.03709691109260538,
        0,
        -19.5,
        0.9375,
        52.5,
        1
      ],
      "mesh": 17
    },
    {
      "matrix": [
        1,
        0,
        0,
        0,
        0,
        1,
        0,
        0,
        0,
        0,
        1,
        0,
        -14.5,
        0.78125,
        52.5,
        1
      ],
      "mesh": 17
    },
    {
      "matrix": [
        0.5,
        0,
        0,
        0,
        0,
        0.5,
        0,
        0,
        0,
        0,
        0.5,
        0,
        -64.5,
        0.5,
        9.5,
        1
      ],
      "mesh": 18
    },
    {
      "matrix": [
        0.5,
        0,
        0,
        0,
        0,
        0.5,
        0,
        0,
        0,
        0,
        0.5,
        0,
        -64.5,
        0.5,
        13.5,
        1
      ],
      "mesh": 18
    },
    {
      "matrix": [
        0.5,
        0,
        0,
        0,
        0,
        0.5,
        0,
        0,
        0,
        0,
        0.5,
        0,
        -60.5,
        0.5,
        8.5,
        1
      ],
      "mesh": 18
    },
    {
      "matrix": [
        1,
        0,
        0,
        0,
        0,
        1,
        0,
        0,
        0,
        0,
        1,
        0,
        -68.5,
        0.5,
        26.5,
        1
      ],
      "mesh": 19
    },
    {
      "matrix": [
        1,
        0,
        0,
        0,
        0,
        1,
        0,
        0,
        0,
        0,
        1,
        0,
        -64.5,
        0.5,
        20.5,
        1
      ],
      "mesh": 19
    },
    {
      "matrix": [
        1,
        0,
        0,
        0,
        0,
        1,
        0,
        0,
        0,
        0,
        1,
        0,
        -62.5,
        0.5,
        24.5,
        1
      ],
      "mesh": 20
    },
    {
      "matrix": [
        0.9996940572530831,
        0,
        -0.024734427279994954,
        0,
        0,
        1,
        0,
        0,
        0.024734427279994954,
        0,
        0.9996940572530831,
        0,
        -48.5,
        0.5,
        25.5,
        1
      ],
      "mesh": 19
    },
    {
      "matrix": [
        1,
        0,
        0,
        0,
        0,
        1,
        0,
        0,
        0,
        0,
        1,
        0,
        -57.5,
        0.5,
        17.5,
        1
      ],
      "mesh": 21
    },
    {
      "matrix": [
        1,
        0,
        0,
        0,
        0,
        1,
        0,
        0,
        0,
        0,
        1,
        0,
        -52.5,
        0.5,
        22.5,
        1
      ],
      "mesh": 21
    },
    {
      "matrix": [
        1,
        0,
        0,
        0,
        0,
        1,
        0,
        0,
        0,
        0,
        1,
        0,
        -34.5,
        0.5,
        17.5,
        1
      ],
      "mesh": 21
    },
    {
      "matrix": [
        0.9996940572530831,
        0,
        -0.024734427279994954,
        0,
        0,
        1,
        0,
        0,
        0.024734427279994954,
        0,
        0.9996940572530831,
        0,
        -43.5,
        0.5,
        26.5,
        1
      ],
      "mesh": 21
    },
    {
      "matrix": [
        0.9996940572530831,
        0,
        -0.024734427279994954,
        0,
        0,
        1,
        0,
        0,
        0.024734427279994954,
        0,
        0.9996940572530831,
        0,
        -39.5,
        0.5,
        20.5,
        1
      ],
      "mesh": 22
    },
    {
      "matrix": [
        0.5,
        0,
        0,
        0,
        0,
        0.5,
        0,
        0,
        0,
        0,
        0.5,
        0,
        -61.5,
        0.5,
        35.5,
        1
      ],
      "mesh": 18
    },
    {
      "matrix": [
        0.5,
        0,
        0,
        0,
        0,
        0.5,
        0,
        0,
        0,
        0,
        0.5,
        0,
        -67.5,
        0.5,
        37.5,
        1
      ],
      "mesh": 18
    },
    {
      "matrix": [
        1,
        0,
        0,
        0,
        0,
        1,
        0,
        0,
        0,
        0,
        1,
        0,
        -51.5,
        0.5,
        34.5,
        1
      ],
      "mesh": 20
    },
    {
      "matrix": [
        1,
        0,
        0,
        0,
        0,
        1,
        0,
        0,
        0,
        0,
        1,
        0,
        -49.5,
        0.5,
        38.5,
        1
      ],
      "mesh": 20
    },
    {
      "matrix": [
        1,
        0,
        0,
        0,
        0,
        1,
        0,
        0,
        0,
        0,
        1,
        0,
        -43.5,
        0.5,
        40.5,
        1
      ],
      "mesh": 18
    },
    {
      "matrix": [
        0.9996940572530831,
        0,
        -0.024734427279994954,
        0,
        0,
        1,
        0,
        0,
        0.024734427279994954,
        0,
        0.9996940572530831,
        0,
        -34.5,
        0.5,
        40.5,
        1
      ],
      "mesh": 18
    },
    {
      "matrix": [
        1,
        0,
        0,
        0,
        0,
        1,
        0,
        0,
        0,
        0,
        1,
        0,
        -68.5,
        0.5,
        43.5,
        1
      ],
      "mesh": 23
    },
    {
      "matrix": [
        1,
        0,
        0,
        0,
        0,
        1,
        0,
        0,
        0,
        0,
        1,
        0,
        -66.5,
        0.5,
        48.5,
        1
      ],
      "mesh": 23
    },
    {
      "matrix": [
        1,
        0,
        0,
        0,
        0,
        1,
        0,
        0,
        0,
        0,
        1,
        0,
        -66.5,
        0.5,
        51.5,
        1
      ],
      "mesh": 23
    },
    {
      "matrix": [
        1,
        0,
        0,
        0,
        0,
        1,
        0,
        0,
        0,
        0,
        1,
        0,
        -54.765625,
        0.5,
        49.59375,
        1
      ],
      "mesh": 22
    },
    {
      "matrix": [
        1,
        0,
        0,
        0,
        0,
        1,
        0,
        0,
        0,
        0,
        1,
        0,
        -50.5,
        0.5,
        47.5,
        1
      ],
      "mesh": 22
    },
    {
      "matrix": [
        1,
        0,
        0,
        0,
        0,
        1,
        0,
        0,
        0,
        0,
        1,
        0,
        -48.5,
        0.5,
        49.5,
        1
      ],
      "mesh": 22
    },
    {
      "matrix": [
        1,
        0,
        0,
        0,
        0,
        1,
        0,
        0,
        0,
        0,
        1,
        0,
        -35.5,
        0.5,
        50.5,
        1
      ],
      "mesh": 21
    },
    {
      "matrix": [
        1,
        0,
        0,
        0,
        0,
        1,
        0,
        0,
        0,
        0,
        1,
        0,
        -37.5,
        0.5,
        52.5,
        1
      ],
      "mesh": 21
    },
    {
      "matrix": [
        1,
        0,
        0,
        0,
        0,
        1,
        0,
        0,
        0,
        0,
        1,
        0,
        -43.5,
        0.5,
        52.5,
        1
      ],
      "mesh": 19
    },
    {
      "matrix": [
        1,
        0,
        0,
        0,
        0,
        1,
        0,
        0,
        0,
        0,
        1,
        0,
        -37.5,
        0.5,
        46.5,
        1
      ],
      "mesh": 19
    },
    {
      "matrix": [
        1,
        0,
        0,
        0,
        0,
        1,
        0,
        0,
        0,
        0,
        1,
        0,
        -63.5,
        0.5,
        62.5,
        1
      ],
      "mesh": 19
    },
    {
      "matrix": [
        0.5,
        0,
        0,
        0,
        0,
        0.5,
        0,
        0,
        0,
        0,
        0.5,
        0,
        -64.5,
        0.5,
        58.5,
        1
      ],
      "mesh": 18
    },
    {
      "matrix": [
        0.5,
        0,
        0,
        0,
        0,
        0.5,
        0,
        0,
        0,
        0,
        0.5,
        0,
        -67.5,
        0.5,
        63.5,
        1
      ],
      "mesh": 18
    },
    {
      "matrix": [
        1,
        0,
        0,
        0,
        0,
        1,
        0,
        0,
        0,
        0,
        1,
        0,
        -48.5,
        0.5,
        58.5,
        1
      ],
      "mesh": 19
    },
    {
      "matrix": [
        1,
        0,
        0,
        0,
        0,
        1,
        0,
        0,
        0,
        0,
        1,
        0,
        -53.5,
        0.5,
        63.5,
        1
      ],
      "mesh": 20
    },
    {
      "matrix": [
        0.9996940572530831,
        0,
        -0.024734427279994954,
        0,
        0,
        1,
        0,
        0,
        0.024734427279994954,
        0,
        0.9996940572530831,
        0,
        -42.5,
        0.5,
        58.5,
        1
      ],
      "mesh": 21
    },
    {
      "matrix": [
        0.9996940572530831,
        0,
        -0.024734427279994954,
        0,
        0,
        1,
        0,
        0,
        0.024734427279994954,
        0,
        0.9996940572530831,
        0,
        -35.5,
        0.5,
        64.5,
        1
      ],
      "mesh": 21
    },
    {
      "matrix": [
        0.9996940572530831,
        0,
        -0.024734427279994954,
        0,
        0,
        1,
        0,
        0,
        0.024734427279994954,
        0,
        0.9996940572530831,
        0,
        -41.5,
        0.5,
        64.5,
        1
      ],
      "mesh": 18
    },
    {
      "matrix": [
        1,
        0,
        0,
        0,
        0,
        1,
        0,
        0,
        0,
        0,
        1,
        0,
        -50.5,
        0.5,
        72.5,
        1
      ],
      "mesh": 20
    },
    {
      "matrix": [
        1,
        0,
        0,
        0,
        0,
        1,
        0,
        0,
        0,
        0,
        1,
        0,
        -53.5,
        0.5,
        76.5,
        1
      ],
      "mesh": 20
    },
    {
      "matrix": [
        0.5,
        0,
        0,
        0,
        0,
        0.5,
        0,
        0,
        0,
        0,
        0.5,
        0,
        -40.5,
        0.5,
        70.5,
        1
      ],
      "mesh": 18
    },
    {
      "matrix": [
        0.5,
        0,
        0,
        0,
        0,
        0.5,
        0,
        0,
        0,
        0,
        0.5,
        0,
        -38.5,
        0.5,
        73.5,
        1
      ],
      "mesh": 18
    },
    {
      "matrix": [
        0.5,
        0,
        0,
        0,
        0,
        0.5,
        0,
        0,
        0,
        0,
        0.5,
        0,
        -41.5,
        0.5,
        78.5,
        1
      ],
      "mesh": 18
    },
    {
      "matrix": [
        0.9996940572530831,
        0,
        -0.024734427279994954,
        0,
        0,
        1,
        0,
        0,
        0.024734427279994954,
        0,
        0.9996940572530831,
        0,
        -55.5,
        0.5,
        83.5,
        1
      ],
      "mesh": 24
    },
    {
      "matrix": [
        1,
        0,
        0,
        0,
        0,
        1,
        0,
        0,
        0,
        0,
        1,
        0,
        -47.5,
        0.5,
        91.5,
        1
      ],
      "mesh": 24
    },
    {
      "matrix": [
        1,
        0,
        0,
        0,
        0,
        1,
        0,
        0,
        0,
        0,
        1,
        0,
        -51.5,
        0.5,
        87.5,
        1
      ],
      "mesh": 19
    },
    {
      "matrix": [
        -0.04945371992273917,
        0,
        0.9987764162142613,
        0,
        0,
        1,
        0,
        0,
        -0.9987764162142613,
        0,
        -0.04945371992273917,
        0,
        -118.96875,
        -2.34375,
        69.3828125,
        1
      ],
      "mesh": 25
    },
    {
      "matrix": [
        0.08647119949074578,
        0,
        -0.996254350885672,
        0,
        0,
        1,
        0,
        0,
        0.996254350885672,
        0,
        0.08647119949074578,
        0,
        -96.03125,
        -2.34375,
        78.5,
        1
      ],
      "mesh": 25
    },
    {
      "matrix": [
        0.08647119949074578,
        0,
        -0.996254350885672,
        0,
        0,
        1,
        0,
        0,
        0.996254350885672,
        0,
        0.08647119949074578,
        0,
        -96.03125,
        -2.34375,
        62.5,
        1
      ],
      "mesh": 25
    },
    {
      "matrix": [
        0.08647119949074578,
        0,
        -0.996254350885672,
        0,
        0,
        1,
        0,
        0,
        0.996254350885672,
        0,
        0.08647119949074578,
        0,
        -96.03125,
        -2.34375,
        45.5,
        1
      ],
      "mesh": 25
    },
    {
      "matrix": [
        -0.04945371992273917,
        0,
        0.9987764162142613,
        0,
        0,
        1,
        0,
        0,
        -0.9987764162142613,
        0,
        -0.04945371992273917,
        0,
        -118.96875,
        -2.34375,
        36.3828125,
        1
      ],
      "mesh": 25
    },
    {
      "matrix": [
        1,
        0,
        0,
        0,
        0,
        1,
        0,
        0,
        0,
        0,
        1,
        0,
        -115.5,
        0,
        21.5,
        1
      ],
      "mesh": 25
    },
    {
      "matrix": [
        0.08647119949074578,
        0,
        -0.996254350885672,
        0,
        0,
        1,
        0,
        0,
        0.996254350885672,
        0,
        0.08647119949074578,
        0,
        -96.03125,
        -2.34375,
        24.5,
        1
      ],
      "mesh": 25
    },
    {
      "matrix": [
        0.08647119949074578,
        0,
        -0.996254350885672,
        0,
        0,
        1,
        0,
        0,
        0.996254350885672,
        0,
        0.08647119949074578,
        0,
        -96.03125,
        -2.34375,
        18.5,
        1
      ],
      "mesh": 25
    },
    {
      "matrix": [
        1,
        0,
        0,
        0,
        0,
        1,
        0,
        0,
        0,
        0,
        1,
        0,
        -85.5,
        -2.34375,
        40.96875,
        1
      ],
      "mesh": 25
    },
    {
      "matrix": [
        -0.9996940572530832,
        0,
        -0.024734427279995138,
        0,
        0,
        1,
        0,
        0,
        0.024734427279995138,
        0,
        -0.9996940572530832,
        0,
        -91.5,
        -1.953125,
        36.03125,
        1
      ],
      "mesh": 25
    },
    {
      "matrix": [
        -0.9996940572530832,
        0,
        -0.024734427279995138,
        0,
        0,
        1,
        0,
        0,
        0.024734427279995138,
        0,
        -0.9996940572530832,
        0,
        -79.5,
        -1.953125,
        36.03125,
        1
      ],
      "mesh": 25
    },
    {
      "matrix": [
        1,
        0,
        0,
        0,
        0,
        1,
        0,
        0,
        0,
        0,
        1,
        0,
        -85.5,
        1.953125,
        66.96875,
        1
      ],
      "mesh": 25
    },
    {
      "matrix": [
        -0.963206902074657,
        0,
        -0.268760978930614,
        0,
        0,
        1,
        0,
        0,
        0.268760978930614,
        0,
        -0.963206902074657,
        0,
        -85.5,
        2.34375,
        42.03125,
        1
      ],
      "mesh": 25
    },
    {
      "matrix": [
        0.08647119949074578,
        0,
        -0.996254350885672,
        0,
        0,
        1,
        0,
        0,
        0.996254350885672,
        0,
        0.08647119949074578,
        0,
        -72.03125,
        -2.34375,
        44.5,
        1
      ],
      "mesh": 25
    },
    {
      "matrix": [
        0.08647119949074578,
        0,
        -0.996254350885672,
        0,
        0,
        1,
        0,
        0,
        0.996254350885672,
        0,
        0.08647119949074578,
        0,
        -72.03125,
        -2.34375,
        52.5,
        1
      ],
      "mesh": 25
    },
    {
      "matrix": [
        0.08647119949074578,
        0,
        -0.996254350885672,
        0,
        0,
        1,
        0,
        0,
        0.996254350885672,
        0,
        0.08647119949074578,
        0,
        -72.03125,
        -2.34375,
        60.5,
        1
      ],
      "mesh": 25
    },
    {
      "matrix": [
        0.08647119949074578,
        0,
        -0.996254350885672,
        0,
        0,
        1,
        0,
        0,
        0.996254350885672,
        0,
        0.08647119949074578,
        0,
        -72.03125,
        -2.34375,
        31.5,
        1
      ],
      "mesh": 25
    },
    {
      "matrix": [
        0.08647119949074578,
        0,
        -0.996254350885672,
        0,
        0,
        1,
        0,
        0,
        0.996254350885672,
        0,
        0.08647119949074578,
        0,
        -72.03125,
        -2.34375,
        21.5,
        1
      ],
      "mesh": 25
    },
    {
      "matrix": [
        0.08647119949074578,
        0,
        -0.996254350885672,
        0,
        0,
        1,
        0,
        0,
        0.996254350885672,
        0,
        0.08647119949074578,
        0,
        -72.03125,
        -2.34375,
        12.5,
        1
      ],
      "mesh": 25
    },
    {
      "matrix": [
        -0.9996940572530832,
        0,
        -0.024734427279995138,
        0,
        0,
        1,
        0,
        0,
        0.024734427279995138,
        0,
        -0.9996940572530832,
        0,
        -79.5,
        -1.953125,
        5.03125,
        1
      ],
      "mesh": 25
    },
    {
      "matrix": [
        -0.9996940572530832,
        0,
        -0.024734427279995138,
        0,
        0,
        1,
        0,
        0,
        0.024734427279995138,
        0,
        -0.9996940572530832,
        0,
        -104.5,
        -1.953125,
        10.03125,
        1
      ],
      "mesh": 25
    },
    {
      "matrix": [
        -0.9996940572530832,
        0,
        -0.024734427279995138,
        0,
        0,
        1,
        0,
        0,
        0.024734427279995138,
        0,
        -0.9996940572530832,
        0,
        -93.5,
        -1.953125,
        5.03125,
        1
      ],
      "mesh": 25
    },
    {
      "matrix": [
        -0.9996940572530832,
        0,
        -0.024734427279995138,
        0,
        0,
        1,
        0,
        0,
        0.024734427279995138,
        0,
        -0.9996940572530832,
        0,
        -106.5,
        -1.953125,
        5.03125,
        1
      ],
      "mesh": 25
    },
    {
      "matrix": [
        -0.04945371992273917,
        0,
        0.9987764162142613,
        0,
        0,
        1,
        0,
        0,
        -0.9987764162142613,
        0,
        -0.04945371992273917,
        0,
        -122.96875,
        -2.34375,
        80.3828125,
        1
      ],
      "mesh": 25
    },
    {
      "matrix": [
        1,
        0,
        0,
        0,
        0,
        1,
        0,
        0,
        0,
        0,
        1,
        0,
        -23.5,
        2.734375,
        53.96875,
        1
      ],
      "mesh": 25
    },
    {
      "matrix": [
        -0.9871010858946441,
        0,
        -0.16009823929579778,
        0,
        0,
        1,
        0,
        0,
        0.16009823929579778,
        0,
        -0.9871010858946441,
        0,
        -64.5,
        2.734375,
        3.03125,
        1
      ],
      "mesh": 25
    },
    {
      "matrix": [
        -0.03709691109260538,
        0,
        0.9993116726964553,
        0,
        0,
        1,
        0,
        0,
        -0.9993116726964553,
        0,
        -0.03709691109260538,
        0,
        -70.96875,
        2.734375,
        8.5,
        1
      ],
      "mesh": 25
    },
    {
      "matrix": [
        -0.03709691109260538,
        0,
        0.9993116726964553,
        0,
        0,
        1,
        0,
        0,
        -0.9993116726964553,
        0,
        -0.03709691109260538,
        0,
        -70.96875,
        2.734375,
        47.5,
        1
      ],
      "mesh": 25
    },
    {
      "matrix": [
        -0.9999235113880167,
        0,
        -0.012368159663362844,
        0,
        0,
        1,
        0,
        0,
        0.012368159663362844,
        0,
        -0.9999235113880167,
        0,
        -64.5,
        2.734375,
        42.03125,
        1
      ],
      "mesh": 25
    },
    {
      "matrix": [
        -0.9999235113880167,
        0,
        -0.012368159663362844,
        0,
        0,
        1,
        0,
        0,
        0.012368159663362844,
        0,
        -0.9999235113880167,
        0,
        -51.5,
        2.734375,
        42.03125,
        1
      ],
      "mesh": 25
    },
    {
      "matrix": [
        1,
        0,
        0,
        0,
        0,
        1,
        0,
        0,
        0,
        0,
        1,
        0,
        -51.5,
        2.734375,
        40.5,
        1
      ],
      "mesh": 25
    },
    {
      "matrix": [
        -0.03709691109260538,
        0,
        0.9993116726964553,
        0,
        0,
        1,
        0,
        0,
        -0.9993116726964553,
        0,
        -0.03709691109260538,
        0,
        -70.96875,
        2.734375,
        34.5,
        1
      ],
      "mesh": 25
    },
    {
      "matrix": [
        -0.03709691109260538,
        0,
        0.9993116726964553,
        0,
        0,
        1,
        0,
        0,
        -0.9993116726964553,
        0,
        -0.03709691109260538,
        0,
        -70.96875,
        0,
        21.5,
        1
      ],
      "mesh": 25
    },
    {
      "matrix": [
        -0.9999235113880167,
        0,
        -0.012368159663362844,
        0,
        0,
        1,
        0,
        0,
        0.012368159663362844,
        0,
        -0.9999235113880167,
        0,
        -51.5,
        2.734375,
        16.03125,
        1
      ],
      "mesh": 25
    },
    {
      "matrix": [
        -0.9999235113880167,
        0,
        -0.012368159663362844,
        0,
        0,
        1,
        0,
        0,
        0.012368159663362844,
        0,
        -0.9999235113880167,
        0,
        -39.5,
        2.734375,
        16.03125,
        1
      ],
      "mesh": 25
    },
    {
      "matrix": [
        -0.03709691109260538,
        0,
        -0.9993116726964553,
        0,
        0,
        1,
        0,
        0,
        0.9993116726964553,
        0,
        -0.03709691109260538,
        0,
        -33.03125,
        2.734375,
        21.5,
        1
      ],
      "mesh": 25
    },
    {
      "matrix": [
        -0.03709691109260538,
        0,
        -0.9993116726964553,
        0,
        0,
        1,
        0,
        0,
        0.9993116726964553,
        0,
        -0.03709691109260538,
        0,
        -33.03125,
        2.734375,
        34.5,
        1
      ],
      "mesh": 25
    },
    {
      "matrix": [
        -0.03709691109260538,
        0,
        -0.9993116726964553,
        0,
        0,
        1,
        0,
        0,
        0.9993116726964553,
        0,
        -0.03709691109260538,
        0,
        -33.03125,
        2.734375,
        47.5,
        1
      ],
      "mesh": 25
    },
    {
      "matrix": [
        0.08647119949074578,
        0,
        0.996254350885672,
        0,
        0,
        1,
        0,
        0,
        -0.996254350885672,
        0,
        0.08647119949074578,
        0,
        -70.96875,
        5.46875,
        60.5,
        1
      ],
      "mesh": 25
    },
    {
      "matrix": [
        -0.9890057044881309,
        0,
        -0.14787736976946897,
        0,
        0,
        1,
        0,
        0,
        0.14787736976946897,
        0,
        -0.9890057044881309,
        0,
        -64.5,
        5.46875,
        55.03125,
        1
      ],
      "mesh": 25
    },
    {
      "matrix": [
        0.08647119949074578,
        0,
        0.996254350885672,
        0,
        0,
        1,
        0,
        0,
        -0.996254350885672,
        0,
        0.08647119949074578,
        0,
        -21.96875,
        2.734375,
        68.5,
        1
      ],
      "mesh": 25
    },
    {
      "matrix": [
        -0.9890057044881309,
        0,
        -0.14787736976946897,
        0,
        0,
        1,
        0,
        0,
        0.14787736976946897,
        0,
        -0.9890057044881309,
        0,
        -16.5,
        2.734375,
        63.03125,
        1
      ],
      "mesh": 25
    },
    {
      "matrix": [
        -0.03709691109260538,
        0,
        -0.9993116726964553,
        0,
        0,
        1,
        0,
        0,
        0.9993116726964553,
        0,
        -0.03709691109260538,
        0,
        -7.03125,
        2.734375,
        68.5,
        1
      ],
      "mesh": 25
    },
    {
      "matrix": [
        2.220446049250313e-16,
        0,
        -1,
        0,
        0,
        1,
        0,
        0,
        1,
        0,
        2.220446049250313e-16,
        0,
        -29.03125,
        2.734375,
        74.5,
        1
      ],
      "mesh": 25
    },
    {
      "matrix": [
        2.220446049250313e-16,
        0,
        -1,
        0,
        0,
        1,
        0,
        0,
        1,
        0,
        2.220446049250313e-16,
        0,
        -29.03125,
        2.734375,
        66.5,
        1
      ],
      "mesh": 25
    },
    {
      "matrix": [
        -0.9890057044881309,
        0,
        -0.14787736976946897,
        0,
        0,
        1,
        0,
        0,
        0.14787736976946897,
        0,
        -0.9890057044881309,
        0,
        -30.5,
        5.46875,
        55.03125,
        1
      ],
      "mesh": 25
    },
    {
      "matrix": [
        1,
        0,
        0,
        0,
        0,
        1,
        0,
        0,
        0,
        0,
        1,
        0,
        -38.5,
        2.734375,
        66.96875,
        1
      ],
      "mesh": 25
    },
    {
      "matrix": [
        0.08647119949074578,
        0,
        0.996254350885672,
        0,
        0,
        1,
        0,
        0,
        -0.996254350885672,
        0,
        0.08647119949074578,
        0,
        -44.96875,
        5.46875,
        60.5,
        1
      ],
      "mesh": 25
    },
    {
      "matrix": [
        2.220446049250313e-16,
        0,
        -1,
        0,
        0,
        1,
        0,
        0,
        1,
        0,
        2.220446049250313e-16,
        0,
        -46.03125,
        2.734375,
        60.5,
        1
      ],
      "mesh": 25
    },
    {
      "matrix": [
        2.220446049250313e-16,
        0,
        -1,
        0,
        0,
        1,
        0,
        0,
        1,
        0,
        2.220446049250313e-16,
        0,
        -33.03125,
        2.734375,
        73.5,
        1
      ],
      "mesh": 25
    },
    {
      "matrix": [
        0.08647119949074578,
        0,
        0.996254350885672,
        0,
        0,
        1,
        0,
        0,
        -0.996254350885672,
        0,
        0.08647119949074578,
        0,
        -44.96875,
        5.46875,
        75.5,
        1
      ],
      "mesh": 25
    },
    {
      "matrix": [
        1,
        0,
        0,
        0,
        0,
        1,
        0,
        0,
        0,
        0,
        1,
        0,
        -51.5,
        2.734375,
        79.96875,
        1
      ],
      "mesh": 25
    },
    {
      "matrix": [
        0.08647119949074578,
        0,
        0.996254350885672,
        0,
        0,
        1,
        0,
        0,
        -0.996254350885672,
        0,
        0.08647119949074578,
        0,
        -57.96875,
        5.46875,
        71.5,
        1
      ],
      "mesh": 25
    },
    {
      "matrix": [
        1,
        0,
        0,
        0,
        0,
        1,
        0,
        0,
        0,
        0,
        1,
        0,
        -65.5,
        2.34375,
        70.96875,
        1
      ],
      "mesh": 25
    },
    {
      "matrix": [
        1,
        0,
        0,
        0,
        0,
        1,
        0,
        0,
        0,
        0,
        1,
        0,
        -73.5,
        -1.953125,
        70.96875,
        1
      ],
      "mesh": 25
    },
    {
      "matrix": [
        1,
        0,
        0,
        0,
        0,
        1,
        0,
        0,
        0,
        0,
        1,
        0,
        -80.5,
        -1.953125,
        70.96875,
        1
      ],
      "mesh": 25
    },
    {
      "matrix": [
        1,
        0,
        0,
        0,
        0,
        1,
        0,
        0,
        0,
        0,
        1,
        0,
        -89.5,
        -1.953125,
        70.96875,
        1
      ],
      "mesh": 25
    },
    {
      "matrix": [
        0.08647119949074578,
        0,
        -0.996254350885672,
        0,
        0,
        1,
        0,
        0,
        0.996254350885672,
        0,
        0.08647119949074578,
        0,
        -92.03125,
        -1.953125,
        72.96875,
        1
      ],
      "mesh": 25
    },
    {
      "matrix": [
        0.08647119949074578,
        0,
        -0.996254350885672,
        0,
        0,
        1,
        0,
        0,
        0.996254350885672,
        0,
        0.08647119949074578,
        0,
        -92.03125,
        -1.953125,
        79.96875,
        1
      ],
      "mesh": 25
    },
    {
      "matrix": [
        1,
        0,
        0,
        0,
        0,
        1,
        0,
        0,
        0,
        0,
        1,
        0,
        -83.5,
        2.7734375,
        96.96875,
        1
      ],
      "mesh": 25
    },
    {
      "matrix": [
        1,
        0,
        0,
        0,
        0,
        1,
        0,
        0,
        0,
        0,
        1,
        0,
        -107.5,
        -2.34375,
        87.96875,
        1
      ],
      "mesh": 25
    },
    {
      "matrix": [
        -0.03709691109260538,
        0,
        0.9993116726964553,
        0,
        0,
        1,
        0,
        0,
        -0.9993116726964553,
        0,
        -0.03709691109260538,
        0,
        -122.96875,
        -1.953125,
        90.5,
        1
      ],
      "mesh": 25
    },
    {
      "matrix": [
        -0.03709691109260538,
        0,
        0.9993116726964553,
        0,
        0,
        1,
        0,
        0,
        -0.9993116726964553,
        0,
        -0.03709691109260538,
        0,
        -122.96875,
        2.734375,
        98.5,
        1
      ],
      "mesh": 25
    },
    {
      "matrix": [
        -0.03709691109260538,
        0,
        -0.9993116726964553,
        0,
        0,
        1,
        0,
        0,
        0.9993116726964553,
        0,
        -0.03709691109260538,
        0,
        -2.03125,
        2.734375,
        86.5,
        1
      ],
      "mesh": 25
    },
    {
      "matrix": [
        -0.03709691109260538,
        0,
        -0.9993116726964553,
        0,
        0,
        1,
        0,
        0,
        0.9993116726964553,
        0,
        -0.03709691109260538,
        0,
        -2.03125,
        2.734375,
        95.5,
        1
      ],
      "mesh": 25
    },
    {
      "matrix": [
        0.06180296346008418,
        0,
        -0.9980883696885519,
        0,
        0,
        1,
        0,
        0,
        0.9980883696885519,
        0,
        0.06180296346008418,
        0,
        -2.03125,
        3.125,
        117.4609375,
        1
      ],
      "mesh": 25
    },
    {
      "matrix": [
        0.9753195679051626,
        0,
        0.2207979629917062,
        0,
        0,
        1,
        0,
        0,
        -0.2207979629917062,
        0,
        0.9753195679051626,
        0,
        -9.5,
        3.125,
        125.96875,
        1
      ],
      "mesh": 25
    },
    {
      "matrix": [
        -0.16009823929579747,
        0,
        0.9871010858946442,
        0,
        0,
        1,
        0,
        0,
        -0.9871010858946442,
        0,
        -0.16009823929579747,
        0,
        -15.96875,
        3.125,
        121.890625,
        1
      ],
      "mesh": 25
    },
    {
      "matrix": [
        -0.9890057044881309,
        0,
        -0.14787736976946897,
        0,
        0,
        1,
        0,
        0,
        0.14787736976946897,
        0,
        -0.9890057044881309,
        0,
        -9.5,
        3.125,
        110.03125,
        1
      ],
      "mesh": 25
    },
    {
      "matrix": [
        -0.03709691109260538,
        0,
        0.9993116726964553,
        0,
        0,
        1,
        0,
        0,
        -0.9993116726964553,
        0,
        -0.03709691109260538,
        0,
        -112.96875,
        2.734375,
        115.5,
        1
      ],
      "mesh": 25
    },
    {
      "matrix": [
        -0.9951086591716065,
        0,
        -0.09878641830579406,
        0,
        0,
        1,
        0,
        0,
        0.09878641830579406,
        0,
        -0.9951086591716065,
        0,
        -117.5,
        2.734375,
        106.03125,
        1
      ],
      "mesh": 25
    },
    {
      "matrix": [
        0.08647119949074578,
        0,
        0.996254350885672,
        0,
        0,
        1,
        0,
        0,
        -0.996254350885672,
        0,
        0.08647119949074578,
        0,
        -125.9921875,
        2.734375,
        114.5,
        1
      ],
      "mesh": 25
    },
    {
      "matrix": [
        1,
        0,
        0,
        0,
        0,
        1,
        0,
        0,
        0,
        0,
        1,
        0,
        -117.5,
        2.734375,
        125.96875,
        1
      ],
      "mesh": 25
    },
    {
      "matrix": [
        1,
        0,
        0,
        0,
        0,
        1,
        0,
        0,
        0,
        0,
        1,
        0,
        -102.5,
        2.734375,
        118.96875,
        1
      ],
      "mesh": 25
    },
    {
      "matrix": [
        1,
        0,
        0,
        0,
        0,
        1,
        0,
        0,
        0,
        0,
        1,
        0,
        -89.5,
        2.734375,
        118.96875,
        1
      ],
      "mesh": 25
    },
    {
      "matrix": [
        1,
        0,
        0,
        0,
        0,
        1,
        0,
        0,
        0,
        0,
        1,
        0,
        -72.5,
        2.734375,
        125.96875,
        1
      ],
      "mesh": 25
    },
    {
      "matrix": [
        -0.9951086591716065,
        0,
        -0.09878641830579406,
        0,
        0,
        1,
        0,
        0,
        0.09878641830579406,
        0,
        -0.9951086591716065,
        0,
        -72.5,
        2.734375,
        106.03125,
        1
      ],
      "mesh": 25
    },
    {
      "matrix": [
        -0.9951086591716065,
        0,
        -0.09878641830579406,
        0,
        0,
        1,
        0,
        0,
        0.09878641830579406,
        0,
        -0.9951086591716065,
        0,
        -83.5,
        2.734375,
        102.03125,
        1
      ],
      "mesh": 25
    },
    {
      "matrix": [
        -0.9951086591716065,
        0,
        -0.09878641830579406,
        0,
        0,
        1,
        0,
        0,
        0.09878641830579406,
        0,
        -0.9951086591716065,
        0,
        -66.5,
        2.734375,
        102.03125,
        1
      ],
      "mesh": 25
    },
    {
      "matrix": [
        1,
        0,
        0,
        0,
        0,
        1,
        0,
        0,
        0,
        0,
        1,
        0,
        -56.5,
        2.734375,
        118.96875,
        1
      ],
      "mesh": 25
    },
    {
      "matrix": [
        1,
        0,
        0,
        0,
        0,
        1,
        0,
        0,
        0,
        0,
        1,
        0,
        -55.5,
        2.734375,
        114.96875,
        1
      ],
      "mesh": 25
    },
    {
      "matrix": [
        -0.9951086591716065,
        0,
        -0.09878641830579406,
        0,
        0,
        1,
        0,
        0,
        0.09878641830579406,
        0,
        -0.9951086591716065,
        0,
        -39.5,
        2.734375,
        106.03125,
        1
      ],
      "mesh": 25
    },
    {
      "matrix": [
        -0.9951086591716065,
        0,
        -0.09878641830579406,
        0,
        0,
        1,
        0,
        0,
        0.09878641830579406,
        0,
        -0.9951086591716065,
        0,
        -49.5,
        2.734375,
        102.03125,
        1
      ],
      "mesh": 25
    },
    {
      "matrix": [
        -0.9951086591716065,
        0,
        -0.09878641830579406,
        0,
        0,
        1,
        0,
        0,
        0.09878641830579406,
        0,
        -0.9951086591716065,
        0,
        -34.5,
        2.734375,
        102.03125,
        1
      ],
      "mesh": 25
    },
    {
      "matrix": [
        -0.9951086591716065,
        0,
        -0.09878641830579406,
        0,
        0,
        1,
        0,
        0,
        0.09878641830579406,
        0,
        -0.9951086591716065,
        0,
        -18.5,
        2.734375,
        102.03125,
        1
      ],
      "mesh": 25
    },
    {
      "matrix": [
        1,
        0,
        0,
        0,
        0,
        1,
        0,
        0,
        0,
        0,
        1,
        0,
        -9.5,
        2.734375,
        108.96875,
        1
      ],
      "mesh": 25
    },
    {
      "matrix": [
        0.08647119949074578,
        0,
        -0.996254350885672,
        0,
        0,
        1,
        0,
        0,
        0.996254350885672,
        0,
        0.08647119949074578,
        0,
        -2.03125,
        2.734375,
        104.5,
        1
      ],
      "mesh": 25
    },
    {
      "matrix": [
        1,
        0,
        0,
        0,
        0,
        1,
        0,
        0,
        0,
        0,
        1,
        0,
        -39.5,
        2.734375,
        125.96875,
        1
      ],
      "mesh": 25
    },
    {
      "matrix": [
        1,
        0,
        0,
        0,
        0,
        1,
        0,
        0,
        0,
        0,
        1,
        0,
