[gd_scene load_steps=20 format=3 uid="uid://4d687guoiyn6"]

[ext_resource type="PackedScene" uid="uid://dmp17erft70qd" path="res://game/levels/twilite/twiliteStatic.tscn" id="1_tf42b"]
[ext_resource type="Script" path="res://game/components/levelchange_activator/levelchange_activator.gd" id="2_jj5y4"]
[ext_resource type="PackedScene" uid="uid://6l3xg10kplcq" path="res://game/assets/maps_with_npcs/twilite/map.gltf" id="2_oo7ql"]
[ext_resource type="PackedScene" uid="uid://dddrothxl62m" path="res://game/tools/character_position_marker.tscn" id="3_6vat5"]
[ext_resource type="PackedScene" uid="uid://uh1porxrhyvj" path="res://game/tools/object_position_marker.tscn" id="3_m8mr1"]
[ext_resource type="Environment" uid="uid://dhku8dhhyvp0u" path="res://game/assets/world_environments/interior.tres" id="3_qajec"]
[ext_resource type="PackedScene" uid="uid://dm8t03he5hva1" path="res://game/actors/characters/generated_characters/105_monsters__nightdead/105_monsters__nightdead.tscn" id="6_k8ocq"]
[ext_resource type="PackedScene" uid="uid://dic5hwheky43y" path="res://game/actors/characters/generated_characters/103_monsters__flesh_defiler/103_monsters__flesh_defiler.tscn" id="7_4o6jb"]
[ext_resource type="PackedScene" uid="uid://kmxdswgl2wgc" path="res://game/actors/characters/generated_characters/175_twilite__pergan_asuul/175_twilite__pergan_asuul.tscn" id="8_jpnn5"]
[ext_resource type="PackedScene" uid="uid://dbc2rwn7fafhg" path="res://game/actors/characters/generated_characters/173_monsters__ivgrizt/173_monsters__ivgrizt.tscn" id="9_57nye"]
[ext_resource type="PackedScene" uid="uid://d3ato77kvwa8m" path="res://game/actors/characters/generated_characters/176_twilite__inv_zombie_dawn/176_twilite__inv_zombie_dawn.tscn" id="10_48cfo"]
[ext_resource type="PackedScene" uid="uid://c2dsqmpp15y1p" path="res://game/actors/characters/generated_characters/3202_twilite__goblin_talk/3202_twilite__goblin_talk.tscn" id="11_f4i4p"]
[ext_resource type="PackedScene" uid="uid://bxtcgc28hugrq" path="res://game/actors/characters/generated_characters/104_twilite__inv_zombie_dusk/104_twilite__inv_zombie_dusk.tscn" id="12_b2qbv"]
[ext_resource type="PackedScene" uid="uid://djyaufk1d2rqf" path="res://game/actors/characters/generated_characters/104_monsters__azra_zombie/104_monsters__azra_zombie.tscn" id="13_5ai2a"]
[ext_resource type="PackedScene" uid="uid://b5i6bqh0nmxq4" path="res://game/actors/characters/generated_characters/3203_monsters__mountain_wight/3203_monsters__mountain_wight.tscn" id="14_udmbd"]
[ext_resource type="PackedScene" uid="uid://uq6pbtqlyiqi" path="res://game/actors/characters/generated_characters/104_twilite__volstok_violet/104_twilite__volstok_violet.tscn" id="15_3h4rj"]
[ext_resource type="PackedScene" uid="uid://bwxo8a1sfnm8x" path="res://game/actors/characters/generated_characters/118_monsters__bandit_mage/118_monsters__bandit_mage.tscn" id="16_0v3rg"]

[sub_resource type="BoxMesh" id="BoxMesh_i3mve"]
size = Vector3(0.1, 0.1, 0.1)

[sub_resource type="BoxShape3D" id="BoxShape3D_uem33"]
size = Vector3(3, 5, 1)

[node name="twilite" type="Node3D"]

[node name="StaticTerrain" type="Node3D" parent="." groups=["static_terrain"]]

[node name="twilite" parent="StaticTerrain" instance=ExtResource("1_tf42b")]
transform = Transform3D(1, 0, 0, 0, 1, 0, 0, 0, 1, 0, -21.63, 0.5)

[node name="npc_placement" type="Node3D" parent="StaticTerrain"]
visible = false

[node name="map" parent="StaticTerrain/npc_placement" instance=ExtResource("2_oo7ql")]

[node name="actors" type="Node3D" parent="."]

[node name="named_characters" type="Node3D" parent="actors"]

[node name="opponents" type="Node3D" parent="actors"]

[node name="105_placeholder10" parent="actors/opponents" instance=ExtResource("6_k8ocq")]
transform = Transform3D(-1, 0, -8.74228e-08, 0, 1, 0, 8.74228e-08, 0, -1, 38.5, -6.4, 56.5)

[node name="105_placeholder11" parent="actors/opponents" instance=ExtResource("6_k8ocq")]
transform = Transform3D(-0.995109, 0, 0.0987865, 0, 1, 0, -0.0987865, 0, -0.995109, 58.5703, -6.4, -50.2344)

[node name="105_placeholder12" parent="actors/opponents" instance=ExtResource("6_k8ocq")]
transform = Transform3D(-1, 0, -8.74228e-08, 0, 1, 0, 8.74228e-08, 0, -1, 27.5, -6.4, -57.5)

[node name="105_placeholder13" parent="actors/opponents" instance=ExtResource("6_k8ocq")]
transform = Transform3D(-1, 0, -8.74228e-08, 0, 1, 0, 8.74228e-08, 0, -1, 14.5, -6.4, 20.5)

[node name="105_placeholder14" parent="actors/opponents" instance=ExtResource("6_k8ocq")]
transform = Transform3D(-1, 0, -8.74228e-08, 0, 1, 0, 8.74228e-08, 0, -1, 11.5, -6.4, 24.5)

[node name="105_placeholder15" parent="actors/opponents" instance=ExtResource("6_k8ocq")]
transform = Transform3D(-0.999694, 0, -0.0247344, 0, 1, 0, 0.0247344, 0, -0.999694, -36.5, -6.4, -25.5)

[node name="105_placeholder16" parent="actors/opponents" instance=ExtResource("6_k8ocq")]
transform = Transform3D(-0.998776, 0, -0.0494537, 0, 1, 0, 0.0494537, 0, -0.998776, -46.5, -6.4, -25.5)

[node name="105_placeholder17" parent="actors/opponents" instance=ExtResource("6_k8ocq")]
transform = Transform3D(-0.999694, 0, 0.0247345, 0, 1, 0, -0.0247345, 0, -0.999694, -30.5, -6.4, -51.5)

[node name="105_placeholder18" parent="actors/opponents" instance=ExtResource("6_k8ocq")]
transform = Transform3D(-0.999694, 0, -0.0247344, 0, 1, 0, 0.0247344, 0, -0.999694, -12.5, -6.4, -4.5)

[node name="103_placeholder13" parent="actors/opponents" instance=ExtResource("7_4o6jb")]
transform = Transform3D(-1, 0, -8.74228e-08, 0, 1, 0, 8.74228e-08, 0, -1, 17.5, -6.4, -58.5)

[node name="103_placeholder14" parent="actors/opponents" instance=ExtResource("7_4o6jb")]
transform = Transform3D(-1, 0, -8.74228e-08, 0, 1, 0, 8.74228e-08, 0, -1, 23.5, -6.4, -38.5)

[node name="103_placeholder15" parent="actors/opponents" instance=ExtResource("7_4o6jb")]
transform = Transform3D(-1, 0, -8.74228e-08, 0, 1, 0, 8.74228e-08, 0, -1, 36.5, -6.4, 23.5)

[node name="103_placeholder16" parent="actors/opponents" instance=ExtResource("7_4o6jb")]
transform = Transform3D(-1, 0, -8.74228e-08, 0, 1, 0, 8.74228e-08, 0, -1, -31.5, -6.4, 45.5)

[node name="103_placeholder17" parent="actors/opponents" instance=ExtResource("7_4o6jb")]
transform = Transform3D(0.441826, 0, -0.897101, 0, 1, 0, 0.897101, 0, 0.441826, 39.4531, -6.4, -19.7266)

[node name="103_placeholder18" parent="actors/opponents" instance=ExtResource("7_4o6jb")]
transform = Transform3D(-0.70272, 0, 0.711466, 0, 1, 0, -0.711466, 0, -0.70272, 58.5195, -6.4, -22.625)

[node name="103_placeholder19" parent="actors/opponents" instance=ExtResource("7_4o6jb")]
transform = Transform3D(-0.999694, 0, -0.0247344, 0, 1, 0, 0.0247344, 0, -0.999694, -43.5, -6.4, -49.5)

[node name="103_placeholder20" parent="actors/opponents" instance=ExtResource("7_4o6jb")]
transform = Transform3D(-0.999694, 0, 0.0247345, 0, 1, 0, -0.0247345, 0, -0.999694, -38.5, -6.4, -52.5)

[node name="103_placeholder21" parent="actors/opponents" instance=ExtResource("7_4o6jb")]
transform = Transform3D(-0.999694, 0, 0.0247345, 0, 1, 0, -0.0247345, 0, -0.999694, -3.5, -6.4, -25.5)

[node name="103_placeholder22" parent="actors/opponents" instance=ExtResource("7_4o6jb")]
transform = Transform3D(-0.999694, 0, 0.0247345, 0, 1, 0, -0.0247345, 0, -0.999694, 2.5, -6.4, -25.5)

[node name="103_placeholder23" parent="actors/opponents" instance=ExtResource("7_4o6jb")]
transform = Transform3D(-0.997248, 0, -0.0741429, 0, 1, 0, 0.0741429, 0, -0.997248, 9.5, -6.4, 4.5)

[node name="175_placeholder2" parent="actors/opponents" instance=ExtResource("8_jpnn5")]
transform = Transform3D(-1, 0, -8.74228e-08, 0, 1, 0, 8.74228e-08, 0, -1, -0.5, -6.4, -59.1406)

[node name="173_placeholder2" parent="actors/opponents" instance=ExtResource("9_57nye")]
transform = Transform3D(-0.648036, 0, 0.761609, 0, 1, 0, -0.761609, 0, -0.648036, -32.0625, -6.4, 19.2812)

[node name="176_placeholder3" parent="actors/opponents" instance=ExtResource("10_48cfo")]
transform = Transform3D(-0.992361, 0, -0.12337, 0, 1, 0, 0.12337, 0, -0.992361, 43.25, -6.4, 2.5)

[node name="176_placeholder4" parent="actors/opponents" instance=ExtResource("10_48cfo")]
transform = Transform3D(-0.995109, 0, -0.0987865, 0, 1, 0, 0.0987865, 0, -0.995109, 42.5, -6.4, -4.5)

[node name="3202_placeholder2" parent="actors/opponents" instance=ExtResource("11_f4i4p")]
transform = Transform3D(-0.589785, 0, -0.807561, 0, 1, 0, 0.807561, 0, -0.589785, -6.35938, -6.4, 45.6406)

[node name="104_placeholder31" parent="actors/opponents" instance=ExtResource("12_b2qbv")]
transform = Transform3D(-1, 0, -8.74228e-08, 0, 1, 0, 8.74228e-08, 0, -1, -48.5, -6.4, 3.5)

[node name="104_placeholder32" parent="actors/opponents" instance=ExtResource("12_b2qbv")]
transform = Transform3D(-1, 0, -8.74228e-08, 0, 1, 0, 8.74228e-08, 0, -1, -58.2812, -6.4, -4.45312)

[node name="104_placeholder33" parent="actors/opponents" instance=ExtResource("12_b2qbv")]
transform = Transform3D(-1, 0, -8.74228e-08, 0, 1, 0, 8.74228e-08, 0, -1, -48.5, -6.4, -6.5)

[node name="104_placeholder34" parent="actors/opponents" instance=ExtResource("13_5ai2a")]
transform = Transform3D(-0.995109, 0, -0.0987865, 0, 1, 0, 0.0987865, 0, -0.995109, 1.5, -6.4, -8.5)

[node name="104_placeholder35" parent="actors/opponents" instance=ExtResource("13_5ai2a")]
transform = Transform3D(-0.999694, 0, -0.0247344, 0, 1, 0, 0.0247344, 0, -0.999694, -4.5, -6.4, -9.5)

[node name="104_placeholder36" parent="actors/opponents" instance=ExtResource("13_5ai2a")]
transform = Transform3D(-0.999694, 0, -0.0247344, 0, 1, 0, 0.0247344, 0, -0.999694, -1.5, -6.4, -12.5)

[node name="104_placeholder37" parent="actors/opponents" instance=ExtResource("13_5ai2a")]
transform = Transform3D(-0.995109, 0, -0.0987865, 0, 1, 0, 0.0987865, 0, -0.995109, 14.5, -6.4, -4.5)

[node name="104_placeholder38" parent="actors/opponents" instance=ExtResource("13_5ai2a")]
transform = Transform3D(-0.998776, 0, -0.0494537, 0, 1, 0, 0.0494537, 0, -0.998776, 3.5, -6.4, 12.5)

[node name="104_placeholder39" parent="actors/opponents" instance=ExtResource("13_5ai2a")]
transform = Transform3D(-0.998776, 0, -0.0494537, 0, 1, 0, 0.0494537, 0, -0.998776, -0.5, -6.4, 6.5)

[node name="104_placeholder40" parent="actors/opponents" instance=ExtResource("13_5ai2a")]
transform = Transform3D(-0.998776, 0, -0.0494537, 0, 1, 0, 0.0494537, 0, -0.998776, -14.5, -6.4, 3.5)

[node name="104_placeholder41" parent="actors/opponents" instance=ExtResource("13_5ai2a")]
transform = Transform3D(-0.999694, 0, 0.0247345, 0, 1, 0, -0.0247345, 0, -0.999694, -20.5, -6.4, -51.5)

[node name="104_placeholder42" parent="actors/opponents" instance=ExtResource("13_5ai2a")]
transform = Transform3D(-0.998776, 0, -0.0494537, 0, 1, 0, 0.0494537, 0, -0.998776, -44.3281, -6.4, -54.1562)

[node name="104_placeholder43" parent="actors/opponents" instance=ExtResource("13_5ai2a")]
transform = Transform3D(-0.998776, 0, -0.0494537, 0, 1, 0, 0.0494537, 0, -0.998776, -43.1562, -6.4, -57.7656)

[node name="104_placeholder44" parent="actors/opponents" instance=ExtResource("13_5ai2a")]
transform = Transform3D(-0.998776, 0, -0.0494537, 0, 1, 0, 0.0494537, 0, -0.998776, -36.2031, -6.4, -56.7656)

[node name="3203_placeholder3" parent="actors/opponents" instance=ExtResource("14_udmbd")]
transform = Transform3D(0.061803, 0, 0.998088, 0, 1, 0, -0.998088, 0, 0.061803, -37.2031, -6.4, -37.9531)

[node name="3203_placeholder4" parent="actors/opponents" instance=ExtResource("14_udmbd")]
transform = Transform3D(-0.441826, 0, 0.897101, 0, 1, 0, -0.897101, 0, -0.441826, -35.5, -6.4, -21.2344)

[node name="104_placeholder45" parent="actors/opponents" instance=ExtResource("15_3h4rj")]
transform = Transform3D(-0.549126, 0, -0.835739, 0, 1, 0, 0.835739, 0, -0.549126, -58.5, -6.4, 15.75)

[node name="104_placeholder46" parent="actors/opponents" instance=ExtResource("13_5ai2a")]
transform = Transform3D(-0.931946, 0, -0.362598, 0, 1, 0, 0.362598, 0, -0.931946, 53.6484, -6.4, -20.5)

[node name="104_placeholder47" parent="actors/opponents" instance=ExtResource("13_5ai2a")]
transform = Transform3D(-0.96956, 0, -0.244854, 0, 1, 0, 0.244854, 0, -0.96956, 43.5352, -6.4, -22.6719)

[node name="104_placeholder48" parent="actors/opponents" instance=ExtResource("13_5ai2a")]
transform = Transform3D(-0.997248, 0, -0.0741429, 0, 1, 0, 0.0741429, 0, -0.997248, 50.1641, -6.4, -38.3906)

[node name="104_placeholder49" parent="actors/opponents" instance=ExtResource("13_5ai2a")]
transform = Transform3D(0.96956, 0, -0.244854, 0, 1, 0, 0.244854, 0, 0.96956, 59.4727, -6.4, -34.1484)

[node name="104_placeholder50" parent="actors/opponents" instance=ExtResource("13_5ai2a")]
transform = Transform3D(-0.70272, 0, 0.711466, 0, 1, 0, -0.711466, 0, -0.70272, 37.5703, -6.4, -35.9883)

[node name="118_placeholder7" parent="actors/opponents" instance=ExtResource("16_0v3rg")]
transform = Transform3D(-0.96956, 0, -0.244854, 0, 1, 0, 0.244854, 0, -0.96956, 41.3945, -6.4, -49.8945)

[node name="118_placeholder8" parent="actors/opponents" instance=ExtResource("16_0v3rg")]
transform = Transform3D(-0.999694, 0, 0.0247345, 0, 1, 0, -0.0247345, 0, -0.999694, 50.0625, -6.4, -48.8828)

[node name="118_placeholder9" parent="actors/opponents" instance=ExtResource("16_0v3rg")]
transform = Transform3D(-1, 0, -8.74228e-08, 0, 1, 0, 8.74228e-08, 0, -1, -18.5, -6.4, 49.5)

[node name="118_placeholder10" parent="actors/opponents" instance=ExtResource("16_0v3rg")]
transform = Transform3D(-1, 0, -8.74228e-08, 0, 1, 0, 8.74228e-08, 0, -1, -25.5, -6.4, 45.5)

[node name="104_placeholder51" parent="actors/opponents" instance=ExtResource("13_5ai2a")]
transform = Transform3D(-1, 0, -8.74228e-08, 0, 1, 0, 8.74228e-08, 0, -1, -49.5625, -6.4, 48.5)

[node name="104_placeholder52" parent="actors/opponents" instance=ExtResource("13_5ai2a")]
transform = Transform3D(-1, 0, -8.74228e-08, 0, 1, 0, 8.74228e-08, 0, -1, 31.5, -6.4, 14.5)

[node name="104_placeholder53" parent="actors/opponents" instance=ExtResource("13_5ai2a")]
transform = Transform3D(-0.999694, 0, -0.0247344, 0, 1, 0, 0.0247344, 0, -0.999694, 23.5, -6.4, 16.5)

[node name="104_placeholder54" parent="actors/opponents" instance=ExtResource("13_5ai2a")]
transform = Transform3D(-0.998776, 0, -0.0494537, 0, 1, 0, 0.0494537, 0, -0.998776, 27.5, -6.4, 8.5)

[node name="104_placeholder55" parent="actors/opponents" instance=ExtResource("13_5ai2a")]
transform = Transform3D(-0.037097, 0, -0.999312, 0, 1, 0, 0.999312, 0, -0.037097, 32.5, -6.4, -33.4336)

[node name="104_placeholder56" parent="actors/opponents" instance=ExtResource("13_5ai2a")]
transform = Transform3D(-1, 0, -8.74228e-08, 0, 1, 0, 8.74228e-08, 0, -1, 22.5, -6.4, -34.5)

[node name="104_placeholder57" parent="actors/opponents" instance=ExtResource("13_5ai2a")]
transform = Transform3D(-0.351044, 0, -0.936359, 0, 1, 0, 0.936359, 0, -0.351044, 32.5, -6.4, -36.3125)

[node name="104_placeholder58" parent="actors/opponents" instance=ExtResource("13_5ai2a")]
transform = Transform3D(-1, 0, -8.74228e-08, 0, 1, 0, 8.74228e-08, 0, -1, 23.5, -6.4, 25.5)

[node name="104_placeholder59" parent="actors/opponents" instance=ExtResource("13_5ai2a")]
transform = Transform3D(-1, 0, -8.74228e-08, 0, 1, 0, 8.74228e-08, 0, -1, 19.5, -6.4, 22.5)

[node name="118_placeholder11" parent="actors/opponents" instance=ExtResource("16_0v3rg")]
transform = Transform3D(-1, 0, -8.74228e-08, 0, 1, 0, 8.74228e-08, 0, -1, 42.5, -6.4, 53.5)

[node name="118_placeholder12" parent="actors/opponents" instance=ExtResource("16_0v3rg")]
transform = Transform3D(-1, 0, -8.74228e-08, 0, 1, 0, 8.74228e-08, 0, -1, 41.4531, -6.4, 58.5)

[node name="103_placeholder24" parent="actors/opponents" instance=ExtResource("7_4o6jb")]
transform = Transform3D(-0.989006, 0, -0.147877, 0, 1, 0, 0.147877, 0, -0.989006, -0.5, -5.4, -1.5)

[node name="104_placeholder60" parent="actors/opponents" instance=ExtResource("12_b2qbv")]
transform = Transform3D(-1, 0, -8.74228e-08, 0, 1, 0, 8.74228e-08, 0, -1, -58.5, -6.4, -1.5)

[node name="objects" type="Node3D" parent="actors"]

[node name="placeholders" type="Node3D" parent="actors"]
transform = Transform3D(1, 0, 0, 0, 1, 0, 0, 0, 1, 0, -6.9, 0)
visible = false

[node name="62_placeholder" parent="actors/placeholders" instance=ExtResource("3_m8mr1")]
transform = Transform3D(0.0370971, 0, -0.999312, 0, 1, 0, 0.999312, 0, 0.0370971, -5.5, 0.429688, 51.5)
mesh = SubResource("BoxMesh_i3mve")
type = 1
scriptname = "chair02e"

[node name="67_placeholder" parent="actors/placeholders" instance=ExtResource("3_m8mr1")]
transform = Transform3D(-0.648036, 0, 0.761609, 0, 1, 0, -0.761609, 0, -0.648036, 53.2812, 0.390625, -5.5)
mesh = SubResource("BoxMesh_i3mve")
type = 1
scriptname = "longtable"

[node name="67_placeholder2" parent="actors/placeholders" instance=ExtResource("3_m8mr1")]
transform = Transform3D(-0.737045, 0, -0.675843, 0, 1, 0, 0.675843, 0, -0.737045, 53.2812, 0.390625, 3.5)
mesh = SubResource("BoxMesh_i3mve")
type = 1
scriptname = "longtable"

[node name="67_placeholder3" parent="actors/placeholders" instance=ExtResource("3_m8mr1")]
transform = Transform3D(-0.648036, 0, 0.761609, 0, 1, 0, -0.761609, 0, -0.648036, 45.7188, 0.390625, 3.5)
mesh = SubResource("BoxMesh_i3mve")
type = 1
scriptname = "longtable"

[node name="60_placeholder" parent="actors/placeholders" instance=ExtResource("3_m8mr1")]
transform = Transform3D(0.999694, 0, 0.0247345, 0, 1, 0, -0.0247345, 0, 0.999694, -51.5, 0.46875, 43.7734)
mesh = SubResource("BoxMesh_i3mve")
type = 1
scriptname = "cabinete"

[node name="60_placeholder2" parent="actors/placeholders" instance=ExtResource("3_m8mr1")]
transform = Transform3D(0.999694, 0, 0.0247345, 0, 1, 0, -0.0247345, 0, 0.999694, -37.5, 0.46875, 43.7734)
mesh = SubResource("BoxMesh_i3mve")
type = 1
scriptname = "cabinete"

[node name="60_placeholder3" parent="actors/placeholders" instance=ExtResource("3_m8mr1")]
transform = Transform3D(0.999694, 0, 0.0247345, 0, 1, 0, -0.0247345, 0, 0.999694, -17.5, 0.46875, 43.7734)
mesh = SubResource("BoxMesh_i3mve")
type = 1
scriptname = "cabinete"

[node name="21_placeholder" parent="actors/placeholders" instance=ExtResource("3_m8mr1")]
transform = Transform3D(-1, 0, -8.74228e-08, 0, 1, 0, 8.74228e-08, 0, -1, -46.5, 0.195312, 51.5)
mesh = SubResource("BoxMesh_i3mve")
type = 8
scriptname = "footlocker"

[node name="21_placeholder2" parent="actors/placeholders" instance=ExtResource("3_m8mr1")]
transform = Transform3D(-1, 0, -8.74228e-08, 0, 1, 0, 8.74228e-08, 0, -1, -32.5, 0.195312, 51.5)
mesh = SubResource("BoxMesh_i3mve")
type = 8
scriptname = "footlocker"

[node name="21_placeholder3" parent="actors/placeholders" instance=ExtResource("3_m8mr1")]
transform = Transform3D(-1, 0, -8.74228e-08, 0, 1, 0, 8.74228e-08, 0, -1, -19.5, 0.195312, 51.5)
mesh = SubResource("BoxMesh_i3mve")
type = 8
scriptname = "footlocker"

[node name="9_placeholder" parent="actors/placeholders" instance=ExtResource("3_m8mr1")]
transform = Transform3D(0.0370971, 0, -0.999312, 0, 1, 0, 0.999312, 0, 0.0370971, -55.4219, 0, 47.5)
mesh = SubResource("BoxMesh_i3mve")
type = 1
scriptname = "tablecker"

[node name="9_placeholder2" parent="actors/placeholders" instance=ExtResource("3_m8mr1")]
transform = Transform3D(0.0370971, 0, -0.999312, 0, 1, 0, 0.999312, 0, 0.0370971, -40.4219, 0, 47.5)
mesh = SubResource("BoxMesh_i3mve")
type = 1
scriptname = "tablecker"

[node name="9_placeholder3" parent="actors/placeholders" instance=ExtResource("3_m8mr1")]
transform = Transform3D(0.0370971, 0, -0.999312, 0, 1, 0, 0.999312, 0, 0.0370971, -27.4219, 0, 47.5)
mesh = SubResource("BoxMesh_i3mve")
type = 1
scriptname = "tablecker"

[node name="59_placeholder" parent="actors/placeholders" instance=ExtResource("3_m8mr1")]
transform = Transform3D(-1, 0, -8.74228e-08, 0, 1, 0, 8.74228e-08, 0, -1, -48.5, 0.585938, 51.0859)
mesh = SubResource("BoxMesh_i3mve")
type = 1
scriptname = "bedecker"

[node name="59_placeholder2" parent="actors/placeholders" instance=ExtResource("3_m8mr1")]
transform = Transform3D(-1, 0, -8.74228e-08, 0, 1, 0, 8.74228e-08, 0, -1, -34.5, 0.585938, 51.0859)
mesh = SubResource("BoxMesh_i3mve")
type = 1
scriptname = "bedecker"

[node name="59_placeholder3" parent="actors/placeholders" instance=ExtResource("3_m8mr1")]
transform = Transform3D(-1, 0, -8.74228e-08, 0, 1, 0, 8.74228e-08, 0, -1, -21.5, 0.585938, 51.0859)
mesh = SubResource("BoxMesh_i3mve")
type = 1
scriptname = "bedecker"

[node name="5_placeholder" parent="actors/placeholders" instance=ExtResource("3_m8mr1")]
transform = Transform3D(-1, 0, -8.74228e-08, 0, 1, 0, 8.74228e-08, 0, -1, 37.1484, 1.5625, 60.7109)
mesh = SubResource("BoxMesh_i3mve")
type = 1
scriptname = "bottleker"

[node name="5_placeholder2" parent="actors/placeholders" instance=ExtResource("3_m8mr1")]
transform = Transform3D(-1, 0, -8.74228e-08, 0, 1, 0, 8.74228e-08, 0, -1, 38.1484, 1.5625, 60.3203)
mesh = SubResource("BoxMesh_i3mve")
type = 1
scriptname = "bottleker"

[node name="68_placeholder" parent="actors/placeholders" instance=ExtResource("3_m8mr1")]
transform = Transform3D(-1, 0, -8.74228e-08, 0, 1, 0, 8.74228e-08, 0, -1, 37.5, 0.429688, 60.5)
mesh = SubResource("BoxMesh_i3mve")
type = 1
scriptname = "roundtable"

[node name="28_placeholder" parent="actors/placeholders" instance=ExtResource("3_m8mr1")]
transform = Transform3D(0.0370969, 0, 0.999312, 0, 1, 0, -0.999312, 0, 0.0370969, -12.7812, 0.390625, -51.3828)
mesh = SubResource("BoxMesh_i3mve")
type = 11
scriptname = "twilite\\Shadow_Door.s"

[node name="22_placeholder" parent="actors/placeholders" instance=ExtResource("3_m8mr1")]
transform = Transform3D(0.0370971, 0, -0.999312, 0, 1, 0, 0.999312, 0, 0.0370971, -22.8281, 0.3125, -2.97656)
mesh = SubResource("BoxMesh_i3mve")
type = 11
scriptname = "twilite\\locked_door.s"

[node name="22_placeholder2" parent="actors/placeholders" instance=ExtResource("3_m8mr1")]
transform = Transform3D(-1, 0, -8.74228e-08, 0, 1, 0, 8.74228e-08, 0, -1, 0.90625, 0, -23.0469)
mesh = SubResource("BoxMesh_i3mve")
type = 11
scriptname = "twilite\\locked_door.s"

[node name="302_placeholder" parent="actors/placeholders" instance=ExtResource("3_m8mr1")]
transform = Transform3D(-1, 0, -8.74228e-08, 0, 1, 0, 8.74228e-08, 0, -1, -33.7188, 0.820312, -40.2812)
mesh = SubResource("BoxMesh_i3mve")
type = 8
scriptname = "twilite\\headdress_crate.s"

[node name="105_placeholder" parent="actors/placeholders" instance=ExtResource("3_6vat5")]
transform = Transform3D(-1, 0, -8.74228e-08, 0, 1, 0, 8.74228e-08, 0, -1, 38.5, 0.5, 56.5)
type = 2
scriptname = "monsters\\Nightdead.s"

[node name="105_placeholder2" parent="actors/placeholders" instance=ExtResource("3_6vat5")]
transform = Transform3D(-0.995109, 0, 0.0987865, 0, 1, 0, -0.0987865, 0, -0.995109, 58.5703, 0.5, -50.2344)
type = 2
scriptname = "monsters\\Nightdead.s"

[node name="105_placeholder3" parent="actors/placeholders" instance=ExtResource("3_6vat5")]
transform = Transform3D(-1, 0, -8.74228e-08, 0, 1, 0, 8.74228e-08, 0, -1, 27.5, 0.5, -57.5)
type = 2
scriptname = "monsters\\Nightdead.s"

[node name="105_placeholder4" parent="actors/placeholders" instance=ExtResource("3_6vat5")]
transform = Transform3D(-1, 0, -8.74228e-08, 0, 1, 0, 8.74228e-08, 0, -1, 14.5, 0.5, 20.5)
type = 2
scriptname = "monsters\\Nightdead.s"

[node name="105_placeholder5" parent="actors/placeholders" instance=ExtResource("3_6vat5")]
transform = Transform3D(-1, 0, -8.74228e-08, 0, 1, 0, 8.74228e-08, 0, -1, 11.5, 0.5, 24.5)
type = 2
scriptname = "monsters\\Nightdead.s"

[node name="105_placeholder6" parent="actors/placeholders" instance=ExtResource("3_6vat5")]
transform = Transform3D(-0.999694, 0, -0.0247344, 0, 1, 0, 0.0247344, 0, -0.999694, -36.5, 0.5, -25.5)
type = 2
scriptname = "monsters\\Nightdead.s"

[node name="105_placeholder7" parent="actors/placeholders" instance=ExtResource("3_6vat5")]
transform = Transform3D(-0.998776, 0, -0.0494537, 0, 1, 0, 0.0494537, 0, -0.998776, -46.5, 0.5, -25.5)
type = 2
scriptname = "monsters\\Nightdead.s"

[node name="105_placeholder8" parent="actors/placeholders" instance=ExtResource("3_6vat5")]
transform = Transform3D(-0.999694, 0, 0.0247345, 0, 1, 0, -0.0247345, 0, -0.999694, -30.5, 0.5, -51.5)
type = 2
scriptname = "monsters\\Nightdead.s"

[node name="105_placeholder9" parent="actors/placeholders" instance=ExtResource("3_6vat5")]
transform = Transform3D(-0.999694, 0, -0.0247344, 0, 1, 0, 0.0247344, 0, -0.999694, -12.5, 0.5, -4.5)
type = 2
scriptname = "monsters\\Nightdead.s"

[node name="103_placeholder" parent="actors/placeholders" instance=ExtResource("3_6vat5")]
transform = Transform3D(-1, 0, -8.74228e-08, 0, 1, 0, 8.74228e-08, 0, -1, 17.5, 0.5, -58.5)
type = 2
scriptname = "monsters\\Flesh_Defiler.s"

[node name="103_placeholder2" parent="actors/placeholders" instance=ExtResource("3_6vat5")]
transform = Transform3D(-1, 0, -8.74228e-08, 0, 1, 0, 8.74228e-08, 0, -1, 23.5, 0.5, -38.5)
type = 2
scriptname = "monsters\\Flesh_Defiler.s"

[node name="103_placeholder3" parent="actors/placeholders" instance=ExtResource("3_6vat5")]
transform = Transform3D(-1, 0, -8.74228e-08, 0, 1, 0, 8.74228e-08, 0, -1, 36.5, 0.5, 23.5)
type = 2
scriptname = "monsters\\Flesh_Defiler.s"

[node name="103_placeholder4" parent="actors/placeholders" instance=ExtResource("3_6vat5")]
transform = Transform3D(-1, 0, -8.74228e-08, 0, 1, 0, 8.74228e-08, 0, -1, -31.5, 0.5, 45.5)
type = 2
scriptname = "monsters\\Flesh_Defiler.s"

[node name="103_placeholder5" parent="actors/placeholders" instance=ExtResource("3_6vat5")]
transform = Transform3D(0.441826, 0, -0.897101, 0, 1, 0, 0.897101, 0, 0.441826, 39.4531, 0.5, -19.7266)
type = 2
scriptname = "monsters\\Flesh_Defiler.s"

[node name="103_placeholder6" parent="actors/placeholders" instance=ExtResource("3_6vat5")]
transform = Transform3D(-0.70272, 0, 0.711466, 0, 1, 0, -0.711466, 0, -0.70272, 58.5195, 0.5, -22.625)
type = 2
scriptname = "monsters\\Flesh_Defiler.s"

[node name="103_placeholder7" parent="actors/placeholders" instance=ExtResource("3_6vat5")]
transform = Transform3D(-0.999694, 0, -0.0247344, 0, 1, 0, 0.0247344, 0, -0.999694, -43.5, 0.5, -49.5)
type = 2
scriptname = "monsters\\Flesh_Defiler.s"

[node name="103_placeholder8" parent="actors/placeholders" instance=ExtResource("3_6vat5")]
transform = Transform3D(-0.999694, 0, 0.0247345, 0, 1, 0, -0.0247345, 0, -0.999694, -38.5, 0.5, -52.5)
type = 2
scriptname = "monsters\\Flesh_Defiler.s"

[node name="103_placeholder9" parent="actors/placeholders" instance=ExtResource("3_6vat5")]
transform = Transform3D(-0.999694, 0, 0.0247345, 0, 1, 0, -0.0247345, 0, -0.999694, -3.5, 0.5, -25.5)
type = 2
scriptname = "monsters\\Flesh_Defiler.s"

[node name="103_placeholder10" parent="actors/placeholders" instance=ExtResource("3_6vat5")]
transform = Transform3D(-0.999694, 0, 0.0247345, 0, 1, 0, -0.0247345, 0, -0.999694, 2.5, 0.5, -25.5)
type = 2
scriptname = "monsters\\Flesh_Defiler.s"

[node name="103_placeholder11" parent="actors/placeholders" instance=ExtResource("3_6vat5")]
transform = Transform3D(-0.997248, 0, -0.0741429, 0, 1, 0, 0.0741429, 0, -0.997248, 9.5, 0.5, 4.5)
type = 2
scriptname = "monsters\\Flesh_Defiler.s"

[node name="301_placeholder" parent="actors/placeholders" instance=ExtResource("3_m8mr1")]
transform = Transform3D(0.0370971, 0, -0.999312, 0, 1, 0, 0.999312, 0, 0.0370971, -3.71875, 0, -1.5)
mesh = SubResource("BoxMesh_i3mve")
type = 8
scriptname = "twilite\\Loot4.s"

[node name="305_placeholder" parent="actors/placeholders" instance=ExtResource("3_m8mr1")]
transform = Transform3D(-1, 0, -8.74228e-08, 0, 1, 0, 8.74228e-08, 0, -1, 58.8906, 0.898438, 61.4297)
mesh = SubResource("BoxMesh_i3mve")
type = 8
scriptname = "twilite\\RT_B.s"

[node name="175_placeholder" parent="actors/placeholders" instance=ExtResource("3_6vat5")]
transform = Transform3D(-1, 0, -8.74228e-08, 0, 1, 0, 8.74228e-08, 0, -1, -0.5, 0.5, -59.1406)
type = 2
scriptname = "twilite\\Pergan_Asuul.s"

[node name="173_placeholder" parent="actors/placeholders" instance=ExtResource("3_6vat5")]
transform = Transform3D(-0.648036, 0, 0.761609, 0, 1, 0, -0.761609, 0, -0.648036, -32.0625, 0.5, 19.2812)
type = 2
scriptname = "monsters\\Ivgrizt.s"

[node name="176_placeholder" parent="actors/placeholders" instance=ExtResource("3_6vat5")]
transform = Transform3D(-0.992361, 0, -0.12337, 0, 1, 0, 0.12337, 0, -0.992361, 43.25, 0.5, 2.5)
type = 2
scriptname = "twilite\\INV_Zombie_Dawn.s"

[node name="176_placeholder2" parent="actors/placeholders" instance=ExtResource("3_6vat5")]
transform = Transform3D(-0.995109, 0, -0.0987865, 0, 1, 0, 0.0987865, 0, -0.995109, 42.5, 0.5, -4.5)
type = 2
scriptname = "twilite\\INV_Zombie_Dawn.s"

[node name="71_placeholder" parent="actors/placeholders" instance=ExtResource("3_m8mr1")]
transform = Transform3D(-1, 0, -8.74228e-08, 0, 1, 0, 8.74228e-08, 0, -1, 45.5, 2.73438, -31.0312)
mesh = SubResource("BoxMesh_i3mve")
type = 1
scriptname = "torch01INV_Zombie_Dawn.s"

[node name="71_placeholder2" parent="actors/placeholders" instance=ExtResource("3_m8mr1")]
transform = Transform3D(0.160098, 0, 0.987101, 0, 1, 0, -0.987101, 0, 0.160098, 34.0312, 2.73438, -49.4219)
mesh = SubResource("BoxMesh_i3mve")
type = 1
scriptname = "torch01INV_Zombie_Dawn.s"

[node name="71_placeholder3" parent="actors/placeholders" instance=ExtResource("3_m8mr1")]
transform = Transform3D(0.160098, 0, -0.987101, 0, 1, 0, 0.987101, 0, 0.160098, 32.9688, 2.73438, -35.5)
mesh = SubResource("BoxMesh_i3mve")
type = 1
scriptname = "torch01INV_Zombie_Dawn.s"

[node name="71_placeholder4" parent="actors/placeholders" instance=ExtResource("3_m8mr1")]
transform = Transform3D(0.160098, 0, -0.987101, 0, 1, 0, 0.987101, 0, 0.160098, 22.9688, 2.73438, -41.5)
mesh = SubResource("BoxMesh_i3mve")
type = 1
scriptname = "torch01INV_Zombie_Dawn.s"

[node name="71_placeholder5" parent="actors/placeholders" instance=ExtResource("3_m8mr1")]
transform = Transform3D(0.160098, 0, -0.987101, 0, 1, 0, 0.987101, 0, 0.160098, 22.9688, 2.73438, -49.5)
mesh = SubResource("BoxMesh_i3mve")
type = 1
scriptname = "torch01INV_Zombie_Dawn.s"

[node name="71_placeholder6" parent="actors/placeholders" instance=ExtResource("3_m8mr1")]
transform = Transform3D(0.998776, 0, -0.0494539, 0, 1, 0, 0.0494539, 0, 0.998776, 49.5, 2.73438, -61.9688)
mesh = SubResource("BoxMesh_i3mve")
type = 1
scriptname = "torch01INV_Zombie_Dawn.s"

[node name="71_placeholder7" parent="actors/placeholders" instance=ExtResource("3_m8mr1")]
transform = Transform3D(0.998776, 0, -0.0494539, 0, 1, 0, 0.0494539, 0, 0.998776, 43.5, 2.73438, -61.9688)
mesh = SubResource("BoxMesh_i3mve")
type = 1
scriptname = "torch01INV_Zombie_Dawn.s"

[node name="71_placeholder8" parent="actors/placeholders" instance=ExtResource("3_m8mr1")]
transform = Transform3D(0.998776, 0, -0.0494539, 0, 1, 0, 0.0494539, 0, 0.998776, 35.5, 2.73438, -61.9688)
mesh = SubResource("BoxMesh_i3mve")
type = 1
scriptname = "torch01INV_Zombie_Dawn.s"

[node name="71_placeholder9" parent="actors/placeholders" instance=ExtResource("3_m8mr1")]
transform = Transform3D(-1, 0, -8.74228e-08, 0, 1, 0, 8.74228e-08, 0, -1, 27.5, 2.73438, -53.0312)
mesh = SubResource("BoxMesh_i3mve")
type = 1
scriptname = "torch01INV_Zombie_Dawn.s"

[node name="71_placeholder10" parent="actors/placeholders" instance=ExtResource("3_m8mr1")]
transform = Transform3D(0.998776, 0, -0.0494539, 0, 1, 0, 0.0494539, 0, 0.998776, 17.5, 2.73438, -61.9688)
mesh = SubResource("BoxMesh_i3mve")
type = 1
scriptname = "torch01INV_Zombie_Dawn.s"

[node name="71_placeholder11" parent="actors/placeholders" instance=ExtResource("3_m8mr1")]
transform = Transform3D(0.0370971, 0, -0.999312, 0, 1, 0, 0.999312, 0, 0.0370971, 0.96875, 2.73438, -31.5)
mesh = SubResource("BoxMesh_i3mve")
type = 1
scriptname = "torch01INV_Zombie_Dawn.s"

[node name="71_placeholder12" parent="actors/placeholders" instance=ExtResource("3_m8mr1")]
transform = Transform3D(-1, 0, -8.74228e-08, 0, 1, 0, 8.74228e-08, 0, -1, -18.5, 2.73438, -50.0312)
mesh = SubResource("BoxMesh_i3mve")
type = 1
scriptname = "torch01INV_Zombie_Dawn.s"

[node name="71_placeholder13" parent="actors/placeholders" instance=ExtResource("3_m8mr1")]
transform = Transform3D(0.0370971, 0, -0.999312, 0, 1, 0, 0.999312, 0, 0.0370971, -42.0312, 3.125, 46.5)
mesh = SubResource("BoxMesh_i3mve")
type = 1
scriptname = "torch01INV_Zombie_Dawn.s"

[node name="71_placeholder14" parent="actors/placeholders" instance=ExtResource("3_m8mr1")]
transform = Transform3D(-1, 0, -8.74228e-08, 0, 1, 0, 8.74228e-08, 0, -1, -48.5, 2.73438, 51.9688)
mesh = SubResource("BoxMesh_i3mve")
type = 1
scriptname = "torch01INV_Zombie_Dawn.s"

[node name="71_placeholder15" parent="actors/placeholders" instance=ExtResource("3_m8mr1")]
transform = Transform3D(0.0370969, 0, 0.999312, 0, 1, 0, -0.999312, 0, 0.0370969, -55.9688, 2.73438, 46.5)
mesh = SubResource("BoxMesh_i3mve")
type = 1
scriptname = "torch01INV_Zombie_Dawn.s"

[node name="71_placeholder16" parent="actors/placeholders" instance=ExtResource("3_m8mr1")]
transform = Transform3D(0.0370971, 0, -0.999312, 0, 1, 0, 0.999312, 0, 0.0370971, -57.0312, 2.73438, 47.5)
mesh = SubResource("BoxMesh_i3mve")
type = 1
scriptname = "torch01INV_Zombie_Dawn.s"

[node name="71_placeholder17" parent="actors/placeholders" instance=ExtResource("3_m8mr1")]
transform = Transform3D(-1, 0, -8.74228e-08, 0, 1, 0, 8.74228e-08, 0, -1, -58.5, 2.73438, 61.9688)
mesh = SubResource("BoxMesh_i3mve")
type = 1
scriptname = "torch01INV_Zombie_Dawn.s"

[node name="71_placeholder18" parent="actors/placeholders" instance=ExtResource("3_m8mr1")]
transform = Transform3D(-1, 0, -8.74228e-08, 0, 1, 0, 8.74228e-08, 0, -1, -51.5, 2.73438, 57.9688)
mesh = SubResource("BoxMesh_i3mve")
type = 1
scriptname = "torch01INV_Zombie_Dawn.s"

[node name="71_placeholder19" parent="actors/placeholders" instance=ExtResource("3_m8mr1")]
transform = Transform3D(0.985045, 0, -0.172294, 0, 1, 0, 0.172294, 0, 0.985045, -45.5, 2.73438, 53.1094)
mesh = SubResource("BoxMesh_i3mve")
type = 1
scriptname = "torch01INV_Zombie_Dawn.s"

[node name="71_placeholder20" parent="actors/placeholders" instance=ExtResource("3_m8mr1")]
transform = Transform3D(-1, 0, -8.74228e-08, 0, 1, 0, 8.74228e-08, 0, -1, -38.5, 2.73438, 57.9688)
mesh = SubResource("BoxMesh_i3mve")
type = 1
scriptname = "torch01INV_Zombie_Dawn.s"

[node name="71_placeholder21" parent="actors/placeholders" instance=ExtResource("3_m8mr1")]
transform = Transform3D(0.998776, 0, 0.0494537, 0, 1, 0, -0.0494537, 0, 0.998776, -31.5, 2.69531, 53.1094)
mesh = SubResource("BoxMesh_i3mve")
type = 1
scriptname = "torch01INV_Zombie_Dawn.s"

[node name="71_placeholder22" parent="actors/placeholders" instance=ExtResource("3_m8mr1")]
transform = Transform3D(-1, 0, -8.74228e-08, 0, 1, 0, 8.74228e-08, 0, -1, -24.5, 2.73438, 57.9688)
mesh = SubResource("BoxMesh_i3mve")
type = 1
scriptname = "torch01INV_Zombie_Dawn.s"

[node name="71_placeholder23" parent="actors/placeholders" instance=ExtResource("3_m8mr1")]
transform = Transform3D(0.985045, 0, -0.172294, 0, 1, 0, 0.172294, 0, 0.985045, -17.5, 2.73438, 53.1094)
mesh = SubResource("BoxMesh_i3mve")
type = 1
scriptname = "torch01INV_Zombie_Dawn.s"

[node name="71_placeholder24" parent="actors/placeholders" instance=ExtResource("3_m8mr1")]
transform = Transform3D(-1, 0, -8.74228e-08, 0, 1, 0, 8.74228e-08, 0, -1, -0.5, 2.73438, 61.9688)
mesh = SubResource("BoxMesh_i3mve")
type = 1
scriptname = "torch01INV_Zombie_Dawn.s"

[node name="71_placeholder25" parent="actors/placeholders" instance=ExtResource("3_m8mr1")]
transform = Transform3D(-1, 0, -8.74228e-08, 0, 1, 0, 8.74228e-08, 0, -1, 17.5, 2.73438, 57.9688)
mesh = SubResource("BoxMesh_i3mve")
type = 1
scriptname = "torch01INV_Zombie_Dawn.s"

[node name="71_placeholder26" parent="actors/placeholders" instance=ExtResource("3_m8mr1")]
transform = Transform3D(-1, 0, -8.74228e-08, 0, 1, 0, 8.74228e-08, 0, -1, 33.5, 2.73438, 57.9688)
mesh = SubResource("BoxMesh_i3mve")
type = 1
scriptname = "torch01INV_Zombie_Dawn.s"

[node name="71_placeholder27" parent="actors/placeholders" instance=ExtResource("3_m8mr1")]
transform = Transform3D(0.0370971, 0, -0.999312, 0, 1, 0, 0.999312, 0, 0.0370971, 45.9688, 2.73438, 56.5)
mesh = SubResource("BoxMesh_i3mve")
type = 1
scriptname = "torch01INV_Zombie_Dawn.s"

[node name="71_placeholder28" parent="actors/placeholders" instance=ExtResource("3_m8mr1")]
transform = Transform3D(-0.061803, 0, -0.998088, 0, 1, 0, 0.998088, 0, -0.061803, 61.9688, 2.73438, 51.0156)
mesh = SubResource("BoxMesh_i3mve")
type = 1
scriptname = "torch01INV_Zombie_Dawn.s"

[node name="71_placeholder29" parent="actors/placeholders" instance=ExtResource("3_m8mr1")]
transform = Transform3D(0.160098, 0, 0.987101, 0, 1, 0, -0.987101, 0, 0.160098, 47.0312, 2.73438, 52.5)
mesh = SubResource("BoxMesh_i3mve")
type = 1
scriptname = "torch01INV_Zombie_Dawn.s"

[node name="71_placeholder30" parent="actors/placeholders" instance=ExtResource("3_m8mr1")]
transform = Transform3D(-0.998088, 0, 0.0618029, 0, 1, 0, -0.0618029, 0, -0.998088, 54.5, 2.73438, 61.9688)
mesh = SubResource("BoxMesh_i3mve")
type = 1
scriptname = "torch01INV_Zombie_Dawn.s"

[node name="75_placeholder" parent="actors/placeholders" instance=ExtResource("3_m8mr1")]
transform = Transform3D(-0.0864711, 0, 0.996254, 0, 1, 0, -0.996254, 0, -0.0864711, 47.5, 0.585938, 50.3438)
mesh = SubResource("BoxMesh_i3mve")
type = 1
scriptname = "grainbagNV_Zombie_Dawn.s"

[node name="75_placeholder2" parent="actors/placeholders" instance=ExtResource("3_m8mr1")]
transform = Transform3D(0.609579, 0, 0.792726, 0, 1, 0, -0.792726, 0, 0.609579, 47.5, 0.703125, 51.6562)
mesh = SubResource("BoxMesh_i3mve")
type = 1
scriptname = "grainbagNV_Zombie_Dawn.s"

[node name="5_placeholder3" parent="actors/placeholders" instance=ExtResource("3_m8mr1")]
transform = Transform3D(-1, 0, -8.74228e-08, 0, 1, 0, 8.74228e-08, 0, -1, 61.5, 0.15625, 58.5)
mesh = SubResource("BoxMesh_i3mve")
type = 1
scriptname = "bottlegNV_Zombie_Dawn.s"

[node name="5_placeholder4" parent="actors/placeholders" instance=ExtResource("3_m8mr1")]
transform = Transform3D(-1, 0, -8.74228e-08, 0, 1, 0, 8.74228e-08, 0, -1, 61.5, 0.15625, 59.5)
mesh = SubResource("BoxMesh_i3mve")
type = 1
scriptname = "bottlegNV_Zombie_Dawn.s"

[node name="302_placeholder2" parent="actors/placeholders" instance=ExtResource("3_m8mr1")]
transform = Transform3D(-0.814793, 0, 0.579752, 0, 1, 0, -0.579752, 0, -0.814793, 47.6016, 2.03125, 57.5)
mesh = SubResource("BoxMesh_i3mve")
type = 8
scriptname = "twilite\\RT_A.s"

[node name="302_placeholder3" parent="actors/placeholders" instance=ExtResource("3_m8mr1")]
transform = Transform3D(-1, -8.73626e-08, 3.24311e-09, 0, -0.0370969, -0.999312, 8.74228e-08, -0.999312, 0.0370969, 47.5781, 0.78125, 59.5938)
mesh = SubResource("BoxMesh_i3mve")
type = 8
scriptname = "twilite\\RT_A.s"

[node name="76_placeholder" parent="actors/placeholders" instance=ExtResource("3_m8mr1")]
transform = Transform3D(-0.985045, 0, 0.172295, 0, 1, 0, -0.172295, 0, -0.985045, 47.5781, 0.78125, 57.8906)
mesh = SubResource("BoxMesh_i3mve")
type = 1
scriptname = "cratee\\RT_A.s"

[node name="76_placeholder2" parent="actors/placeholders" instance=ExtResource("3_m8mr1")]
transform = Transform3D(-0.96956, 0, -0.244854, 0, 1, 0, 0.244854, 0, -0.96956, 47.5781, 0.78125, 56.5)
mesh = SubResource("BoxMesh_i3mve")
type = 1
scriptname = "cratee\\RT_A.s"

[node name="5_placeholder5" parent="actors/placeholders" instance=ExtResource("3_m8mr1")]
transform = Transform3D(-1, 0, -8.74228e-08, 0, 1, 0, 8.74228e-08, 0, -1, 52.5, 0.117188, 42.5)
mesh = SubResource("BoxMesh_i3mve")
type = 1
scriptname = "bottle\\RT_A.s"

[node name="5_placeholder6" parent="actors/placeholders" instance=ExtResource("3_m8mr1")]
transform = Transform3D(-1, 0, -8.74228e-08, 0, 1, 0, 8.74228e-08, 0, -1, 53.5, 0.117188, 42.5)
mesh = SubResource("BoxMesh_i3mve")
type = 1
scriptname = "bottle\\RT_A.s"

[node name="5_placeholder7" parent="actors/placeholders" instance=ExtResource("3_m8mr1")]
transform = Transform3D(-1, 0, -8.74228e-08, 0, 1, 0, 8.74228e-08, 0, -1, 54.5, 0.117188, 42.5)
mesh = SubResource("BoxMesh_i3mve")
type = 1
scriptname = "bottle\\RT_A.s"

