[gd_scene load_steps=35 format=3 uid="uid://dmp17erft70qd"]

[ext_resource type="PackedScene" uid="uid://bw27tnvyr32cu" path="res://game/assets/obj_models/levels/twiliteMap.tscn" id="1_andvw"]
[ext_resource type="PackedScene" uid="uid://b0wa7jb17xalo" path="res://game/assets/obj_models/objects/92_scroll.tscn" id="28_0euwx"]
[ext_resource type="PackedScene" uid="uid://djef6tff82h2f" path="res://game/assets/obj_models/objects/38_ironmaiden.tscn" id="49_wsjgo"]
[ext_resource type="PackedScene" uid="uid://ddxvslgm0nka2" path="res://game/assets/obj_models/objects/43_torch.tscn" id="50_0io8f"]
[ext_resource type="PackedScene" uid="uid://c6papdgoewkjm" path="res://game/assets/obj_models/objects/47_grainbag.tscn" id="51_7yvwg"]
[ext_resource type="PackedScene" uid="uid://dl3smbto3vtvn" path="res://game/assets/obj_models/objects/102_desk.tscn" id="51_apc3g"]
[ext_resource type="PackedScene" uid="uid://cbeso1otjx6wx" path="res://game/assets/obj_models/objects/32_cabinet.tscn" id="51_n6vta"]
[ext_resource type="PackedScene" uid="uid://cpqgc8i4mf13q" path="res://game/assets/obj_models/objects/135_darkchest.tscn" id="51_n12ne"]
[ext_resource type="PackedScene" uid="uid://bgjx8rk8s05sy" path="res://game/assets/obj_models/objects/93_well.tscn" id="52_3kmjo"]
[ext_resource type="PackedScene" uid="uid://dh3bsij3hp31u" path="res://game/assets/obj_models/objects/10_chair.tscn" id="52_5byhw"]
[ext_resource type="PackedScene" uid="uid://ivu2x1yhxylp" path="res://game/assets/obj_models/objects/91_fancybed.tscn" id="52_bdu1c"]
[ext_resource type="PackedScene" uid="uid://ctfymecfijnxx" path="res://game/assets/obj_models/objects/89_twilightcrystal.tscn" id="52_k44jc"]
[ext_resource type="PackedScene" uid="uid://b4qpvd8g16yp5" path="res://game/assets/obj_models/objects/46_aletap.tscn" id="52_ogmjk"]
[ext_resource type="PackedScene" uid="uid://dxganwh7he137" path="res://game/assets/obj_models/objects/82_urn.tscn" id="52_q7djd"]
[ext_resource type="PackedScene" uid="uid://x5135v6ffk27" path="res://game/assets/obj_models/objects/229_SHADdoor_4units.tscn" id="52_rul07"]
[ext_resource type="PackedScene" uid="uid://c7gu63wsnvxs4" path="res://game/assets/obj_models/objects/48_crate.tscn" id="52_y4k5x"]
[ext_resource type="PackedScene" uid="uid://c40npwbpfe0tm" path="res://game/assets/obj_models/objects/4_bottle.tscn" id="53_a4247"]
[ext_resource type="PackedScene" uid="uid://c52hwwxr3h33j" path="res://game/assets/obj_models/objects/17_bag.tscn" id="53_fnvd0"]
[ext_resource type="PackedScene" uid="uid://jmbvtt2afgyn" path="res://game/assets/obj_models/objects/44_weaponrack.tscn" id="53_m5xhr"]
[ext_resource type="PackedScene" uid="uid://c7im5vfh0kwjg" path="res://game/assets/obj_models/objects/8_table.tscn" id="53_po5d5"]
[ext_resource type="PackedScene" uid="uid://hju7k8cgoa0t" path="res://game/assets/obj_models/objects/194_mug.tscn" id="53_u56ni"]
[ext_resource type="PackedScene" uid="uid://cptrc5e10mub1" path="res://game/assets/obj_models/objects/123_umbrastat.tscn" id="54_1yrfw"]
[ext_resource type="PackedScene" uid="uid://boxaukl0uusj4" path="res://game/assets/obj_models/objects/37_fireplace.tscn" id="54_5ad5a"]
[ext_resource type="PackedScene" uid="uid://dspmndefk3bvj" path="res://game/assets/obj_models/objects/193_plate.tscn" id="54_8ad8f"]
[ext_resource type="PackedScene" uid="uid://bmm5mew52lr5r" path="res://game/assets/obj_models/objects/105_footlocker.tscn" id="54_ico3x"]
[ext_resource type="PackedScene" uid="uid://dii1ud018ih4m" path="res://game/assets/obj_models/objects/40_roundtable.tscn" id="54_k2h3o"]
[ext_resource type="PackedScene" uid="uid://dak4e2do25el6" path="res://game/assets/obj_models/objects/180_door_7units_left.tscn" id="54_mvm6c"]
[ext_resource type="PackedScene" uid="uid://crd2hypsj6qny" path="res://game/assets/obj_models/objects/88_bookcase.tscn" id="54_nrrsr"]
[ext_resource type="PackedScene" uid="uid://wgqt2li3tj7m" path="res://game/assets/obj_models/objects/177_door_3units.tscn" id="54_olxnu"]
[ext_resource type="PackedScene" uid="uid://dh52c3dps4hiv" path="res://game/assets/obj_models/objects/41_stool.tscn" id="54_p0ps2"]
[ext_resource type="PackedScene" uid="uid://ccb4tgfm5eejy" path="res://game/assets/obj_models/objects/5_sbarrel.tscn" id="54_pvk3g"]
[ext_resource type="PackedScene" uid="uid://b0vky6byoqjir" path="res://game/assets/obj_models/objects/31_bed.tscn" id="54_qdnsa"]
[ext_resource type="PackedScene" uid="uid://3vtdkjwdfcqk" path="res://game/assets/obj_models/objects/90_prayermat.tscn" id="54_sk5yq"]
[ext_resource type="PackedScene" uid="uid://cqd6577r2ktcn" path="res://game/assets/obj_models/objects/15_chest_closed.tscn" id="54_sy28t"]

[node name="twilite" type="Node3D"]

[node name="twiliteMap" parent="." instance=ExtResource("1_andvw")]

[node name="DarkChest" type="Node3D" parent="."]

[node name="135Darkchest" parent="DarkChest" instance=ExtResource("51_n12ne")]
transform = Transform3D(-0.0370969, 0, -0.999312, 0, 1, 0, 0.999312, 0, -0.0370969, 59.9609, 15, -1.5)

[node name="135Darkchest2" parent="DarkChest" instance=ExtResource("51_n12ne")]
transform = Transform3D(-0.0370969, 0, -0.999312, 0, 1, 0, 0.999312, 0, -0.0370969, 59.9609, 15, -1.5)

[node name="Chair" type="Node3D" parent="."]

[node name="10Chair" parent="Chair" instance=ExtResource("52_5byhw")]
transform = Transform3D(-0.0370969, 0, -0.999312, 0, 1, 0, -0.999312, 0, 0.0370969, -5.5, 15, 51.5)

[node name="10Chair2" parent="Chair" instance=ExtResource("52_5byhw")]
transform = Transform3D(-0.785125, 0, 0.619337, 0, 1, 0, 0.619337, 0, 0.785125, 55.2812, 15, 3.5)

[node name="10Chair3" parent="Chair" instance=ExtResource("52_5byhw")]
transform = Transform3D(-0.785125, 0, 0.619337, 0, 1, 0, 0.619337, 0, 0.785125, 53.1094, 15, 5.28125)

[node name="10Chair4" parent="Chair" instance=ExtResource("52_5byhw")]
transform = Transform3D(-0.70272, 0, -0.711466, 0, 1, 0, -0.711466, 0, 0.70272, 45.8906, 15, 5.28125)

[node name="10Chair5" parent="Chair" instance=ExtResource("52_5byhw")]
transform = Transform3D(-0.6588, 0, -0.667, 0, 0.9375, 0, -0.667, 0, 0.6588, 44.1094, 15, 3.5)

[node name="10Chair6" parent="Chair" instance=ExtResource("52_5byhw")]
transform = Transform3D(0.737045, 0, -0.675844, 0, 1, 0, -0.675844, 0, -0.737045, 45.8906, 15, -6.89062)

[node name="10Chair7" parent="Chair" instance=ExtResource("52_5byhw")]
transform = Transform3D(0.737045, 0, -0.675844, 0, 1, 0, -0.675844, 0, -0.737045, 44.1094, 15, -5.10938)

[node name="10Chair8" parent="Chair" instance=ExtResource("52_5byhw")]
transform = Transform3D(0.648036, 0, 0.76161, 0, 1, 0, 0.76161, 0, -0.648036, 52.6797, 15, -7.28125)

[node name="10Chair9" parent="Chair" instance=ExtResource("52_5byhw")]
transform = Transform3D(0.648036, 0, 0.76161, 0, 1, 0, 0.76161, 0, -0.648036, 54.8516, 15, -5.5)

[node name="10Chair10" parent="Chair" instance=ExtResource("52_5byhw")]
transform = Transform3D(-0.785125, 0, 0.619337, 0, 1, 0, 0.619337, 0, 0.785125, 47.2812, 15, -5.89062)

[node name="10Chair11" parent="Chair" instance=ExtResource("52_5byhw")]
transform = Transform3D(-0.785125, 0, 0.619337, 0, 1, 0, 0.619337, 0, 0.785125, 45.1094, 15, -3.71875)

[node name="10Chair12" parent="Chair" instance=ExtResource("52_5byhw")]
transform = Transform3D(0.648036, 0, 0.76161, 0, 1, 0, 0.76161, 0, -0.648036, 45.8516, 15, 2.10938)

[node name="10Chair13" parent="Chair" instance=ExtResource("52_5byhw")]
transform = Transform3D(0.648036, 0, 0.76161, 0, 1, 0, 0.76161, 0, -0.648036, 47.6328, 15, 4.28125)

[node name="10Chair14" parent="Chair" instance=ExtResource("52_5byhw")]
transform = Transform3D(-0.70272, 0, -0.711466, 0, 1, 0, -0.711466, 0, 0.70272, 51.7188, 15, -5.89062)

[node name="10Chair15" parent="Chair" instance=ExtResource("52_5byhw")]
transform = Transform3D(-0.70272, 0, -0.711466, 0, 1, 0, -0.711466, 0, 0.70272, 53.3047, 15, -3.79688)

[node name="10Chair16" parent="Chair" instance=ExtResource("52_5byhw")]
transform = Transform3D(0.737045, 0, -0.675844, 0, 1, 0, -0.675844, 0, -0.737045, 53.5, 15, 1.71875)

[node name="10Chair17" parent="Chair" instance=ExtResource("52_5byhw")]
transform = Transform3D(0.737045, 0, -0.675844, 0, 1, 0, -0.675844, 0, -0.737045, 51.3281, 15, 3.5)

[node name="10Chair18" parent="Chair" instance=ExtResource("52_5byhw")]
transform = Transform3D(0.0494536, 0, 0.998776, 0, 1, 0, 0.998776, 0, -0.0494536, -48.5, 15, -0.5)

[node name="10Chair19" parent="Chair" instance=ExtResource("52_5byhw")]
transform = Transform3D(0.0494536, 0, 0.998776, 0, 1, 0, 0.998776, 0, -0.0494536, -48.5, 15, -2.5)

[node name="10Chair20" parent="Chair" instance=ExtResource("52_5byhw")]
transform = Transform3D(-0.0370969, 0, -0.999312, 0, 1, 0, -0.999312, 0, 0.0370969, -50.5, 15, -0.5)

[node name="10Chair21" parent="Chair" instance=ExtResource("52_5byhw")]
transform = Transform3D(-0.0370969, 0, -0.999312, 0, 1, 0, -0.999312, 0, 0.0370969, -50.5, 15, -2.5)

[node name="10Chair22" parent="Chair" instance=ExtResource("52_5byhw")]
transform = Transform3D(0.0494536, 0, 0.998776, 0, 1, 0, 0.998776, 0, -0.0494536, -54.5, 15, -0.5)

[node name="10Chair23" parent="Chair" instance=ExtResource("52_5byhw")]
transform = Transform3D(0.0494536, 0, 0.998776, 0, 1, 0, 0.998776, 0, -0.0494536, -54.5, 15, -2.5)

[node name="10Chair24" parent="Chair" instance=ExtResource("52_5byhw")]
transform = Transform3D(-0.0370969, 0, -0.999312, 0, 1, 0, -0.999312, 0, 0.0370969, -56.5, 15, -0.5)

[node name="10Chair25" parent="Chair" instance=ExtResource("52_5byhw")]
transform = Transform3D(-0.0370969, 0, -0.999312, 0, 1, 0, -0.999312, 0, 0.0370969, -56.5, 15, -2.5)

[node name="10Chair26" parent="Chair" instance=ExtResource("52_5byhw")]
transform = Transform3D(-0.0370969, 0, 0.999312, 0, 1, 0, 0.999312, 0, 0.0370969, 4.5, 15, 51.5)

[node name="10Chair27" parent="Chair" instance=ExtResource("52_5byhw")]
transform = Transform3D(-0.0370969, 0, 0.999312, 0, 1, 0, 0.999312, 0, 0.0370969, 4.5, 15, 53.5)

[node name="10Chair28" parent="Chair" instance=ExtResource("52_5byhw")]
transform = Transform3D(-0.0370969, 0, -0.999312, 0, 1, 0, -0.999312, 0, 0.0370969, 2.5, 15, 53.5)

[node name="10Chair29" parent="Chair" instance=ExtResource("52_5byhw")]
transform = Transform3D(-0.0370969, 0, -0.999312, 0, 1, 0, -0.999312, 0, 0.0370969, 2.5, 15, 51.5)

[node name="10Chair30" parent="Chair" instance=ExtResource("52_5byhw")]
transform = Transform3D(-0.0370969, 0, 0.999312, 0, 1, 0, 0.999312, 0, 0.0370969, -3.5, 15, 53.5)

[node name="10Chair31" parent="Chair" instance=ExtResource("52_5byhw")]
transform = Transform3D(-0.0370969, 0, 0.999312, 0, 1, 0, 0.999312, 0, 0.0370969, -3.5, 15, 51.5)

[node name="10Chair32" parent="Chair" instance=ExtResource("52_5byhw")]
transform = Transform3D(-0.0370969, 0, -0.999312, 0, 1, 0, -0.999312, 0, 0.0370969, -5.5, 15, 53.5)

[node name="10Chair33" parent="Chair" instance=ExtResource("52_5byhw")]
transform = Transform3D(1, 0, 0, 0, 1, 0, 0, 0, -1, -33.5, 15, 28.5)

[node name="10Chair34" parent="Chair" instance=ExtResource("52_5byhw")]
transform = Transform3D(-0.0370969, 0, 0.999312, 0, 1, 0, 0.999312, 0, 0.0370969, -29.5, 15, 25.5)

[node name="10Chair35" parent="Chair" instance=ExtResource("52_5byhw")]
transform = Transform3D(-0.999694, 0, 0.0247344, 0, 1, 0, 0.0247344, 0, 0.999694, -23.5, 15, 37.5)

[node name="Table" type="Node3D" parent="."]

[node name="8Table" parent="Table" instance=ExtResource("53_po5d5")]
transform = Transform3D(0.648036, 0, -0.76161, 0, 1, 0, 0.76161, 0, 0.648036, 53.2812, 15, -5.5)

[node name="8Table2" parent="Table" instance=ExtResource("53_po5d5")]
transform = Transform3D(0.737045, 0, 0.675844, 0, 1, 0, -0.675844, 0, 0.737045, 53.2812, 15, 3.5)

[node name="8Table3" parent="Table" instance=ExtResource("53_po5d5")]
transform = Transform3D(0.648036, 0, -0.76161, 0, 1, 0, 0.76161, 0, 0.648036, 45.7188, 15, 3.5)

[node name="8Table4" parent="Table" instance=ExtResource("53_po5d5")]
transform = Transform3D(0.737045, 0, 0.675844, 0, 1, 0, -0.675844, 0, 0.737045, 45.7188, 15, -5.5)

[node name="8Table5" parent="Table" instance=ExtResource("53_po5d5")]
transform = Transform3D(-0.0370969, 0, 0.999312, 0, 1, 0, -0.999312, 0, -0.0370969, -49.5, 15, -1.5)

[node name="8Table6" parent="Table" instance=ExtResource("53_po5d5")]
transform = Transform3D(-0.0370969, 0, 0.999312, 0, 1, 0, -0.999312, 0, -0.0370969, -55.5, 15, -1.5)

[node name="8Table7" parent="Table" instance=ExtResource("53_po5d5")]
transform = Transform3D(-0.0370969, 0, 0.999312, 0, 1, 0, -0.999312, 0, -0.0370969, 3.5, 15, 52.5)

[node name="8Table8" parent="Table" instance=ExtResource("53_po5d5")]
transform = Transform3D(-0.0370969, 0, 0.999312, 0, 1, 0, -0.999312, 0, -0.0370969, -4.5, 15, 52.5)

[node name="8Table9" parent="Table" instance=ExtResource("53_po5d5")]
transform = Transform3D(-0.0370969, 0, 0.999312, 0, 1, 0, -0.999312, 0, -0.0370969, -55.4219, 15, 47.5)

[node name="8Table10" parent="Table" instance=ExtResource("53_po5d5")]
transform = Transform3D(-0.0370969, 0, 0.999312, 0, 1, 0, -0.999312, 0, -0.0370969, -40.4219, 15, 47.5)

[node name="8Table11" parent="Table" instance=ExtResource("53_po5d5")]
transform = Transform3D(-0.0370969, 0, 0.999312, 0, 1, 0, -0.999312, 0, -0.0370969, -27.4219, 15, 47.5)

[node name="8Table12" parent="Table" instance=ExtResource("53_po5d5")]
transform = Transform3D(1, 0, 0, 0, 1, 0, 0, 0, 1, -35.4766, 15, 37.2266)

[node name="8Table13" parent="Table" instance=ExtResource("53_po5d5")]
transform = Transform3D(-0.0123681, 0, 0.999924, 0, 1, 0, -0.999924, 0, -0.0123681, -20.8906, 15, 25.1094)

[node name="Barrel" type="Node3D" parent="."]

[node name="5Sbarrel" parent="Barrel" instance=ExtResource("54_pvk3g")]
transform = Transform3D(1, 0, 0, 0, 1, 0, 0, 0, 1, 58.8906, 15, 61.4297)

[node name="5Sbarrel2" parent="Barrel" instance=ExtResource("54_pvk3g")]
transform = Transform3D(1, 0, 0, 0, 1, 0, 0, 0, 1, 47.5, 15, 54.5)

[node name="5Sbarrel3" parent="Barrel" instance=ExtResource("54_pvk3g")]
transform = Transform3D(1, 0, 0, 0, 1, 0, 0, 0, 1, 47.5, 15, 53.1094)

[node name="5Sbarrel4" parent="Barrel" instance=ExtResource("54_pvk3g")]
transform = Transform3D(1, 0, 0, 0, 1, 0, 0, 0, 1, 47.5, 15, 48.8359)

[node name="5Sbarrel5" parent="Barrel" instance=ExtResource("54_pvk3g")]
transform = Transform3D(1, 0, 0, 0, 1, 0, 0, 0, 1, 47.5, 15, 47.4453)

[node name="5Sbarrel6" parent="Barrel" instance=ExtResource("54_pvk3g")]
transform = Transform3D(1, 0, 0, 0, 1, 0, 0, 0, 1, 55.8906, 15, 42.5)

[node name="5Sbarrel7" parent="Barrel" instance=ExtResource("54_pvk3g")]
transform = Transform3D(1, 0, 0, 0, 1, 0, 0, 0, 1, 57.1641, 15, 42.5)

[node name="5Sbarrel8" parent="Barrel" instance=ExtResource("54_pvk3g")]
transform = Transform3D(-0.0123596, 4.42517e-08, 0.999923, 0.999923, -4.37081e-08, 0.0123596, 4.42516e-08, 1, -4.3708e-08, 61.5, 17.1939, 46.127)

[node name="5Sbarrel9" parent="Barrel" instance=ExtResource("54_pvk3g")]
transform = Transform3D(0.037097, 4.20898e-08, 0.999312, 0.999312, -4.36813e-08, -0.037097, 4.20898e-08, 1, -4.36813e-08, 61.5, 16.3161, 45.3762)

[node name="5Sbarrel10" parent="Barrel" instance=ExtResource("54_pvk3g")]
transform = Transform3D(0.037097, 4.20898e-08, 0.999312, 0.999312, -4.36813e-08, -0.037097, 4.20898e-08, 1, -4.36813e-08, 61.5, 16.3161, 46.8877)

[node name="5Sbarrel11" parent="Barrel" instance=ExtResource("54_pvk3g")]
transform = Transform3D(0.0861474, 3.99458e-08, 0.996282, 0.996283, -4.35489e-08, -0.0861474, 3.99458e-08, 1, -4.35489e-08, 61.5, 15.4124, 44.5511)

[node name="5Sbarrel12" parent="Barrel" instance=ExtResource("54_pvk3g")]
transform = Transform3D(0.0861474, 3.99458e-08, 0.996282, 0.996283, -4.35489e-08, -0.0861474, 3.99458e-08, 1, -4.35489e-08, 61.5, 15.4124, 46.0527)

[node name="5Sbarrel13" parent="Barrel" instance=ExtResource("54_pvk3g")]
transform = Transform3D(0.0861474, 3.99458e-08, 0.996282, 0.996283, -4.35489e-08, -0.0861474, 3.99458e-08, 1, -4.35489e-08, 61.5, 15.4124, 47.5361)

[node name="5Sbarrel14" parent="Barrel" instance=ExtResource("54_pvk3g")]
transform = Transform3D(1, 0, 0, 0, 1, 0, 0, 0, 1, 49.0312, 15, 61.5)

[node name="5Sbarrel15" parent="Barrel" instance=ExtResource("54_pvk3g")]
transform = Transform3D(1, 0, 0, 0, 1, 0, 0, 0, 1, 50.1875, 15, 61.5)

[node name="5Sbarrel16" parent="Barrel" instance=ExtResource("54_pvk3g")]
transform = Transform3D(1, 0, 0, 0, 1, 0, 0, 0, 1, 60.0859, 15, 61.5)

[node name="5Sbarrel17" parent="Barrel" instance=ExtResource("54_pvk3g")]
transform = Transform3D(1, 0, 0, 0, 1, 0, 0, 0, 1, 61.2812, 15, 61.5)

[node name="5Sbarrel18" parent="Barrel" instance=ExtResource("54_pvk3g")]
transform = Transform3D(1, 0, 0, 0, 1, 0, 0, 0, 1, -36.0859, 15, 17.5)

[node name="5Sbarrel19" parent="Barrel" instance=ExtResource("54_pvk3g")]
transform = Transform3D(1, 0, 0, 0, 1, 0, 0, 0, 1, -34.8516, 15, 17.5)

[node name="5Sbarrel20" parent="Barrel" instance=ExtResource("54_pvk3g")]
transform = Transform3D(1, 0, 0, 0, 1, 0, 0, 0, 1, -29.5, 15, 37.5)

[node name="5Sbarrel21" parent="Barrel" instance=ExtResource("54_pvk3g")]
transform = Transform3D(1, 0, 0, 0, 1, 0, 0, 0, 1, -30.6172, 15, 37.5)

[node name="5Sbarrel22" parent="Barrel" instance=ExtResource("54_pvk3g")]
transform = Transform3D(1, 0, 0, 0, 1, 0, 0, 0, 1, -25.4219, 15, 26.5)

[node name="5Sbarrel23" parent="Barrel" instance=ExtResource("54_pvk3g")]
transform = Transform3D(1, 0, 0, 0, 1, 0, 0, 0, 1, -26.5, 15, 26.5)

[node name="5Sbarrel24" parent="Barrel" instance=ExtResource("54_pvk3g")]
transform = Transform3D(1, 0, 0, 0, 1, 0, 0, 0, 1, -54.5, 15, 13.5)

[node name="5Sbarrel25" parent="Barrel" instance=ExtResource("54_pvk3g")]
transform = Transform3D(1, 0, 0, 0, 1, 0, 0, 0, 1, -55.8906, 15, 13.5)

[node name="5Sbarrel26" parent="Barrel" instance=ExtResource("54_pvk3g")]
transform = Transform3D(1, 0, 0, 0, 1, 0, 0, 0, 1, -33.5, 15, -37.5)

[node name="5Sbarrel27" parent="Barrel" instance=ExtResource("54_pvk3g")]
transform = Transform3D(1, 0, 0, 0, 1, 0, 0, 0, 1, -33.5, 15, -36.3828)

[node name="5Sbarrel28" parent="Barrel" instance=ExtResource("54_pvk3g")]
transform = Transform3D(1, 0, 0, 0, 1, 0, 0, 0, 1, -46.5, 15, -40.5)

[node name="5Sbarrel29" parent="Barrel" instance=ExtResource("54_pvk3g")]
transform = Transform3D(1, 0, 0, 0, 1, 0, 0, 0, 1, -35.6719, 15, -46.5)

[node name="5Sbarrel30" parent="Barrel" instance=ExtResource("54_pvk3g")]
transform = Transform3D(1, 0, 0, 0, 1, 0, 0, 0, 1, -36.75, 15, -46.5)

[node name="5Sbarrel31" parent="Barrel" instance=ExtResource("54_pvk3g")]
transform = Transform3D(1, 0, 0, 0, 1, 0, 0, 0, 1, -37.8281, 15, -46.5)

[node name="5Sbarrel32" parent="Barrel" instance=ExtResource("54_pvk3g")]
transform = Transform3D(1, 0, 0, 0, 1, 0, 0, 0, 1, -34.5781, 15, -27.5)

[node name="5Sbarrel33" parent="Barrel" instance=ExtResource("54_pvk3g")]
transform = Transform3D(1, 0, 0, 0, 1, 0, 0, 0, 1, -33.5, 15, -27.5)

[node name="5Sbarrel34" parent="Barrel" instance=ExtResource("54_pvk3g")]
transform = Transform3D(1, 0, 0, 0, 1, 0, 0, 0, 1, -36.5, 15, -27.5)

[node name="5Sbarrel35" parent="Barrel" instance=ExtResource("54_pvk3g")]
transform = Transform3D(1, 0, 0, 0, 1, 0, 0, 0, 1, -40.5, 15, -18.5)

[node name="5Sbarrel36" parent="Barrel" instance=ExtResource("54_pvk3g")]
transform = Transform3D(1, 0, 0, 0, 1, 0, 0, 0, 1, -41.5781, 15, -18.5)

[node name="5Sbarrel37" parent="Barrel" instance=ExtResource("54_pvk3g")]
transform = Transform3D(1, 0, 0, 0, 1, 0, 0, 0, 1, 15.5, 15, 29.5)

[node name="5Sbarrel38" parent="Barrel" instance=ExtResource("54_pvk3g")]
transform = Transform3D(1, 0, 0, 0, 1, 0, 0, 0, 1, 15.5, 15, 30.6172)

[node name="5Sbarrel39" parent="Barrel" instance=ExtResource("54_pvk3g")]
transform = Transform3D(1, 0, 0, 0, 1, 0, 0, 0, 1, 15.5, 15, 31.7344)

[node name="5Sbarrel40" parent="Barrel" instance=ExtResource("54_pvk3g")]
transform = Transform3D(1, 0, 0, 0, 1, 0, 0, 0, 1, 17.5, 15, 29.5)

[node name="5Sbarrel41" parent="Barrel" instance=ExtResource("54_pvk3g")]
transform = Transform3D(1, 0, 0, 0, 1, 0, 0, 0, 1, 22.3438, 15, 27.5)

[node name="5Sbarrel42" parent="Barrel" instance=ExtResource("54_pvk3g")]
transform = Transform3D(1, 0, 0, 0, 1, 0, 0, 0, 1, 23.5, 15, 27.5)

[node name="5Sbarrel43" parent="Barrel" instance=ExtResource("54_pvk3g")]
transform = Transform3D(1, 0, 0, 0, 1, 0, 0, 0, 1, 38.6172, 15, 51.5)

[node name="5Sbarrel44" parent="Barrel" instance=ExtResource("54_pvk3g")]
transform = Transform3D(1, 0, 0, 0, 1, 0, 0, 0, 1, 37.5, 15, 51.5)

[node name="5Sbarrel45" parent="Barrel" instance=ExtResource("54_pvk3g")]
transform = Transform3D(1, 0, 0, 0, 1, 0, 0, 0, 1, 36.5, 15, 52.5)

[node name="WeaponRack" type="Node3D" parent="."]

[node name="44Weaponrack" parent="WeaponRack" instance=ExtResource("53_m5xhr")]
transform = Transform3D(-0.999694, 0, -0.0247344, 0, 1, 0, 0.0247344, 0, -0.999694, -46.992, 15, -38.5)

[node name="44Weaponrack2" parent="WeaponRack" instance=ExtResource("53_m5xhr")]
transform = Transform3D(-0.0370969, 0, -0.999312, 0, 1, 0, 0.999312, 0, -0.0370969, -30.5, 15, -19.125)

[node name="44Weaponrack3" parent="WeaponRack" instance=ExtResource("53_m5xhr")]
transform = Transform3D(-0.0370969, 0, -0.999312, 0, 1, 0, 0.999312, 0, -0.0370969, -33.5, 15, -19.125)

[node name="44Weaponrack4" parent="WeaponRack" instance=ExtResource("53_m5xhr")]
transform = Transform3D(-0.0370969, 0, -0.999312, 0, 1, 0, 0.999312, 0, -0.0370969, -46.5, 15, -19.125)

[node name="44Weaponrack5" parent="WeaponRack" instance=ExtResource("53_m5xhr")]
transform = Transform3D(1, 0, 0, 0, 1, 0, 0, 0, 1, 31.7969, 15, 34.5)

[node name="44Weaponrack6" parent="WeaponRack" instance=ExtResource("53_m5xhr")]
transform = Transform3D(1, 0, 0, 0, 1, 0, 0, 0, 1, 31.7969, 15, 31.5)

[node name="44Weaponrack7" parent="WeaponRack" instance=ExtResource("53_m5xhr")]
transform = Transform3D(-0.998776, 0, 0.0494537, 0, 1, 0, -0.0494537, 0, -0.998776, 23.0469, 15, 34.5)

[node name="44Weaponrack8" parent="WeaponRack" instance=ExtResource("53_m5xhr")]
transform = Transform3D(-0.998776, 0, 0.0494537, 0, 1, 0, -0.0494537, 0, -0.998776, 23.0469, 15, 30.5625)

[node name="FootLocker" type="Node3D" parent="."]

[node name="105Footlocker" parent="FootLocker" instance=ExtResource("54_ico3x")]
transform = Transform3D(1, 0, 0, 0, 1, 0, 0, 0, -1, -46.5, 15, 51.5)

[node name="105Footlocker2" parent="FootLocker" instance=ExtResource("54_ico3x")]
transform = Transform3D(1, 0, 0, 0, 1, 0, 0, 0, -1, -32.5, 15, 51.5)

[node name="105Footlocker3" parent="FootLocker" instance=ExtResource("54_ico3x")]
transform = Transform3D(1, 0, 0, 0, 1, 0, 0, 0, -1, -19.5, 15, 51.5)

[node name="105Footlocker4" parent="FootLocker" instance=ExtResource("54_ico3x")]
transform = Transform3D(-0.0370969, 0, -0.999312, 0, 1, 0, -0.999312, 0, 0.0370969, -32.187, 15, 22.031)

[node name="105Footlocker5" parent="FootLocker" instance=ExtResource("54_ico3x")]
transform = Transform3D(-4.37114e-08, -3.82137e-15, -1, -8.74228e-08, 1, 0, -1, -8.74228e-08, 4.37114e-08, -32.187, 15, 33.031)

[node name="105Footlocker6" parent="FootLocker" instance=ExtResource("54_ico3x")]
transform = Transform3D(-4.37114e-08, -3.82137e-15, 1, -8.74228e-08, 1, 0, 1, 8.74228e-08, 4.37114e-08, -24.773, 15, 22.07)

[node name="105Footlocker7" parent="FootLocker" instance=ExtResource("54_ico3x")]
transform = Transform3D(-4.37114e-08, -3.82137e-15, 1, -8.74228e-08, 1, 0, 1, 8.74228e-08, 4.37114e-08, -24.773, 15, 33.07)

[node name="105Footlocker8" parent="FootLocker" instance=ExtResource("54_ico3x")]
transform = Transform3D(-4.37114e-08, -3.82137e-15, -1, -8.74227e-08, 1, 0, -1, -8.74228e-08, 4.37114e-08, 42.719, 15, 56.5)

[node name="105Footlocker9" parent="FootLocker" instance=ExtResource("54_ico3x")]
transform = Transform3D(-1, -8.74228e-08, 8.74228e-08, -8.74228e-08, 1, 0, 8.74228e-08, 7.64274e-15, 1, -26.5, 15, 17.5)

[node name="105Footlocker10" parent="FootLocker" instance=ExtResource("54_ico3x")]
transform = Transform3D(-4.37114e-08, -3.82137e-15, -1, -8.74228e-08, 1, 0, -1, -8.74228e-08, 4.37114e-08, 50.914, 15, 17.539)

[node name="105Footlocker11" parent="FootLocker" instance=ExtResource("54_ico3x")]
transform = Transform3D(-1, -8.74228e-08, 8.74228e-08, -8.74228e-08, 1, 0, 8.74228e-08, 7.64274e-15, 1, 21.5, 15, 23.281)

[node name="Bed" type="Node3D" parent="."]

[node name="31Bed" parent="Bed" instance=ExtResource("54_qdnsa")]
transform = Transform3D(1, 0, 0, 0, 1, 0, 0, 0, 1, -48.5, 15, 51.086)

[node name="31Bed2" parent="Bed" instance=ExtResource("54_qdnsa")]
transform = Transform3D(1, 0, 0, 0, 1, 0, 0, 0, 1, -34.5, 15, 51.086)

[node name="31Bed3" parent="Bed" instance=ExtResource("54_qdnsa")]
transform = Transform3D(1, 0, 0, 0, 1, 0, 0, 0, 1, -21.5, 15, 51.086)

[node name="31Bed4" parent="Bed" instance=ExtResource("54_qdnsa")]
transform = Transform3D(-4.37114e-08, 0, 1, 0, 1, 0, -1, 0, -4.37114e-08, -29.836, 15, 32.992)

[node name="31Bed5" parent="Bed" instance=ExtResource("54_qdnsa")]
transform = Transform3D(-4.37114e-08, 0, 1, 0, 1, 0, -1, 0, -4.37114e-08, -29.836, 15, 21.992)

[node name="31Bed6" parent="Bed" instance=ExtResource("54_qdnsa")]
transform = Transform3D(-4.37114e-08, 0, -1, 0, 1, 0, 1, 0, -4.37114e-08, -27.164, 15, 21.992)

[node name="31Bed7" parent="Bed" instance=ExtResource("54_qdnsa")]
transform = Transform3D(-4.37114e-08, 0, -1, 0, 1, 0, 1, 0, -4.37114e-08, -27.164, 15, 32.992)

[node name="31Bed8" parent="Bed" instance=ExtResource("54_qdnsa")]
transform = Transform3D(-4.37114e-08, 0, 1, 0, 1, 0, -1, 0, -4.37114e-08, 45.125, 15, 56.5)

[node name="31Bed9" parent="Bed" instance=ExtResource("54_qdnsa")]
transform = Transform3D(-4.37114e-08, 0, 1, 0, 1, 0, -1, 0, -4.37114e-08, 53.1384, 15, 17.539)

[node name="31Bed10" parent="Bed" instance=ExtResource("54_qdnsa")]
transform = Transform3D(-1, 0, -8.74228e-08, 0, 1, 0, 8.74228e-08, 0, -1, 21.5, 15, 20.953)

[node name="FirePlace" type="Node3D" parent="."]

[node name="37Fireplace" parent="FirePlace" instance=ExtResource("54_5ad5a")]
transform = Transform3D(-4.37114e-08, 0, 1, 0, 1, 0, -1, 0, -4.37114e-08, -43.0078, 15, 46.7188)

[node name="37Fireplace2" parent="FirePlace" instance=ExtResource("54_5ad5a")]
transform = Transform3D(-4.37114e-08, 0, 1, 0, 1, 0, -1, 0, -4.37114e-08, 16.0312, 15, 21.9375)

[node name="Bottle" type="Node3D" parent="."]

[node name="4Bottle" parent="Bottle" instance=ExtResource("53_a4247")]
transform = Transform3D(0.6875, 0, 0, 0, 0.6875, 0, 0, 0, -0.6875, 37.1484, 16.755, 60.7109)

[node name="4Bottle2" parent="Bottle" instance=ExtResource("53_a4247")]
transform = Transform3D(0.5625, 0, 0, 0, 0.5625, 0, 0, 0, -0.5625, 38.1484, 16.755, 60.3203)

[node name="4Bottle3" parent="Bottle" instance=ExtResource("53_a4247")]
transform = Transform3D(1, 0, 0, 0, 1, 0, 0, 0, -1, 61.5, 15, 58.5)

[node name="4Bottle4" parent="Bottle" instance=ExtResource("53_a4247")]
transform = Transform3D(1, 0, 0, 0, 1, 0, 0, 0, -1, 61.5, 15, 59.5)

[node name="4Bottle5" parent="Bottle" instance=ExtResource("53_a4247")]
transform = Transform3D(1, 0, 0, 0, 1, 0, 0, 0, -1, 52.5, 15, 42.5)

[node name="4Bottle6" parent="Bottle" instance=ExtResource("53_a4247")]
transform = Transform3D(1, 0, 0, 0, 1, 0, 0, 0, -1, 53.5, 15, 42.5)

[node name="4Bottle7" parent="Bottle" instance=ExtResource("53_a4247")]
transform = Transform3D(1, 0, 0, 0, 1, 0, 0, 0, -1, 54.5, 15, 42.5)

[node name="4Bottle8" parent="Bottle" instance=ExtResource("53_a4247")]
transform = Transform3D(0.625, 0, 0, 0, 0.625, 0, 0, 0, -0.625, -34.5, 16.4518, 37.2188)

[node name="4Bottle9" parent="Bottle" instance=ExtResource("53_a4247")]
transform = Transform3D(0.5, 0, 0, 0, 0.5, 0, 0, 0, -0.5, -35.5, 16.4495, 37.0625)

[node name="4Bottle10" parent="Bottle" instance=ExtResource("53_a4247")]
transform = Transform3D(0.625, 0, 0, 0, 0.625, 0, 0, 0, -0.625, -20.5, 16.4495, 24.6719)

[node name="4Bottle11" parent="Bottle" instance=ExtResource("53_a4247")]
transform = Transform3D(0.5, 0, 0, 0, 0.5, 0, 0, 0, -0.5, -21.3047, 16.4516, 25.2188)

[node name="4Bottle12" parent="Bottle" instance=ExtResource("53_a4247")]
transform = Transform3D(0.6875, 0, 0, 0, 0.6875, 0, 0, 0, -0.6875, 48.7188, 16.7542, 20.8906)

[node name="4Bottle13" parent="Bottle" instance=ExtResource("53_a4247")]
transform = Transform3D(0.5, 0, 0, 0, 0.5, 0, 0, 0, -0.5, 48.7188, 16.7542, 19.8906)

[node name="RoundTable" type="Node3D" parent="."]

[node name="40Roundtable" parent="RoundTable" instance=ExtResource("54_k2h3o")]
transform = Transform3D(1, 0, 0, 0, 1, 0, 0, 0, 1, 37.5, 15, 60.5)

[node name="40Roundtable2" parent="RoundTable" instance=ExtResource("54_k2h3o")]
transform = Transform3D(1, 0, 0, 0, 1, 0, 0, 0, 1, 48.5, 15, 20.5)

[node name="IronMaiden" type="Node3D" parent="."]

[node name="38Ironmaiden" parent="IronMaiden" instance=ExtResource("49_wsjgo")]
transform = Transform3D(-4.37114e-08, 0, -1, 0, 1, 0, 1, 0, -4.37114e-08, -47.9688, 15, -52.5)

[node name="38Ironmaiden2" parent="IronMaiden" instance=ExtResource("49_wsjgo")]
transform = Transform3D(-4.37114e-08, 0, -1, 0, 1, 0, 1, 0, -4.37114e-08, -47.9688, 15, -56.5)

[node name="38Ironmaiden3" parent="IronMaiden" instance=ExtResource("49_wsjgo")]
transform = Transform3D(-4.37114e-08, 0, 1, 0, 1, 0, -1, 0, -4.37114e-08, -33.0312, 15, -59.5)

[node name="38Ironmaiden4" parent="IronMaiden" instance=ExtResource("49_wsjgo")]
transform = Transform3D(-4.37114e-08, 0, 1, 0, 1, 0, -1, 0, -4.37114e-08, -33.0312, 15, -57.3281)

[node name="38Ironmaiden5" parent="IronMaiden" instance=ExtResource("49_wsjgo")]
transform = Transform3D(1, 0, 0, 0, 1, 0, 0, 0, 1, -39.5, 15, -46.07)

[node name="Torch" type="Node3D" parent="."]

[node name="43Torch" parent="Torch" instance=ExtResource("50_0io8f")]
transform = Transform3D(1, 0, 0, 0, 1, 0, 0, 0, 1, 45.3708, 17.7344, -31.0312)

[node name="43Torch2" parent="Torch" instance=ExtResource("50_0io8f")]
transform = Transform3D(-0.160098, 0, -0.987101, 0, 1, 0, 0.987101, 0, -0.160098, 34.0519, 17.7344, -49.5494)

[node name="43Torch3" parent="Torch" instance=ExtResource("50_0io8f")]
transform = Transform3D(-0.160098, 0, 0.987101, 0, 1, 0, -0.987101, 0, -0.160098, 32.9895, 17.7344, -35.3725)

[node name="43Torch4" parent="Torch" instance=ExtResource("50_0io8f")]
transform = Transform3D(-0.160098, 0, 0.987101, 0, 1, 0, -0.987101, 0, -0.160098, 22.9895, 17.7344, -41.3725)

[node name="43Torch5" parent="Torch" instance=ExtResource("50_0io8f")]
transform = Transform3D(-0.160098, 0, 0.987101, 0, 1, 0, -0.987101, 0, -0.160098, 22.9895, 17.7344, -49.3725)

[node name="43Torch6" parent="Torch" instance=ExtResource("50_0io8f")]
transform = Transform3D(-0.998776, 0, 0.0494537, 0, 1, 0, -0.0494537, 0, -0.998776, 49.629, 17.7344, -61.9624)

[node name="43Torch7" parent="Torch" instance=ExtResource("50_0io8f")]
transform = Transform3D(-0.998776, 0, 0.0494537, 0, 1, 0, -0.0494537, 0, -0.998776, 43.629, 17.7344, -61.9624)

[node name="43Torch8" parent="Torch" instance=ExtResource("50_0io8f")]
transform = Transform3D(-0.998776, 0, 0.0494537, 0, 1, 0, -0.0494537, 0, -0.998776, 35.629, 17.7344, -61.9624)

[node name="43Torch9" parent="Torch" instance=ExtResource("50_0io8f")]
transform = Transform3D(1, 0, 0, 0, 1, 0, 0, 0, 1, 27.3708, 17.7344, -53.0312)

[node name="43Torch10" parent="Torch" instance=ExtResource("50_0io8f")]
transform = Transform3D(-0.998776, 0, 0.0494537, 0, 1, 0, -0.0494537, 0, -0.998776, 17.629, 17.7344, -61.9624)

[node name="43Torch11" parent="Torch" instance=ExtResource("50_0io8f")]
transform = Transform3D(-0.0370969, 0, 0.999312, 0, 1, 0, -0.999312, 0, -0.0370969, 0.973542, 17.7344, -31.3709)

[node name="43Torch12" parent="Torch" instance=ExtResource("50_0io8f")]
transform = Transform3D(1, 0, 0, 0, 1, 0, 0, 0, 1, -18.6292, 17.7344, -50.0312)

[node name="43Torch13" parent="Torch" instance=ExtResource("50_0io8f")]
transform = Transform3D(-0.0370969, 0, 0.999312, 0, 1, 0, -0.999312, 0, -0.0370969, -42.0264, 18.125, 46.6291)

[node name="43Torch14" parent="Torch" instance=ExtResource("50_0io8f")]
transform = Transform3D(1, 0, 0, 0, 1, 0, 0, 0, 1, -48.6292, 17.7344, 51.9688)

[node name="43Torch15" parent="Torch" instance=ExtResource("50_0io8f")]
transform = Transform3D(-0.0370969, 0, -0.999312, 0, 1, 0, 0.999312, 0, -0.0370969, -55.964, 17.7344, 46.3709)

[node name="43Torch16" parent="Torch" instance=ExtResource("50_0io8f")]
transform = Transform3D(-0.0370969, 0, 0.999312, 0, 1, 0, -0.999312, 0, -0.0370969, -57.0264, 17.7344, 47.6291)

[node name="43Torch17" parent="Torch" instance=ExtResource("50_0io8f")]
transform = Transform3D(1, 0, 0, 0, 1, 0, 0, 0, 1, -58.6292, 17.7344, 61.9688)

[node name="43Torch18" parent="Torch" instance=ExtResource("50_0io8f")]
transform = Transform3D(1, 0, 0, 0, 1, 0, 0, 0, 1, -51.6292, 17.7344, 57.9688)

[node name="43Torch19" parent="Torch" instance=ExtResource("50_0io8f")]
transform = Transform3D(-0.985046, 0, 0.172295, 0, 1, 0, -0.172295, 0, -0.985046, -45.3728, 17.7344, 53.1317)

[node name="43Torch20" parent="Torch" instance=ExtResource("50_0io8f")]
transform = Transform3D(1, 0, 0, 0, 1, 0, 0, 0, 1, -38.6292, 17.7344, 57.9688)

[node name="43Torch21" parent="Torch" instance=ExtResource("50_0io8f")]
transform = Transform3D(-0.998776, 0, -0.0494537, 0, 1, 0, 0.0494537, 0, -0.998776, -31.371, 17.6953, 53.103)

[node name="43Torch22" parent="Torch" instance=ExtResource("50_0io8f")]
transform = Transform3D(1, 0, 0, 0, 1, 0, 0, 0, 1, -24.6292, 17.7344, 57.9688)

[node name="43Torch23" parent="Torch" instance=ExtResource("50_0io8f")]
transform = Transform3D(-0.985046, 0, 0.172295, 0, 1, 0, -0.172295, 0, -0.985046, -17.3728, 17.7344, 53.1317)

[node name="43Torch24" parent="Torch" instance=ExtResource("50_0io8f")]
transform = Transform3D(1, 0, 0, 0, 1, 0, 0, 0, 1, -0.629172, 17.7344, 61.9688)

[node name="43Torch25" parent="Torch" instance=ExtResource("50_0io8f")]
transform = Transform3D(1, 0, 0, 0, 1, 0, 0, 0, 1, 17.3708, 17.7344, 57.9688)

[node name="43Torch26" parent="Torch" instance=ExtResource("50_0io8f")]
transform = Transform3D(1, 0, 0, 0, 1, 0, 0, 0, 1, 33.3708, 17.7344, 57.9688)

[node name="43Torch27" parent="Torch" instance=ExtResource("50_0io8f")]
transform = Transform3D(-0.0370969, 0, 0.999312, 0, 1, 0, -0.999312, 0, -0.0370969, 45.9736, 17.7344, 56.6291)

[node name="43Torch28" parent="Torch" instance=ExtResource("50_0io8f")]
transform = Transform3D(0.0618026, 0, 0.998088, 0, 1, 0, -0.998088, 0, 0.0618026, 61.9608, 17.7344, 51.1445)

[node name="43Torch29" parent="Torch" instance=ExtResource("50_0io8f")]
transform = Transform3D(-0.160098, 0, -0.987101, 0, 1, 0, 0.987101, 0, -0.160098, 47.0519, 17.7344, 52.3725)

[node name="43Torch30" parent="Torch" instance=ExtResource("50_0io8f")]
transform = Transform3D(0.998088, 0, -0.061803, 0, 1, 0, 0.061803, 0, 0.998088, 54.3711, 17.7344, 61.9608)

[node name="43Torch31" parent="Torch" instance=ExtResource("50_0io8f")]
transform = Transform3D(1, 0, 0, 0, 1, 0, 0, 0, 1, -34.6292, 17.7344, 51.9688)

[node name="43Torch32" parent="Torch" instance=ExtResource("50_0io8f")]
transform = Transform3D(1, 0, 0, 0, 1, 0, 0, 0, 1, -21.6292, 17.7344, 51.9688)

[node name="43Torch33" parent="Torch" instance=ExtResource("50_0io8f")]
transform = Transform3D(-0.998776, 0, 0.0494537, 0, 1, 0, -0.0494537, 0, -0.998776, -59.371, 17.7344, 39.0376)

[node name="43Torch34" parent="Torch" instance=ExtResource("50_0io8f")]
transform = Transform3D(-0.998776, 0, 0.0494537, 0, 1, 0, -0.0494537, 0, -0.998776, -40.371, 17.7344, 39.0376)

[node name="43Torch35" parent="Torch" instance=ExtResource("50_0io8f")]
transform = Transform3D(-0.998776, 0, 0.0494537, 0, 1, 0, -0.0494537, 0, -0.998776, -27.371, 17.7344, 39.0376)

[node name="43Torch36" parent="Torch" instance=ExtResource("50_0io8f")]
transform = Transform3D(-0.0370969, 0, 0.999312, 0, 1, 0, -0.999312, 0, -0.0370969, -16.0264, 17.7344, 36.6291)

[node name="43Torch37" parent="Torch" instance=ExtResource("50_0io8f")]
transform = Transform3D(-0.0370969, 0, 0.999312, 0, 1, 0, -0.999312, 0, -0.0370969, -16.0264, 17.7344, 26.6291)

[node name="43Torch38" parent="Torch" instance=ExtResource("50_0io8f")]
transform = Transform3D(-0.0370969, 0, 0.999312, 0, 1, 0, -0.999312, 0, -0.0370969, -16.0264, 17.7344, 17.6291)

[node name="43Torch39" parent="Torch" instance=ExtResource("50_0io8f")]
transform = Transform3D(-0.998776, 0, 0.0494537, 0, 1, 0, -0.0494537, 0, -0.998776, -28.371, 17.7344, 13.0376)

[node name="43Torch40" parent="Torch" instance=ExtResource("50_0io8f")]
transform = Transform3D(0.0741426, 0, 0.997248, 0, 1, 0, -0.997248, 0, 0.0741426, -38.0408, 17.7344, 17.6288)

[node name="43Torch41" parent="Torch" instance=ExtResource("50_0io8f")]
transform = Transform3D(0.0741426, 0, 0.997248, 0, 1, 0, -0.997248, 0, 0.0741426, -38.0408, 17.7344, 26.6288)

[node name="43Torch42" parent="Torch" instance=ExtResource("50_0io8f")]
transform = Transform3D(0.0741426, 0, 0.997248, 0, 1, 0, -0.997248, 0, 0.0741426, -38.0408, 17.7344, 34.6288)

[node name="43Torch43" parent="Torch" instance=ExtResource("50_0io8f")]
transform = Transform3D(-0.0370969, 0, -0.999312, 0, 1, 0, 0.999312, 0, -0.0370969, -27.964, 17.7344, 32.9178)

[node name="43Torch44" parent="Torch" instance=ExtResource("50_0io8f")]
transform = Transform3D(-0.0370969, 0, 0.999312, 0, 1, 0, -0.999312, 0, -0.0370969, -29.0264, 17.7344, 32.9025)

[node name="43Torch45" parent="Torch" instance=ExtResource("50_0io8f")]
transform = Transform3D(-0.0370969, 0, -0.999312, 0, 1, 0, 0.999312, 0, -0.0370969, -27.964, 17.7344, 21.9178)

[node name="43Torch46" parent="Torch" instance=ExtResource("50_0io8f")]
transform = Transform3D(-0.0370969, 0, 0.999312, 0, 1, 0, -0.999312, 0, -0.0370969, -29.0264, 17.7344, 21.9025)

[node name="43Torch47" parent="Torch" instance=ExtResource("50_0io8f")]
transform = Transform3D(1, 0, 0, 0, 1, 0, 0, 0, 1, -52.0198, 17.7344, 37.9688)

[node name="43Torch48" parent="Torch" instance=ExtResource("50_0io8f")]
transform = Transform3D(-0.0370969, 0, -0.999312, 0, 1, 0, 0.999312, 0, -0.0370969, -61.964, 17.7344, 25.3709)

[node name="43Torch49" parent="Torch" instance=ExtResource("50_0io8f")]
transform = Transform3D(-0.0370969, 0, 0.999312, 0, 1, 0, -0.999312, 0, -0.0370969, 0.973542, 17.7344, 35.6291)

[node name="43Torch50" parent="Torch" instance=ExtResource("50_0io8f")]
transform = Transform3D(-0.0370969, 0, 0.999312, 0, 1, 0, -0.999312, 0, -0.0370969, 0.973542, 17.7344, 29.6291)

[node name="43Torch51" parent="Torch" instance=ExtResource("50_0io8f")]
transform = Transform3D(-0.0370969, 0, 0.999312, 0, 1, 0, -0.999312, 0, -0.0370969, 0.973542, 17.7344, 23.6291)

[node name="43Torch52" parent="Torch" instance=ExtResource("50_0io8f")]
transform = Transform3D(-0.998776, 0, 0.0494537, 0, 1, 0, -0.0494537, 0, -0.998776, 12.1993, 17.7344, 16.0376)

[node name="43Torch53" parent="Torch" instance=ExtResource("50_0io8f")]
transform = Transform3D(-0.0370969, 0, 0.999312, 0, 1, 0, -0.999312, 0, -0.0370969, 13.9736, 17.7344, 31.6291)

[node name="43Torch54" parent="Torch" instance=ExtResource("50_0io8f")]
transform = Transform3D(-0.0370969, 0, -0.999312, 0, 1, 0, 0.999312, 0, -0.0370969, 15.036, 17.7344, 34.3709)

[node name="43Torch55" parent="Torch" instance=ExtResource("50_0io8f")]
transform = Transform3D(-0.0370969, 0, -0.999312, 0, 1, 0, 0.999312, 0, -0.0370969, 22.036, 17.7344, 32.3709)

[node name="43Torch56" parent="Torch" instance=ExtResource("50_0io8f")]
transform = Transform3D(-0.0370969, 0, -0.999312, 0, 1, 0, 0.999312, 0, -0.0370969, 21.036, 17.7344, 12.3709)

[node name="43Torch57" parent="Torch" instance=ExtResource("50_0io8f")]
transform = Transform3D(-0.998776, 0, 0.0494537, 0, 1, 0, -0.0494537, 0, -0.998776, 21.629, 17.7344, 20.0376)

[node name="43Torch58" parent="Torch" instance=ExtResource("50_0io8f")]
transform = Transform3D(-0.0370969, 0, 0.999312, 0, 1, 0, -0.999312, 0, -0.0370969, 33.9736, 17.7344, 12.6291)

[node name="43Torch59" parent="Torch" instance=ExtResource("50_0io8f")]
transform = Transform3D(-0.0370969, 0, -0.999312, 0, 1, 0, 0.999312, 0, -0.0370969, 35.036, 17.7344, 11.3709)

[node name="43Torch60" parent="Torch" instance=ExtResource("50_0io8f")]
