{
  "asset": {
    "version": "2.0",
    "generator": "THREE.GLTFExporter"
  },
  "scenes": [
    {
      "nodes": [
        777
      ]
    }
  ],
  "scene": 0,
  "nodes": [
    {
      "mesh": 0
    },
    {
      "mesh": 1
    },
    {
      "mesh": 2
    },
    {
      "mesh": 3
    },
    {
      "mesh": 4
    },
    {
      "mesh": 5
    },
    {
      "mesh": 6
    },
    {
      "mesh": 7
    },
    {
      "mesh": 8
    },
    {
      "mesh": 9
    },
    {
      "mesh": 10
    },
    {
      "mesh": 11
    },
    {
      "mesh": 12
    },
    {
      "mesh": 13
    },
    {
      "mesh": 14
    },
    {
      "mesh": 15
    },
    {
      "mesh": 16
    },
    {
      "mesh": 17
    },
    {
      "mesh": 18
    },
    {
      "mesh": 19
    },
    {
      "matrix": [
        1,
        0,
        0,
        0,
        0,
        1,
        0,
        0,
        0,
        0,
        1,
        0,
        -66.5,
        1.5,
        4.078125,
        1
      ],
      "mesh": 20
    },
    {
      "matrix": [
        1,
        0,
        0,
        0,
        0,
        1,
        0,
        0,
        0,
        0,
        1,
        0,
        -66.5,
        1.5,
        4.078125,
        1
      ],
      "mesh": 20
    },
    {
      "matrix": [
        -0.396920853982887,
        0,
        -0.917852839878755,
        0,
        0,
        1,
        0,
        0,
        0.917852839878755,
        0,
        -0.396920853982887,
        0,
        -116.5,
        2,
        118.375,
        1
      ],
      "mesh": 21
    },
    {
      "matrix": [
        -0.9951086591716065,
        0,
        -0.09878641830579406,
        0,
        0,
        1,
        0,
        0,
        0.09878641830579406,
        0,
        -0.9951086591716065,
        0,
        -110.5,
        2,
        120.453125,
        1
      ],
      "mesh": 21
    },
    {
      "matrix": [
        1,
        0,
        0,
        0,
        0,
        1,
        0,
        0,
        0,
        0,
        1,
        0,
        -100.5,
        1.5,
        63.5,
        1
      ],
      "mesh": 22
    },
    {
      "matrix": [
        1,
        0,
        0,
        0,
        0,
        1,
        0,
        0,
        0,
        0,
        1,
        0,
        -100.5,
        1.5,
        62.5,
        1
      ],
      "mesh": 22
    },
    {
      "matrix": [
        1,
        0,
        0,
        0,
        0,
        1,
        0,
        0,
        0,
        0,
        1,
        0,
        -100.71875,
        1.5,
        71.984375,
        1
      ],
      "mesh": 22
    },
    {
      "matrix": [
        1,
        0,
        0,
        0,
        0,
        1,
        0,
        0,
        0,
        0,
        1,
        0,
        -79.890625,
        6.9140625,
        75.2734375,
        1
      ],
      "mesh": 23
    },
    {
      "matrix": [
        1,
        0,
        0,
        0,
        0,
        1,
        0,
        0,
        0,
        0,
        1,
        0,
        -80.1875,
        6.9140625,
        73.1015625,
        1
      ],
      "mesh": 23
    },
    {
      "matrix": [
        -0.855535072408516,
        0,
        -0.5177448598286182,
        0,
        0,
        1,
        0,
        0,
        0.5177448598286182,
        0,
        -0.855535072408516,
        0,
        -79.109375,
        6.9140625,
        73.1015625,
        1
      ],
      "mesh": 23
    },
    {
      "matrix": [
        0.9319455943394346,
        0,
        -0.362598137324667,
        0,
        0,
        1,
        0,
        0,
        0.362598137324667,
        0,
        0.9319455943394346,
        0,
        -74.5,
        6.9140625,
        75.375,
        1
      ],
      "mesh": 23
    },
    {
      "matrix": [
        1,
        0,
        0,
        0,
        0,
        1,
        0,
        0,
        0,
        0,
        1,
        0,
        -75.109375,
        6.9140625,
        73.7109375,
        1
      ],
      "mesh": 23
    },
    {
      "matrix": [
        -0.599727638795273,
        0,
        0.800204198480017,
        0,
        0,
        1,
        0,
        0,
        -0.800204198480017,
        0,
        -0.599727638795273,
        0,
        -74.109375,
        6.9140625,
        73.375,
        1
      ],
      "mesh": 23
    },
    {
      "matrix": [
        1,
        0,
        0,
        0,
        0,
        1,
        0,
        0,
        0,
        0,
        1,
        0,
        -65.34375,
        6.9140625,
        75.390625,
        1
      ],
      "mesh": 23
    },
    {
      "matrix": [
        -0.8741529192927526,
        0,
        -0.48565077338758394,
        0,
        0,
        1,
        0,
        0,
        0.48565077338758394,
        0,
        -0.8741529192927526,
        0,
        -64.5,
        6.9140625,
        73.2578125,
        1
      ],
      "mesh": 23
    },
    {
      "matrix": [
        -0.5491261904230722,
        0,
        -0.8357394492253215,
        0,
        0,
        1,
        0,
        0,
        0.8357394492253215,
        0,
        -0.5491261904230722,
        0,
        -59.5,
        6.9140625,
        71.5390625,
        1
      ],
      "mesh": 23
    },
    {
      "matrix": [
        1,
        0,
        0,
        0,
        0,
        1,
        0,
        0,
        0,
        0,
        1,
        0,
        -60.109375,
        6.9140625,
        73.7109375,
        1
      ],
      "mesh": 23
    },
    {
      "matrix": [
        -0.912873454093249,
        0,
        0.4082426445287906,
        0,
        0,
        1,
        0,
        0,
        -0.4082426445287906,
        0,
        -0.912873454093249,
        0,
        -59.5,
        6.9140625,
        75.4921875,
        1
      ],
      "mesh": 23
    },
    {
      "matrix": [
        -0.5282866526160839,
        0,
        -0.8490660826270786,
        0,
        0,
        1,
        0,
        0,
        0.8490660826270786,
        0,
        -0.5282866526160839,
        0,
        -112.5,
        1.171875,
        23.8125,
        1
      ],
      "mesh": 24
    },
    {
      "matrix": [
        0.08647119949074578,
        0,
        -0.996254350885672,
        0,
        0,
        1,
        0,
        0,
        0.996254350885672,
        0,
        0.08647119949074578,
        0,
        -106.5,
        1.1640625,
        25.578125,
        1
      ],
      "mesh": 24
    },
    {
      "matrix": [
        1,
        0,
        0,
        0,
        0,
        1,
        0,
        0,
        0,
        0,
        1,
        0,
        -89.578125,
        2.671875,
        56.5,
        1
      ],
      "mesh": 24
    },
    {
      "matrix": [
        0.08647119949074578,
        0,
        0.996254350885672,
        0,
        0,
        1,
        0,
        0,
        -0.996254350885672,
        0,
        0.08647119949074578,
        0,
        -99.5,
        2.671875,
        48.421875,
        1
      ],
      "mesh": 24
    },
    {
      "matrix": [
        0.20871816632333529,
        0,
        -0.9779758315248002,
        0,
        0,
        1,
        0,
        0,
        0.9779758315248002,
        0,
        0.20871816632333529,
        0,
        -113.3046875,
        2.59375,
        46.6171875,
        1
      ],
      "mesh": 24
    },
    {
      "matrix": [
        -0.9850454633172632,
        0,
        -0.17229461743791677,
        0,
        0,
        1,
        0,
        0,
        0.17229461743791677,
        0,
        -0.9850454633172632,
        0,
        -122.421875,
        2.671875,
        49.5,
        1
      ],
      "mesh": 24
    },
    {
      "matrix": [
        0.08647119949074578,
        0,
        -0.996254350885672,
        0,
        0,
        1,
        0,
        0,
        0.996254350885672,
        0,
        0.08647119949074578,
        0,
        -115.5,
        2.671875,
        75.578125,
        1
      ],
      "mesh": 24
    },
    {
      "matrix": [
        1,
        0,
        0,
        0,
        0,
        1,
        0,
        0,
        0,
        0,
        1,
        0,
        -120.578125,
        2.671875,
        62.5,
        1
      ],
      "mesh": 24
    },
    {
      "matrix": [
        1,
        0,
        0,
        0,
        0,
        1,
        0,
        0,
        0,
        0,
        1,
        0,
        -120.578125,
        2.671875,
        84.5,
        1
      ],
      "mesh": 24
    },
    {
      "matrix": [
        0.08647119949074578,
        0,
        -0.996254350885672,
        0,
        0,
        1,
        0,
        0,
        0.996254350885672,
        0,
        0.08647119949074578,
        0,
        -115.9921875,
        2.671875,
        89.578125,
        1
      ],
      "mesh": 24
    },
    {
      "matrix": [
        0.08647119949074578,
        0,
        -0.996254350885672,
        0,
        0,
        1,
        0,
        0,
        0.996254350885672,
        0,
        0.08647119949074578,
        0,
        -97.5,
        2.671875,
        82.578125,
        1
      ],
      "mesh": 24
    },
    {
      "matrix": [
        0.08647119949074578,
        0,
        -0.996254350885672,
        0,
        0,
        1,
        0,
        0,
        0.996254350885672,
        0,
        0.08647119949074578,
        0,
        -93.5,
        2.671875,
        92.578125,
        1
      ],
      "mesh": 24
    },
    {
      "matrix": [
        0.08647119949074578,
        0,
        -0.996254350885672,
        0,
        0,
        1,
        0,
        0,
        0.996254350885672,
        0,
        0.08647119949074578,
        0,
        -101.5,
        2.671875,
        102.578125,
        1
      ],
      "mesh": 24
    },
    {
      "matrix": [
        1,
        0,
        0,
        0,
        0,
        1,
        0,
        0,
        0,
        0,
        1,
        0,
        -102.578125,
        2.671875,
        90.5,
        1
      ],
      "mesh": 24
    },
    {
      "matrix": [
        1,
        0,
        0,
        0,
        0,
        1,
        0,
        0,
        0,
        0,
        1,
        0,
        -89.578125,
        2.671875,
        100.5,
        1
      ],
      "mesh": 24
    },
    {
      "matrix": [
        1,
        0,
        0,
        0,
        0,
        1,
        0,
        0,
        0,
        0,
        1,
        0,
        -98.578125,
        2.671875,
        90.5,
        1
      ],
      "mesh": 24
    },
    {
      "matrix": [
        1,
        0,
        0,
        0,
        0,
        1,
        0,
        0,
        0,
        0,
        1,
        0,
        -94.578125,
        2.671875,
        80.5,
        1
      ],
      "mesh": 24
    },
    {
      "matrix": [
        -0.03709691109260538,
        0,
        -0.9993116726964553,
        0,
        0,
        1,
        0,
        0,
        0.9993116726964553,
        0,
        -0.03709691109260538,
        0,
        -113.109375,
        2.671875,
        111.5,
        1
      ],
      "mesh": 24
    },
    {
      "matrix": [
        0.08647119949074578,
        0,
        -0.996254350885672,
        0,
        0,
        1,
        0,
        0,
        0.996254350885672,
        0,
        0.08647119949074578,
        0,
        -96.109375,
        2.671875,
        111.5390625,
        1
      ],
      "mesh": 24
    },
    {
      "matrix": [
        0.08647119949074578,
        0,
        0.996254350885672,
        0,
        0,
        1,
        0,
        0,
        -0.996254350885672,
        0,
        0.08647119949074578,
        0,
        -86.5,
        2.140625,
        113.421875,
        1
      ],
      "mesh": 24
    },
    {
      "matrix": [
        -0.9951086591716065,
        0,
        -0.09878641830579406,
        0,
        0,
        1,
        0,
        0,
        0.09878641830579406,
        0,
        -0.9951086591716065,
        0,
        -77.421875,
        2.1796875,
        121.5,
        1
      ],
      "mesh": 24
    },
    {
      "matrix": [
        0.08647119949074578,
        0,
        0.996254350885672,
        0,
        0,
        1,
        0,
        0,
        -0.996254350885672,
        0,
        0.08647119949074578,
        0,
        -74.890625,
        2.671875,
        109.34375,
        1
      ],
      "mesh": 24
    },
    {
      "matrix": [
        0.08647119949074578,
        0,
        -0.996254350885672,
        0,
        0,
        1,
        0,
        0,
        0.996254350885672,
        0,
        0.08647119949074578,
        0,
        -61.5,
        2.671875,
        102.5,
        1
      ],
      "mesh": 24
    },
    {
      "matrix": [
        0.08647119949074578,
        0,
        0.996254350885672,
        0,
        0,
        1,
        0,
        0,
        -0.996254350885672,
        0,
        0.08647119949074578,
        0,
        -43.5,
        2.0859375,
        117.421875,
        1
      ],
      "mesh": 24
    },
    {
      "matrix": [
        -0.9850454633172632,
        0,
        -0.17229461743791677,
        0,
        0,
        1,
        0,
        0,
        0.17229461743791677,
        0,
        -0.9850454633172632,
        0,
        -34.5,
        2.6875,
        106.5,
        1
      ],
      "mesh": 24
    },
    {
      "matrix": [
        0.08647119949074578,
        0,
        0.996254350885672,
        0,
        0,
        1,
        0,
        0,
        -0.996254350885672,
        0,
        0.08647119949074578,
        0,
        -49.5,
        2.671875,
        104.421875,
        1
      ],
      "mesh": 24
    },
    {
      "matrix": [
        0.08647119949074578,
        0,
        0.996254350885672,
        0,
        0,
        1,
        0,
        0,
        -0.996254350885672,
        0,
        0.08647119949074578,
        0,
        -28.5,
        2.671875,
        101.421875,
        1
      ],
      "mesh": 24
    },
    {
      "matrix": [
        -0.9987764162142614,
        0,
        -0.04945371992273924,
        0,
        0,
        1,
        0,
        0,
        0.04945371992273924,
        0,
        -0.9987764162142614,
        0,
        -36.5,
        2.671875,
        88.03125,
        1
      ],
      "mesh": 24
    },
    {
      "matrix": [
        0.08647119949074578,
        0,
        -0.996254350885672,
        0,
        0,
        1,
        0,
        0,
        0.996254350885672,
        0,
        0.08647119949074578,
        0,
        -12.5,
        2.671875,
        82.6953125,
        1
      ],
      "mesh": 24
    },
    {
      "matrix": [
        0.08647119949074578,
        0,
        0.996254350885672,
        0,
        0,
        1,
        0,
        0,
        -0.996254350885672,
        0,
        0.08647119949074578,
        0,
        -12.5,
        2.671875,
        74.4609375,
        1
      ],
      "mesh": 24
    },
    {
      "matrix": [
        -0.9850454633172632,
        0,
        -0.17229461743791677,
        0,
        0,
        1,
        0,
        0,
        0.17229461743791677,
        0,
        -0.9850454633172632,
        0,
        -27.421875,
        2.671875,
        68.0390625,
        1
      ],
      "mesh": 24
    },
    {
      "matrix": [
        1,
        0,
        0,
        0,
        0,
        1,
        0,
        0,
        0,
        0,
        1,
        0,
        -18.578125,
        2.671875,
        64.5,
        1
      ],
      "mesh": 24
    },
    {
      "matrix": [
        0.08647119949074578,
        0,
        0.996254350885672,
        0,
        0,
        1,
        0,
        0,
        -0.996254350885672,
        0,
        0.08647119949074578,
        0,
        -56.328125,
        2.203125,
        53.421875,
        1
      ],
      "mesh": 24
    },
    {
      "matrix": [
        0.08647119949074578,
        0,
        -0.996254350885672,
        0,
        0,
        1,
        0,
        0,
        0.996254350885672,
        0,
        0.08647119949074578,
        0,
        -44.328125,
        2.2421875,
        50.5390625,
        1
      ],
      "mesh": 24
    },
    {
      "matrix": [
        0.08647119949074578,
        0,
        0.996254350885672,
        0,
        0,
        1,
        0,
        0,
        -0.996254350885672,
        0,
        0.08647119949074578,
        0,
        -38.5,
        2.203125,
        53.4609375,
        1
      ],
      "mesh": 24
    },
    {
      "matrix": [
        1,
        0,
        0,
        0,
        0,
        1,
        0,
        0,
        0,
        0,
        1,
        0,
        -94.5,
        1.0546875,
        7.5,
        1
      ],
      "mesh": 25
    },
    {
      "matrix": [
        0.41950198324822907,
        0,
        -0.9077544194609038,
        0,
        0,
        1,
        0,
        0,
        0.9077544194609038,
        0,
        0.41950198324822907,
        0,
        -100.9375,
        1.0546875,
        9.71875,
        1
      ],
      "mesh": 25
    },
    {
      "matrix": [
        1,
        0,
        0,
        0,
        0,
        1,
        0,
        0,
        0,
        0,
        1,
        0,
        -95.5,
        1.0546875,
        15.5,
        1
      ],
      "mesh": 25
    },
    {
      "matrix": [
        1,
        0,
        0,
        0,
        0,
        1,
        0,
        0,
        0,
        0,
        1,
        0,
        -108.5,
        1.0546875,
        9.5,
        1
      ],
      "mesh": 25
    },
    {
      "matrix": [
        0.6480361721016052,
        0,
        -0.7616095585323878,
        0,
        0,
        1,
        0,
        0,
        0.7616095585323878,
        0,
        0.6480361721016052,
        0,
        -114.5,
        1.0546875,
        13.5,
        1
      ],
      "mesh": 25
    },
    {
      "matrix": [
        1,
        0,
        0,
        0,
        0,
        1,
        0,
        0,
        0,
        0,
        1,
        0,
        -110.5,
        1.0546875,
        8.5,
        1
      ],
      "mesh": 25
    },
    {
      "matrix": [
        1,
        0,
        0,
        0,
        0,
        1,
        0,
        0,
        0,
        0,
        1,
        0,
        -107.5,
        1.0546875,
        13.5,
        1
      ],
      "mesh": 25
    },
    {
      "matrix": [
        0.6480361721016052,
        0,
        0.7616095585323878,
        0,
        0,
        1,
        0,
        0,
        -0.7616095585323878,
        0,
        0.6480361721016052,
        0,
        -122.5,
        2.671875,
        100.5,
        1
      ],
      "mesh": 25
    },
    {
      "matrix": [
        0.9695598647982466,
        0,
        -0.2448543823835012,
        0,
        0,
        1,
        0,
        0,
        0.2448543823835012,
        0,
        0.9695598647982466,
        0,
        -116.71875,
        2.5546875,
        94.109375,
        1
      ],
      "mesh": 25
    },
    {
      "matrix": [
        1,
        0,
        0,
        0,
        0,
        1,
        0,
        0,
        0,
        0,
        1,
        0,
        -114.5,
        2.671875,
        99.5,
        1
      ],
      "mesh": 25
    },
    {
      "matrix": [
        0.9319455943394346,
        0,
        -0.362598137324667,
        0,
        0,
        1,
        0,
        0,
        0.362598137324667,
        0,
        0.9319455943394346,
        0,
        -120.5,
        2.671875,
        103.5,
        1
      ],
      "mesh": 25
    },
    {
      "matrix": [
        -0.396920853982887,
        0,
        -0.917852839878755,
        0,
        0,
        1,
        0,
        0,
        0.917852839878755,
        0,
        -0.396920853982887,
        0,
        -122.5,
        2.59375,
        108.5,
        1
      ],
      "mesh": 25
    },
    {
      "matrix": [
        1,
        0,
        0,
        0,
        0,
        1,
        0,
        0,
        0,
        0,
        1,
        0,
        -73.5,
        2.671875,
        105.5,
        1
      ],
      "mesh": 25
    },
    {
      "matrix": [
        0.08647119949074578,
        0,
        -0.996254350885672,
        0,
        0,
        1,
        0,
        0,
        0.996254350885672,
        0,
        0.08647119949074578,
        0,
        -76.5,
        2.609375,
        105.5,
        1
      ],
      "mesh": 25
    },
    {
      "matrix": [
        1,
        0,
        0,
        0,
        0,
        1,
        0,
        0,
        0,
        0,
        1,
        0,
        -75.5,
        2.671875,
        103.5,
        1
      ],
      "mesh": 25
    },
    {
      "matrix": [
        0.08647119949074578,
        0,
        -0.996254350885672,
        0,
        0,
        1,
        0,
        0,
        0.996254350885672,
        0,
        0.08647119949074578,
        0,
        -36.9375,
        2.671875,
        109.5,
        1
      ],
      "mesh": 25
    },
    {
      "matrix": [
        1,
        0,
        0,
        0,
        0,
        1,
        0,
        0,
        0,
        0,
        1,
        0,
        -48.5,
        2.671875,
        111.5,
        1
      ],
      "mesh": 25
    },
    {
      "matrix": [
        0.75,
        0,
        0,
        0,
        0,
        0.75,
        0,
        0,
        0,
        0,
        0.75,
        0,
        -60.890625,
        1.796875,
        8.9375,
        1
      ],
      "mesh": 26
    },
    {
      "matrix": [
        1,
        0,
        0,
        0,
        0,
        1,
        0,
        0,
        0,
        0,
        1,
        0,
        -86.578125,
        2.3984375,
        29.71875,
        1
      ],
      "mesh": 27
    },
    {
      "matrix": [
        1,
        0,
        0,
        0,
        0,
        1,
        0,
        0,
        0,
        0,
        1,
        0,
        -90.671875,
        1.828125,
        71.375,
        1
      ],
      "mesh": 22
    },
    {
      "matrix": [
        1,
        0,
        0,
        0,
        0,
        1,
        0,
        0,
        0,
        0,
        1,
        0,
        -90.28125,
        1.75,
        70.375,
        1
      ],
      "mesh": 22
    },
    {
      "matrix": [
        1,
        0,
        0,
        0,
        0,
        1,
        0,
        0,
        0,
        0,
        1,
        0,
        -89.5,
        1.7734375,
        70.390625,
        1
      ],
      "mesh": 22
    },
    {
      "matrix": [
        0.3277762482701767,
        0,
        0.94475538160411,
        0,
        0,
        1,
        0,
        0,
        -0.94475538160411,
        0,
        0.3277762482701767,
        0,
        -93.453125,
        2,
        65.9765625,
        1
      ],
      "mesh": 28
    },
    {
      "matrix": [
        1,
        0,
        0,
        0,
        0,
        1,
        0,
        0,
        0,
        0,
        1,
        0,
        -100.03125,
        2.0859375,
        114.265625,
        1
      ],
      "mesh": 29
    },
    {
      "matrix": [
        -0.03709691109260538,
        0,
        -0.9993116726964553,
        0,
        0,
        1,
        0,
        0,
        0.9993116726964553,
        0,
        -0.03709691109260538,
        0,
        -80.2265625,
        1.8515625,
        119.5,
        1
      ],
      "mesh": 30
    },
    {
      "matrix": [
        -0.03709691109260538,
        0,
        -0.9993116726964553,
        0,
        0,
        1,
        0,
        0,
        0.9993116726964553,
        0,
        -0.03709691109260538,
        0,
        -80.1484375,
        1.8515625,
        116.5,
        1
      ],
      "mesh": 30
    },
    {
      "matrix": [
        -0.03709691109260538,
        0,
        -0.9993116726964553,
        0,
        0,
        1,
        0,
        0,
        0.9993116726964553,
        0,
        -0.03709691109260538,
        0,
        -87.203125,
        1.8515625,
        116.5,
        1
      ],
      "mesh": 30
    },
    {
      "matrix": [
        -0.03709691109260538,
        0,
        -0.9993116726964553,
        0,
        0,
        1,
        0,
        0,
        0.9993116726964553,
        0,
        -0.03709691109260538,
        0,
        -87.203125,
        1.8515625,
        119.5,
        1
      ],
      "mesh": 30
    },
    {
      "matrix": [
        -0.03709691109260538,
        0,
        0.9993116726964553,
        0,
        0,
        1,
        0,
        0,
        -0.9993116726964553,
        0,
        -0.03709691109260538,
        0,
        -125.0625,
        1.6953125,
        119.5,
        1
      ],
      "mesh": 30
    },
    {
      "matrix": [
        -0.03709691109260538,
        0,
        0.9993116726964553,
        0,
        0,
        1,
        0,
        0,
        -0.9993116726964553,
        0,
        -0.03709691109260538,
        0,
        -125.0625,
        1.6953125,
        116.5,
        1
      ],
      "mesh": 30
    },
    {
      "matrix": [
        -0.03709691109260538,
        0,
        0.9993116726964553,
        0,
        0,
        1,
        0,
        0,
        -0.9993116726964553,
        0,
        -0.03709691109260538,
        0,
        -118.9375,
        1.6953125,
        119.5,
        1
      ],
      "mesh": 30
    },
    {
      "matrix": [
        -0.03709691109260538,
        0,
        0.9993116726964553,
        0,
        0,
        1,
        0,
        0,
        -0.9993116726964553,
        0,
        -0.03709691109260538,
        0,
        -118.9375,
        1.6953125,
        116.5,
        1
      ],
      "mesh": 30
    },
    {
      "matrix": [
        1,
        0,
        0,
        0,
        0,
        1,
        0,
        0,
        0,
        0,
        1,
        0,
        -107.5,
        2.125,
        81.5,
        1
      ],
      "mesh": 27
    },
    {
      "matrix": [
        1,
        0,
        0,
        0,
        0,
        1,
        0,
        0,
        0,
        0,
        1,
        0,
        -112.578125,
        2.125,
        81.0625,
        1
      ],
      "mesh": 27
    },
    {
      "matrix": [
        1,
        0,
        0,
        0,
        0,
        1,
        0,
        0,
        0,
        0,
        1,
        0,
        -108.5,
        2.125,
        87.5,
        1
      ],
      "mesh": 27
    },
    {
      "matrix": [
        1,
        0,
        0,
        0,
        0,
        1,
        0,
        0,
        0,
        0,
        1,
        0,
        -107.5,
        2.125,
        87.5,
        1
      ],
      "mesh": 27
    },
    {
      "matrix": [
        1,
        0,
        0,
        0,
        0,
        1,
        0,
        0,
        0,
        0,
        1,
        0,
        -115.5,
        1.8515625,
        108.5,
        1
      ],
      "mesh": 30
    },
    {
      "matrix": [
        1,
        0,
        0,
        0,
        0,
        1,
        0,
        0,
        0,
        0,
        1,
        0,
        -121.5,
        1.8515625,
        108.5,
        1
      ],
      "mesh": 30
    },
    {
      "matrix": [
        1,
        0,
        0,
        0,
        0,
        1,
        0,
        0,
        0,
        0,
        1,
        0,
        -118.5,
        1.8515625,
        108.5,
        1
      ],
      "mesh": 30
    },
    {
      "matrix": [
        -0.6095788197507077,
        0,
        -0.7927254647804207,
        0,
        0,
        1,
        0,
        0,
        0.7927254647804207,
        0,
        -0.6095788197507077,
        0,
        -116.5,
        2,
        52.5,
        1
      ],
      "mesh": 21
    },
    {
      "matrix": [
        0.3277762482701767,
        0,
        -0.94475538160411,
        0,
        0,
        1,
        0,
        0,
        0.94475538160411,
        0,
        0.3277762482701767,
        0,
        -116.5,
        2,
        57.5,
        1
      ],
      "mesh": 21
    },
    {
      "matrix": [
        -0.16009823929579747,
        0,
        -0.9871010858946442,
        0,
        0,
        1,
        0,
        0,
        0.9871010858946442,
        0,
        -0.16009823929579747,
        0,
        -116.5,
        2,
        62.5,
        1
      ],
      "mesh": 21
    },
    {
      "matrix": [
        0.3277762482701767,
        0,
        -0.94475538160411,
        0,
        0,
        1,
        0,
        0,
        0.94475538160411,
        0,
        0.3277762482701767,
        0,
        -116.5,
        2,
        67.5,
        1
      ],
      "mesh": 21
    },
    {
      "matrix": [
        0.08647119949074578,
        0,
        -0.996254350885672,
        0,
        0,
        1,
        0,
        0,
        0.996254350885672,
        0,
        0.08647119949074578,
        0,
        -116.5,
        2,
        72.5,
        1
      ],
      "mesh": 21
    },
    {
      "matrix": [
        1,
        0,
        0,
        0,
        0,
        1,
        0,
        0,
        0,
        0,
        1,
        0,
        -32.5,
        1.875,
        22.5234375,
        1
      ],
      "mesh": 30
    },
    {
      "matrix": [
        0.855535072408516,
        0,
        -0.5177448598286181,
        0,
        0,
        1,
        0,
        0,
        0.5177448598286181,
        0,
        0.855535072408516,
        0,
        -54.0625,
        0.5,
        9.546875,
        1
      ],
      "mesh": 31
    },
    {
      "matrix": [
        0.8915673595333443,
        0,
        -0.4528881135719288,
        0,
        0,
        1,
        0,
        0,
        0.4528881135719288,
        0,
        0.8915673595333443,
        0,
        -68.90625,
        0.5,
        24.609375,
        1
      ],
      "mesh": 31
    },
    {
      "matrix": [
        0.8800926628551884,
        0,
        -0.4748019637580112,
        0,
        0,
        1,
        0,
        0,
        0.4748019637580112,
        0,
        0.8800926628551884,
        0,
        -36.4375,
        0.4375,
        19.5,
        1
      ],
      "mesh": 31
    },
    {
      "matrix": [
        0.9972476383747747,
        0,
        -0.0741427525516462,
        0,
        0,
        1,
        0,
        0,
        0.0741427525516462,
        0,
        0.9972476383747747,
        0,
        -68.203125,
        5.5,
        93.671875,
        1
      ],
      "mesh": 31
    },
    {
      "matrix": [
        -0.2568273250226678,
        0,
        -0.9664573064143603,
        0,
        0,
        1,
        0,
        0,
        0.9664573064143603,
        0,
        -0.2568273250226678,
        0,
        -68.328125,
        5.5,
        90.890625,
        1
      ],
      "mesh": 31
    },
    {
      "matrix": [
        -0.990759027734458,
        0,
        0.13563387837362587,
        0,
        0,
        1,
        0,
        0,
        -0.13563387837362587,
        0,
        -0.990759027734458,
        0,
        -65.28125,
        5.5,
        90.71875,
        1
      ],
      "mesh": 31
    },
    {
      "matrix": [
        -1,
        0,
        1.2246467991473532e-16,
        0,
        0,
        1,
        0,
        0,
        -1.2246467991473532e-16,
        0,
        -1,
        0,
        -66.5,
        5.5,
        95.40625,
        1
      ],
      "mesh": 32
    },
    {
      "matrix": [
        -0.912873454093249,
        0,
        0.4082426445287906,
        0,
        0,
        1,
        0,
        0,
        -0.4082426445287906,
        0,
        -0.912873454093249,
        0,
        -67.45703125,
        0.5,
        16.5,
        1
      ],
      "mesh": 31
    },
    {
      "matrix": [
        0.08647119949074578,
        0,
        -0.996254350885672,
        0,
        0,
        1,
        0,
        0,
        0.996254350885672,
        0,
        0.08647119949074578,
        0,
        -108.671875,
        0.5859375,
        7.125,
        1
      ],
      "mesh": 33
    },
    {
      "matrix": [
        -0.9996940572530832,
        0,
        0.024734427279995138,
        0,
        0,
        1,
        0,
        0,
        -0.024734427279995138,
        0,
        -0.9996940572530832,
        0,
        -102.875,
        0.1953125,
        9.1875,
        1
      ],
      "mesh": 33
    },
    {
      "matrix": [
        -0.9996940572530832,
        0,
        0.024734427279995138,
        0,
        0,
        1,
        0,
        0,
        -0.024734427279995138,
        0,
        -0.9996940572530832,
        0,
        -102.875,
        0.1953125,
        14.1875,
        1
      ],
      "mesh": 33
    },
    {
      "matrix": [
        1,
        0,
        0,
        0,
        0,
        1,
        0,
        0,
        0,
        0,
        1,
        0,
        -93.2421875,
        0.6640625,
        9.1875,
        1
      ],
      "mesh": 33
    },
    {
      "matrix": [
        1,
        0,
        0,
        0,
        0,
        1,
        0,
        0,
        0,
        0,
        1,
        0,
        -93.2421875,
        0.6640625,
        14.1875,
        1
      ],
      "mesh": 33
    },
    {
      "matrix": [
        1,
        0,
        0,
        0,
        0,
        1,
        0,
        0,
        0,
        0,
        1,
        0,
        -93.5,
        2.34375,
        37.5,
        1
      ],
      "mesh": 27
    },
    {
      "matrix": [
        1,
        0,
        0,
        0,
        0,
        1,
        0,
        0,
        0,
        0,
        1,
        0,
        -91.5,
        2.34375,
        42.5,
        1
      ],
      "mesh": 27
    },
    {
      "matrix": [
        1,
        0,
        0,
        0,
        0,
        1,
        0,
        0,
        0,
        0,
        1,
        0,
        -90.5,
        2.34375,
        42.5,
        1
      ],
      "mesh": 27
    },
    {
      "matrix": [
        1,
        0,
        0,
        0,
        0,
        1,
        0,
        0,
        0,
        0,
        1,
        0,
        -90.9140625,
        2.34375,
        32.5,
        1
      ],
      "mesh": 27
    },
    {
      "matrix": [
        1,
        0,
        0,
        0,
        0,
        1,
        0,
        0,
        0,
        0,
        1,
        0,
        -91.3046875,
        2.34375,
        39.5,
        1
      ],
      "mesh": 27
    },
    {
      "matrix": [
        1,
        0,
        0,
        0,
        0,
        1,
        0,
        0,
        0,
        0,
        1,
        0,
        -86.6171875,
        2.34375,
        40.5,
        1
      ],
      "mesh": 27
    },
    {
      "matrix": [
        0.08647119949074578,
        0,
        -0.996254350885672,
        0,
        0,
        1,
        0,
        0,
        0.996254350885672,
        0,
        0.08647119949074578,
        0,
        -81.5625,
        2.34375,
        36.3828125,
        1
      ],
      "mesh": 34
    },
    {
      "matrix": [
        0.08647119949074578,
        0,
        -0.996254350885672,
        0,
        0,
        1,
        0,
        0,
        0.996254350885672,
        0,
        0.08647119949074578,
        0,
        -81.5,
        2.34375,
        33.9453125,
        1
      ],
      "mesh": 34
    },
    {
      "matrix": [
        1,
        0,
        0,
        0,
        0,
        1,
        0,
        0,
        0,
        0,
        1,
        0,
        -84.7578125,
        2.34375,
        30.578125,
        1
      ],
      "mesh": 34
    },
    {
      "matrix": [
        1,
        0,
        0,
        0,
        0,
        1,
        0,
        0,
        0,
        0,
        1,
        0,
        -88.7578125,
        2.34375,
        30.578125,
        1
      ],
      "mesh": 34
    },
    {
      "matrix": [
        1,
        0,
        0,
        0,
        0,
        1,
        0,
        0,
        0,
        0,
        1,
        0,
        -84.6015625,
        2.34375,
        39.7109375,
        1
      ],
      "mesh": 34
    },
    {
      "matrix": [
        1,
        0,
        0,
        0,
        0,
        1,
        0,
        0,
        0,
        0,
        1,
        0,
        -88.6015625,
        2.34375,
        39.7109375,
        1
      ],
      "mesh": 34
    },
    {
      "matrix": [
        -0.9850454633172632,
        0,
        -0.17229461743791677,
        0,
        0,
        1,
        0,
        0,
        0.17229461743791677,
        0,
        -0.9850454633172632,
        0,
        -6.6953125,
        -2.34375,
        70.0703125,
        1
      ],
      "mesh": 35
    },
    {
      "matrix": [
        -0.9850454633172632,
        0,
        -0.17229461743791677,
        0,
        0,
        1,
        0,
        0,
        0.17229461743791677,
        0,
        -0.9850454633172632,
        0,
        -3.5,
        -2.34375,
        70.0703125,
        1
      ],
      "mesh": 35
    },
    {
      "matrix": [
        0.08647119949074578,
        0,
        -0.996254350885672,
        0,
        0,
        1,
        0,
        0,
        0.996254350885672,
        0,
        0.08647119949074578,
        0,
        -3.1484375,
        4.6875,
        105.5,
        1
      ],
      "mesh": 35
    },
    {
      "matrix": [
        -0.03709691109260538,
        0,
        -0.9993116726964553,
        0,
        0,
        1,
        0,
        0,
        0.9993116726964553,
        0,
        -0.03709691109260538,
        0,
        -10.0703125,
        4.8828125,
        111.890625,
        1
      ],
      "mesh": 35
    },
    {
      "matrix": [
        0.08647119949074578,
        0,
        -0.996254350885672,
        0,
        0,
        1,
        0,
        0,
        0.996254350885672,
        0,
        0.08647119949074578,
        0,
        -14.0703125,
        4.8828125,
        119.3828125,
        1
      ],
      "mesh": 35
    },
    {
      "matrix": [
        1,
        0,
        0,
        0,
        0,
        1,
        0,
        0,
        0,
        0,
        1,
        0,
        -22.3828125,
        4.8828125,
        121.9296875,
        1
      ],
      "mesh": 35
    },
    {
      "matrix": [
        -0.9987764162142614,
        0,
        -0.04945371992273924,
        0,
        0,
        1,
        0,
        0,
        0.04945371992273924,
        0,
        -0.9987764162142614,
        0,
        -102.5,
        5.0390625,
        29.1484375,
        1
      ],
      "mesh": 35
    },
    {
      "matrix": [
        1,
        0,
        0,
        0,
        0,
        1,
        0,
        0,
        0,
        0,
        1,
        0,
        -102.5,
        5.0390625,
        40.9296875,
        1
      ],
      "mesh": 35
    },
    {
      "matrix": [
        -0.03709691109260538,
        0,
        0.9993116726964553,
        0,
        0,
        1,
        0,
        0,
        -0.9993116726964553,
        0,
        -0.03709691109260538,
        0,
        -108.9296875,
        4.8046875,
        34.5,
        1
      ],
      "mesh": 35
    },
    {
      "matrix": [
        0.08647119949074578,
        0,
        0.996254350885672,
        0,
        0,
        1,
        0,
        0,
        -0.996254350885672,
        0,
        0.08647119949074578,
        0,
        -115.9296875,
        3.4765625,
        11.5,
        1
      ],
      "mesh": 35
    },
    {
      "matrix": [
        -0.9850454633172632,
        0,
        -0.17229461743791677,
        0,
        0,
        1,
        0,
        0,
        0.17229461743791677,
        0,
        -0.9850454633172632,
        0,
        -111.5,
        3.4765625,
        6.0703125,
        1
      ],
      "mesh": 35
    },
    {
      "matrix": [
        0.08647119949074578,
        0,
