{
  "asset": {
    "version": "2.0",
    "generator": "THREE.GLTFExporter"
  },
  "scenes": [
    {
      "nodes": [
        145
      ]
    }
  ],
  "scene": 0,
  "nodes": [
    {
      "mesh": 0
    },
    {
      "mesh": 1
    },
    {
      "mesh": 2
    },
    {
      "mesh": 3
    },
    {
      "mesh": 4
    },
    {
      "mesh": 5
    },
    {
      "mesh": 6
    },
    {
      "mesh": 7
    },
    {
      "mesh": 8
    },
    {
      "mesh": 9
    },
    {
      "mesh": 10
    },
    {
      "mesh": 11
    },
    {
      "mesh": 12
    },
    {
      "mesh": 13
    },
    {
      "mesh": 14
    },
    {
      "mesh": 15
    },
    {
      "matrix": [
        -0.3043079842207361,
        0,
        -0.9525736983244458,
        0,
        0,
        1,
        0,
        0,
        0.9525736983244458,
        0,
        -0.3043079842207361,
        0,
        -117.5,
        4.5,
        69.5,
        1
      ],
      "mesh": 16
    },
    {
      "matrix": [
        0.08647119949074578,
        0,
        0.996254350885672,
        0,
        0,
        1,
        0,
        0,
        -0.996254350885672,
        0,
        0.08647119949074578,
        0,
        -66.5,
        0.5,
        69.5,
        1
      ],
      "mesh": 17
    },
    {
      "matrix": [
        0.08647119949074578,
        0,
        -0.996254350885672,
        0,
        0,
        1,
        0,
        0,
        0.996254350885672,
        0,
        0.08647119949074578,
        0,
        -61.5,
        0.5,
        69.5,
        1
      ],
      "mesh": 18
    },
    {
      "matrix": [
        -0.16009823929579747,
        0,
        -0.9871010858946442,
        0,
        0,
        1,
        0,
        0,
        0.9871010858946442,
        0,
        -0.16009823929579747,
        0,
        -55.5,
        0.5,
        68.5,
        1
      ],
      "mesh": 19
    },
    {
      "matrix": [
        -0.6095788197507077,
        0,
        -0.7927254647804207,
        0,
        0,
        1,
        0,
        0,
        0.7927254647804207,
        0,
        -0.6095788197507077,
        0,
        -55.5,
        0.5,
        71.5,
        1
      ],
      "mesh": 19
    },
    {
      "matrix": [
        0.5491261904230724,
        0,
        -0.8357394492253215,
        0,
        0,
        1,
        0,
        0,
        0.8357394492253215,
        0,
        0.5491261904230724,
        0,
        -46.5,
        0.5,
        116.5,
        1
      ],
      "mesh": 20
    },
    {
      "matrix": [
        0.44182642533538674,
        0,
        -0.8971005572818211,
        0,
        0,
        1,
        0,
        0,
        0.8971005572818211,
        0,
        0.44182642533538674,
        0,
        -52.5,
        0.5,
        116.5,
        1
      ],
      "mesh": 20
    },
    {
      "matrix": [
        0.8147933014790244,
        0,
        -0.5797515639176074,
        0,
        0,
        1,
        0,
        0,
        0.5797515639176074,
        0,
        0.8147933014790244,
        0,
        -46.5,
        0.5,
        112.5,
        1
      ],
      "mesh": 18
    },
    {
      "matrix": [
        0.44182642533538674,
        0,
        -0.8971005572818211,
        0,
        0,
        1,
        0,
        0,
        0.8971005572818211,
        0,
        0.44182642533538674,
        0,
        -52.5,
        0.5,
        113.5,
        1
      ],
      "mesh": 18
    },
    {
      "matrix": [
        0.9996940572530831,
        0,
        -0.024734427279994954,
        0,
        0,
        1,
        0,
        0,
        0.024734427279994954,
        0,
        0.9996940572530831,
        0,
        -28.5,
        0.5,
        5.5,
        1
      ],
      "mesh": 17
    },
    {
      "matrix": [
        0.9996940572530831,
        0,
        -0.024734427279994954,
        0,
        0,
        1,
        0,
        0,
        0.024734427279994954,
        0,
        0.9996940572530831,
        0,
        -31.5,
        0.5,
        11.5,
        1
      ],
      "mesh": 20
    },
    {
      "matrix": [
        0.9996940572530831,
        0,
        -0.024734427279994954,
        0,
        0,
        1,
        0,
        0,
        0.024734427279994954,
        0,
        0.9996940572530831,
        0,
        -25.5,
        0.5,
        11.5,
        1
      ],
      "mesh": 20
    },
    {
      "matrix": [
        0.9996940572530831,
        0,
        -0.024734427279994954,
        0,
        0,
        1,
        0,
        0,
        0.024734427279994954,
        0,
        0.9996940572530831,
        0,
        -23.5,
        0.5,
        9.5,
        1
      ],
      "mesh": 17
    },
    {
      "matrix": [
        0.9996940572530831,
        0,
        -0.024734427279994954,
        0,
        0,
        1,
        0,
        0,
        0.024734427279994954,
        0,
        0.9996940572530831,
        0,
        -34.5,
        0.5,
        9.5,
        1
      ],
      "mesh": 17
    },
    {
      "matrix": [
        0.06180296346008418,
        0,
        0.9980883696885519,
        0,
        0,
        1,
        0,
        0,
        -0.9980883696885519,
        0,
        0.06180296346008418,
        0,
        -14.5,
        5,
        35.5,
        1
      ],
      "mesh": 17
    },
    {
      "matrix": [
        0.3277762482701767,
        0,
        0.94475538160411,
        0,
        0,
        1,
        0,
        0,
        -0.94475538160411,
        0,
        0.3277762482701767,
        0,
        -18.5,
        5,
        34.5,
        1
      ],
      "mesh": 19
    },
    {
      "matrix": [
        0.20871816632333529,
        0,
        0.9779758315248002,
        0,
        0,
        1,
        0,
        0,
        -0.9779758315248002,
        0,
        0.20871816632333529,
        0,
        -20.5,
        5,
        36.5,
        1
      ],
      "mesh": 19
    },
    {
      "matrix": [
        0.08647119949074578,
        0,
        0.996254350885672,
        0,
        0,
        1,
        0,
        0,
        -0.996254350885672,
        0,
        0.08647119949074578,
        0,
        -24.5,
        5,
        34.5,
        1
      ],
      "mesh": 20
    },
    {
      "matrix": [
        -0.396920853982887,
        0,
        0.917852839878755,
        0,
        0,
        1,
        0,
        0,
        -0.917852839878755,
        0,
        -0.396920853982887,
        0,
        -25.5,
        5,
        36.5,
        1
      ],
      "mesh": 20
    },
    {
      "matrix": [
        0.3277762482701767,
        0,
        -0.94475538160411,
        0,
        0,
        1,
        0,
        0,
        0.94475538160411,
        0,
        0.3277762482701767,
        0,
        -29.5,
        0.5,
        76.5,
        1
      ],
      "mesh": 17
    },
    {
      "matrix": [
        -0.03709691109260538,
        0,
        0.9993116726964553,
        0,
        0,
        1,
        0,
        0,
        -0.9993116726964553,
        0,
        -0.03709691109260538,
        0,
        -3.03125,
        0.234375,
        84.890625,
        1
      ],
      "mesh": 21
    },
    {
      "matrix": [
        1,
        0,
        0,
        0,
        0,
        1,
        0,
        0,
        0,
        0,
        1,
        0,
        -13.5,
        0.5,
        83.5,
        1
      ],
      "mesh": 22
    },
    {
      "matrix": [
        0.8800926628551884,
        0,
        0.4748019637580112,
        0,
        0,
        1,
        0,
        0,
        -0.4748019637580112,
        0,
        0.8800926628551884,
        0,
        -10.5,
        0.5,
        86.5,
        1
      ],
      "mesh": 22
    },
    {
      "matrix": [
        0.992360787415103,
        0,
        -0.12336963808359298,
        0,
        0,
        1,
        0,
        0,
        0.12336963808359298,
        0,
        0.992360787415103,
        0,
        -13.5,
        0.5,
        86.5,
        1
      ],
      "mesh": 22
    },
    {
      "matrix": [
        0.8147933014790244,
        0,
        0.5797515639176074,
        0,
        0,
        1,
        0,
        0,
        -0.5797515639176074,
        0,
        0.8147933014790244,
        0,
        -8.5,
        0.5,
        83.5,
        1
      ],
      "mesh": 23
    },
    {
      "matrix": [
        -0.03709691109260538,
        0,
        -0.9993116726964553,
        0,
        0,
        1,
        0,
        0,
        0.9993116726964553,
        0,
        -0.03709691109260538,
        0,
        -12.03125,
        5.1953125,
        35.5,
        1
      ],
      "mesh": 24
    },
    {
      "matrix": [
        0.06180296346008418,
        0,
        -0.9980883696885519,
        0,
        0,
        1,
        0,
        0,
        0.9980883696885519,
        0,
        0.06180296346008418,
        0,
        -12.03125,
        5.1171875,
        52.5,
        1
      ],
      "mesh": 24
    },
    {
      "matrix": [
        2.220446049250313e-16,
        0,
        1,
        0,
        0,
        1,
        0,
        0,
        -1,
        0,
        2.220446049250313e-16,
        0,
        -46.96875,
        5.234375,
        43.5,
        1
      ],
      "mesh": 24
    },
    {
      "matrix": [
        1,
        0,
        0,
        0,
        0,
        1,
        0,
        0,
        0,
        0,
        1,
        0,
        -26.5,
        2.734375,
        37.96875,
        1
      ],
      "mesh": 25
    },
    {
      "matrix": [
        -0.9996940572530832,
        0,
        -0.024734427279995138,
        0,
        0,
        1,
        0,
        0,
        0.024734427279995138,
        0,
        -0.9996940572530832,
        0,
        -20.5390625,
        7.421875,
        33.03125,
        1
      ],
      "mesh": 25
    },
    {
      "matrix": [
        1,
        0,
        0,
        0,
        0,
        1,
        0,
        0,
        0,
        0,
        1,
        0,
        -20.5,
        2.734375,
        37.96875,
        1
      ],
      "mesh": 25
    },
    {
      "matrix": [
        -0.9933071518253773,
        0,
        -0.11550282305016034,
        0,
        0,
        1,
        0,
        0,
        0.11550282305016034,
        0,
        -0.9933071518253773,
        0,
        -7.9296875,
        -0.01171875,
        113.546875,
        1
      ],
      "mesh": 26
    },
    {
      "matrix": [
        -0.9933071518253773,
        0,
        -0.11550282305016034,
        0,
        0,
        1,
        0,
        0,
        0.11550282305016034,
        0,
        -0.9933071518253773,
        0,
        -7.9296875,
        -0.01171875,
        113.546875,
        1
      ],
      "mesh": 26
    },
    {
      "matrix": [
        1,
        0,
        0,
        0,
        0,
        1,
        0,
        0,
        0,
        0,
        1,
        0,
        -124.96875,
        7.34375,
        71.5,
        1
      ],
      "mesh": 27
    },
    {
      "matrix": [
        1,
        0,
        0,
        0,
        0,
        1,
        0,
        0,
        0,
        0,
        1,
        0,
        -124.96875,
        7.34375,
        67.5,
        1
      ],
      "mesh": 27
    },
    {
      "matrix": [
        1,
        0,
        0,
        0,
        0,
        1,
        0,
        0,
        0,
        0,
        1,
        0,
        -11.5,
        2.734375,
        125.96875,
        1
      ],
      "mesh": 25
    },
    {
      "matrix": [
        0.08647119949074578,
        0,
        -0.996254350885672,
        0,
        0,
        1,
        0,
        0,
        0.996254350885672,
        0,
        0.08647119949074578,
        0,
        -3.03125,
        2.734375,
        117.5,
        1
      ],
      "mesh": 25
    },
    {
      "matrix": [
        1,
        0,
        0,
        0,
        0,
        1,
        0,
        0,
        0,
        0,
        1,
        0,
        -11.5,
        2.734375,
        112.96875,
        1
      ],
      "mesh": 25
    },
    {
      "matrix": [
        0.08647119949074578,
        0,
        0.996254350885672,
        0,
        0,
        1,
        0,
        0,
        -0.996254350885672,
        0,
        0.08647119949074578,
        0,
        -18.96875,
        2.734375,
        115.5,
        1
      ],
      "mesh": 25
    },
    {
      "matrix": [
        1,
        0,
        0,
        0,
        0,
        1,
        0,
        0,
        0,
        0,
        1,
        0,
        -23.5,
        2.734375,
        120.96875,
        1
      ],
      "mesh": 25
    },
    {
      "matrix": [
        1,
        0,
        0,
        0,
        0,
        1,
        0,
        0,
        0,
        0,
        1,
        0,
        -32.5,
        2.734375,
        120.96875,
        1
      ],
      "mesh": 25
    },
    {
      "matrix": [
        1,
        0,
        0,
        0,
        0,
        1,
        0,
        0,
        0,
        0,
        1,
        0,
        -40.5,
        2.734375,
        120.96875,
        1
      ],
      "mesh": 25
    },
    {
      "matrix": [
        1,
        0,
        0,
        0,
        0,
        1,
        0,
        0,
        0,
        0,
        1,
        0,
        -49.5,
        2.734375,
        120.96875,
        1
      ],
      "mesh": 25
    },
    {
      "matrix": [
        0.08647119949074578,
        0,
        0.996254350885672,
        0,
        0,
        1,
        0,
        0,
        -0.996254350885672,
        0,
        0.08647119949074578,
        0,
        -55.96875,
        2.734375,
        114.5,
        1
      ],
      "mesh": 25
    },
    {
      "matrix": [
        0.08647119949074578,
        0,
        -0.996254350885672,
        0,
        0,
        1,
        0,
        0,
        0.996254350885672,
        0,
        0.08647119949074578,
        0,
        -11.03125,
        2.734375,
        102.5,
        1
      ],
      "mesh": 25
    },
    {
      "matrix": [
        0.08647119949074578,
        0,
        -0.996254350885672,
        0,
        0,
        1,
        0,
        0,
        0.996254350885672,
        0,
        0.08647119949074578,
        0,
        -11.03125,
        2.734375,
        92.5,
        1
      ],
      "mesh": 25
    },
    {
      "matrix": [
        0.08647119949074578,
        0,
        -0.996254350885672,
        0,
        0,
        1,
        0,
        0,
        0.996254350885672,
        0,
        0.08647119949074578,
        0,
        -47.03125,
        2.734375,
        105.5,
        1
      ],
      "mesh": 25
    },
    {
      "matrix": [
        0.08647119949074578,
        0,
        -0.996254350885672,
        0,
        0,
        1,
        0,
        0,
        0.996254350885672,
        0,
        0.08647119949074578,
        0,
        -47.03125,
        2.734375,
        97.5,
        1
      ],
      "mesh": 25
    },
    {
      "matrix": [
        0.08647119949074578,
        0,
        -0.996254350885672,
        0,
        0,
        1,
        0,
        0,
        0.996254350885672,
        0,
        0.08647119949074578,
        0,
        -47.03125,
        2.734375,
        88.5,
        1
      ],
      "mesh": 25
    },
    {
      "matrix": [
        1,
        0,
        0,
        0,
        0,
        1,
        0,
        0,
        0,
        0,
        1,
        0,
        -7.5,
        2.734375,
        87.96875,
        1
      ],
      "mesh": 25
    },
    {
      "matrix": [
        -0.9996940572530832,
        0,
        -0.024734427279995138,
        0,
        0,
        1,
        0,
        0,
        0.024734427279995138,
        0,
        -0.9996940572530832,
        0,
        -12.5390625,
        2.734375,
        81.03125,
        1
      ],
      "mesh": 25
    },
    {
      "matrix": [
        0.08647119949074578,
        0,
        -0.996254350885672,
        0,
        0,
        1,
        0,
        0,
        0.996254350885672,
        0,
        0.08647119949074578,
        0,
        -2.03125,
        2.734375,
        81.5,
        1
      ],
      "mesh": 25
    },
    {
      "matrix": [
        -0.9996940572530832,
        0,
        -0.024734427279995138,
        0,
        0,
        1,
        0,
        0,
        0.024734427279995138,
        0,
        -0.9996940572530832,
        0,
        -6.5390625,
        2.734375,
        75.03125,
        1
      ],
      "mesh": 25
    },
    {
      "matrix": [
        -0.9996940572530832,
        0,
        -0.024734427279995138,
        0,
        0,
        1,
        0,
        0,
        0.024734427279995138,
        0,
        -0.9996940572530832,
        0,
        -16.5390625,
        2.734375,
        75.03125,
        1
      ],
      "mesh": 25
    },
    {
      "matrix": [
        -0.9996940572530832,
        0,
        -0.024734427279995138,
        0,
        0,
        1,
        0,
        0,
        0.024734427279995138,
        0,
        -0.9996940572530832,
        0,
        -24.5390625,
        2.734375,
        75.03125,
        1
      ],
      "mesh": 25
    },
    {
      "matrix": [
        0.08647119949074578,
        0,
        -0.996254350885672,
        0,
        0,
        1,
        0,
        0,
        0.996254350885672,
        0,
        0.08647119949074578,
        0,
        -28.03125,
        2.734375,
        72.5,
        1
      ],
      "mesh": 25
    },
    {
      "matrix": [
        0.08647119949074578,
        0,
        -0.996254350885672,
        0,
        0,
        1,
        0,
        0,
        0.996254350885672,
        0,
        0.08647119949074578,
        0,
        -28.03125,
        2.734375,
        65.5,
        1
      ],
      "mesh": 25
    },
    {
      "matrix": [
        0.08647119949074578,
        0,
        -0.996254350885672,
        0,
        0,
        1,
        0,
        0,
        0.996254350885672,
        0,
        0.08647119949074578,
        0,
        -27.9921875,
        6.640625,
        57.5,
        1
      ],
      "mesh": 25
    },
    {
      "matrix": [
        -0.9996940572530832,
        0,
        -0.024734427279995138,
        0,
        0,
        1,
        0,
        0,
        0.024734427279995138,
        0,
        -0.9996940572530832,
        0,
        -20.5390625,
        7.421875,
        50.03125,
        1
      ],
      "mesh": 25
    },
    {
      "matrix": [
        1,
        0,
        0,
        0,
        0,
        1,
        0,
        0,
        0,
        0,
        1,
        0,
        -20.5,
        2.734375,
        54.96875,
        1
      ],
      "mesh": 25
    },
    {
      "matrix": [
        1,
        0,
        0,
        0,
        0,
        1,
        0,
        0,
        0,
        0,
        1,
        0,
        -26.5,
        2.734375,
        54.96875,
        1
      ],
      "mesh": 25
    },
    {
      "matrix": [
        -0.9996940572530832,
        0,
        -0.024734427279995138,
        0,
        0,
        1,
        0,
        0,
        0.024734427279995138,
        0,
        -0.9996940572530832,
        0,
        -26.5390625,
        7.421875,
        50.03125,
        1
      ],
      "mesh": 25
    },
    {
      "matrix": [
        0.08647119949074578,
        0,
        -0.996254350885672,
        0,
        0,
        1,
        0,
        0,
        0.996254350885672,
        0,
        0.08647119949074578,
        0,
        -28.03125,
        7.421875,
        43.5,
        1
      ],
      "mesh": 25
    },
    {
      "matrix": [
        1,
        0,
        0,
        0,
        0,
        1,
        0,
        0,
        0,
        0,
        1,
        0,
        -32.5,
        2.734375,
        45.96875,
        1
      ],
      "mesh": 25
    },
    {
      "matrix": [
        -0.9996940572530832,
        0,
        -0.024734427279995138,
        0,
        0,
        1,
        0,
        0,
        0.024734427279995138,
        0,
        -0.9996940572530832,
        0,
        -32.5390625,
        7.421875,
        41.03125,
        1
      ],
      "mesh": 25
    },
    {
      "matrix": [
        -0.9996940572530832,
        0,
        -0.024734427279995138,
        0,
        0,
        1,
        0,
        0,
        0.024734427279995138,
        0,
        -0.9996940572530832,
        0,
        -38.5390625,
        7.421875,
        41.03125,
        1
      ],
      "mesh": 25
    },
    {
      "matrix": [
        1,
        0,
        0,
        0,
        0,
        1,
        0,
        0,
        0,
        0,
        1,
        0,
        -38.5,
        2.734375,
        45.96875,
        1
      ],
      "mesh": 25
    },
    {
      "matrix": [
        -0.9996940572530832,
        0,
        -0.024734427279995138,
        0,
        0,
        1,
        0,
        0,
        0.024734427279995138,
        0,
        -0.9996940572530832,
        0,
        -26.5390625,
        7.421875,
        33.03125,
        1
      ],
      "mesh": 25
    },
    {
      "matrix": [
        0.08647119949074578,
        0,
        -0.996254350885672,
        0,
        0,
        1,
        0,
        0,
        0.996254350885672,
        0,
        0.08647119949074578,
        0,
        -28.03125,
        6.25,
        29.5,
        1
      ],
      "mesh": 25
    },
    {
      "matrix": [
        0.08647119949074578,
        0,
        -0.996254350885672,
        0,
        0,
        1,
        0,
        0,
        0.996254350885672,
        0,
        0.08647119949074578,
        0,
        -28.03125,
        2.734375,
        20.5,
        1
      ],
      "mesh": 25
    },
    {
      "matrix": [
        0.08647119949074578,
        0,
        -0.996254350885672,
        0,
        0,
        1,
        0,
        0,
        0.996254350885672,
        0,
        0.08647119949074578,
        0,
        -19.03125,
        2.734375,
        8.5,
        1
      ],
      "mesh": 25
    },
    {
      "matrix": [
        -0.9850454633172632,
        0,
        -0.17229461743791677,
        0,
        0,
        1,
        0,
        0,
        0.17229461743791677,
        0,
        -0.9850454633172632,
        0,
        -29.5,
        2.734375,
        2.03125,
        1
      ],
      "mesh": 25
    },
    {
      "matrix": [
        1,
        0,
        0,
        0,
        0,
        1,
        0,
        0,
        0,
        0,
        1,
        0,
        -43.953125,
        1.171875,
        10.96875,
        1
      ],
      "mesh": 25
    },
    {
      "matrix": [
        1,
        0,
        0,
        0,
        0,
        1,
        0,
        0,
        0,
        0,
        1,
        0,
        -66.421875,
        -4.296875,
        10.96875,
        1
      ],
      "mesh": 25
    },
    {
      "matrix": [
        -0.03709691109260538,
        0,
        0.9993116726964553,
        0,
        0,
        1,
        0,
        0,
        -0.9993116726964553,
        0,
        -0.03709691109260538,
        0,
        -98.96875,
        -3.515625,
        9.5,
        1
      ],
      "mesh": 25
    },
    {
      "matrix": [
        1,
        0,
        0,
        0,
        0,
        1,
        0,
        0,
        0,
        0,
        1,
        0,
        -83.421875,
        -4.296875,
        11.96875,
        1
      ],
      "mesh": 25
    },
    {
      "matrix": [
        -0.9987764162142614,
        0,
        -0.04945371992273924,
        0,
        0,
        1,
        0,
        0,
        0.04945371992273924,
        0,
        -0.9987764162142614,
        0,
        -83.6171875,
        -4.296875,
        7.03125,
        1
      ],
      "mesh": 25
    },
    {
      "matrix": [
        1,
        0,
        0,
        0,
        0,
        1,
        0,
        0,
        0,
        0,
        1,
        0,
        -56.421875,
        -4.296875,
        10.96875,
        1
      ],
      "mesh": 25
    },
    {
      "matrix": [
        1,
        0,
        0,
        0,
        0,
        1,
        0,
        0,
        0,
        0,
        1,
        0,
        -89.9296875,
        -5.7421875,
        16.5,
        1
      ],
      "mesh": 28
    },
    {
      "matrix": [
        1,
        0,
        0,
        0,
        0,
        1,
        0,
        0,
        0,
        0,
        1,
        0,
        -84.953125,
        -5.7421875,
        16.5,
        1
      ],
      "mesh": 28
    },
    {
      "matrix": [
        1,
        0,
        0,
        0,
        0,
        1,
        0,
        0,
        0,
        0,
        1,
        0,
        -79.9765625,
        -5.7421875,
        16.5,
        1
      ],
      "mesh": 28
    },
    {
      "matrix": [
        1,
        0,
        0,
        0,
        0,
        1,
        0,
        0,
        0,
        0,
        1,
        0,
        -75.8984375,
        -5.7421875,
        16.5,
        1
      ],
      "mesh": 28
    },
    {
      "matrix": [
        1,
        0,
        0,
        0,
        0,
        1,
        0,
        0,
        0,
        0,
        1,
        0,
        -75.8984375,
        -5.7421875,
        2.5,
        1
      ],
      "mesh": 28
    },
    {
      "matrix": [
        1,
        0,
        0,
        0,
        0,
        1,
        0,
        0,
        0,
        0,
        1,
        0,
        -79.9765625,
        -5.7421875,
        2.5,
        1
      ],
      "mesh": 28
    },
    {
      "matrix": [
        1,
        0,
        0,
        0,
        0,
        1,
        0,
        0,
        0,
        0,
        1,
        0,
        -84.953125,
        -5.7421875,
        2.5,
        1
      ],
      "mesh": 28
    },
    {
      "matrix": [
        1,
        0,
        0,
        0,
        0,
        1,
        0,
        0,
        0,
        0,
        1,
        0,
        -89.9296875,
        -5.7421875,
        2.5,
        1
      ],
      "mesh": 28
    },
    {
      "matrix": [
        1,
        0,
        0,
        0,
        0,
        1,
        0,
        0,
        0,
        0,
        1,
        0,
        -37.28125,
        0.390625,
        14.5,
        1
      ],
      "mesh": 29
    },
    {
      "matrix": [
        1,
        0,
        0,
        0,
        0,
        1,
        0,
        0,
        0,
        0,
        1,
        0,
        -34.0703125,
        0.5078125,
        14.9296875,
        1
      ],
      "mesh": 24
    },
    {
      "matrix": [
        1,
        0,
        0,
        0,
        0,
        1,
        0,
        0,
        0,
        0,
        1,
        0,
        -35.8125,
        0.5078125,
        14.9296875,
        1
      ],
      "mesh": 24
    },
    {
      "matrix": [
        -0.6095788197507077,
        0.28744077693921144,
        0.7387770044227937,
        0,
        -2.7755575615628914e-17,
        0.9319455943394346,
        -0.362598137324667,
        0,
        -0.7927254647804207,
        -0.22103214459417558,
        -0.5680942954693042,
        0,
        -39.609375,
        0.859375,
        4.890625,
        1
      ],
      "mesh": 30
    },
    {
      "matrix": [
        -0.03709691109260538,
        0,
        -0.9993116726964553,
        0,
        0,
        1,
        0,
        0,
        0.9993116726964553,
        0,
        -0.03709691109260538,
        0,
        -32.578125,
        0,
        3.125,
        1
      ],
      "mesh": 31
    },
    {
      "matrix": [
        -0.03709691109260538,
        0,
        -0.9993116726964553,
        0,
        0,
        1,
        0,
        0,
        0.9993116726964553,
        0,
        -0.03709691109260538,
        0,
        -26.5390625,
        0,
        3.1640625,
        1
      ],
      "mesh": 31
    },
    {
      "matrix": [
        0.9024965190774262,
        0,
        0.43069714771882195,
        0,
        0,
        1,
        0,
        0,
        -0.43069714771882195,
        0,
        0.9024965190774262,
        0,
        -19.5,
        0.7421875,
        4.9921875,
        1
      ],
      "mesh": 32
    },
    {
      "matrix": [
        0.9695598647982466,
        0.24468584242671407,
        -0.009083341253915536,
        0,
        0,
        -0.03709691109260538,
        -0.9993116726964553,
        0,
        -0.2448543823835012,
        0.9688924902708849,
        -0.03596767610337892,
        0,
        -19.5,
        0.7421875,
        6.421875,
        1
      ],
      "mesh": 32
    },
    {
      "matrix": [
        0.996254350885672,
        0,
        -0.08647119949074573,
        0,
        0,
        1,
        0,
        0,
        0.08647119949074573,
        0,
        0.996254350885672,
        0,
        -19.5,
        0.7421875,
        7.96875,
        1
      ],
      "mesh": 32
    },
    {
      "matrix": [
        1,
        0,
        0,
        0,
        0,
        1,
        0,
        0,
        0,
        0,
        1,
        0,
        -19.5,
        0.5859375,
        11.640625,
        1
      ],
      "mesh": 33
    },
    {
      "matrix": [
        1,
        0,
        0,
        0,
        0,
        1,
        0,
        0,
        0,
        0,
        1,
        0,
        -19.5,
        0.5859375,
        10.1328125,
        1
      ],
      "mesh": 33
    },
    {
      "matrix": [
        1,
        0,
        0,
        0,
        0,
        1,
        0,
        0,
        0,
        0,
        1,
        0,
        -15.734375,
        5.46875,
        38.5,
        1
      ],
      "mesh": 30
    },
    {
      "matrix": [
        1,
        0,
        0,
        0,
        0,
        1,
        0,
        0,
        0,
        0,
        1,
        0,
        -44.046875,
        0.3125,
        110.5234375,
        1
      ],
      "mesh": 31
    },
    {
      "matrix": [
        1,
        0,
        0,
        0,
        0,
        1,
        0,
        0,
        0,
        0,
        1,
        0,
        -44.046875,
        0.3125,
        114.328125,
        1
      ],
      "mesh": 31
    },
    {
      "matrix": [
        1,
        0,
        0,
        0,
        0,
        1,
        0,
        0,
        0,
        0,
        1,
        0,
        -53.8125,
        0.6640625,
        110.5,
        1
      ],
      "mesh": 34
    },
    {
      "matrix": [
        -0.03709691109260538,
        0,
        -0.9993116726964553,
        0,
        0,
        1,
        0,
        0,
        0.9993116726964553,
        0,
        -0.03709691109260538,
        0,
        -47.03125,
        2.734375,
        77.5,
        1
      ],
      "mesh": 25
    },
    {
      "matrix": [
        -0.03709691109260538,
        0,
        -0.9993116726964553,
        0,
        0,
        1,
        0,
        0,
        0.9993116726964553,
        0,
        -0.03709691109260538,
        0,
        -47.03125,
        2.734375,
        69.5,
        1
      ],
      "mesh": 25
    },
    {
      "matrix": [
        -0.9996940572530832,
        0,
        -0.024734427279995138,
        0,
        0,
        1,
        0,
        0,
        0.024734427279995138,
        0,
        -0.9996940572530832,
        0,
        -54.6171875,
        2.578125,
        66.03125,
        1
      ],
      "mesh": 25
    },
    {
      "matrix": [
        1,
        0,
        0,
        0,
        0,
        1,
        0,
        0,
        0,
        0,
        1,
        0,
        -58.3828125,
        2.734375,
        72.96875,
        1
      ],
      "mesh": 25
    },
    {
      "matrix": [
        -0.9996940572530832,
        0,
        -0.024734427279995138,
        0,
        0,
        1,
        0,
        0,
        0.024734427279995138,
        0,
        -0.9996940572530832,
        0,
        -62.6171875,
        2.578125,
        66.03125,
        1
      ],
      "mesh": 25
    },
    {
      "matrix": [
        1,
        0,
        0,
        0,
        0,
        1,
        0,
        0,
        0,
        0,
        1,
        0,
        -66.3828125,
        2.734375,
        72.96875,
        1
      ],
      "mesh": 25
    },
    {
      "matrix": [
        -0.9996940572530832,
        0,
        -0.024734427279995138,
        0,
        0,
        1,
        0,
        0,
        0.024734427279995138,
        0,
        -0.9996940572530832,
        0,
        -70.6171875,
        2.578125,
        66.03125,
        1
      ],
      "mesh": 25
    },
    {
      "matrix": [
        1,
        0,
        0,
        0,
        0,
        1,
        0,
        0,
        0,
        0,
        1,
        0,
        -74.3828125,
        2.734375,
        72.96875,
        1
      ],
      "mesh": 25
    },
    {
      "matrix": [
        -0.9890057044881309,
        0,
        -0.14787736976946897,
        0,
        0,
        1,
        0,
        0,
        0.14787736976946897,
        0,
        -0.9890057044881309,
        0,
        -97.0859375,
        7.03125,
        58.03125,
        1
      ],
      "mesh": 25
    },
    {
      "matrix": [
        1,
        0,
        0,
        0,
        0,
        1,
        0,
        0,
        0,
        0,
        1,
        0,
        -96.9296875,
        7.03125,
        80.96875,
        1
      ],
      "mesh": 25
    },
    {
      "matrix": [
        1,
        0,
        0,
        0,
        0,
        1,
        0,
        0,
        0,
        0,
        1,
        0,
        -116.9296875,
        7.03125,
        80.96875,
        1
      ],
      "mesh": 25
    },
    {
      "matrix": [
        -0.03709691109260538,
        0,
        0.9993116726964553,
        0,
        0,
        1,
        0,
        0,
        -0.9993116726964553,
        0,
        -0.03709691109260538,
        0,
        -124.96875,
        9.296875,
        75.046875,
        1
      ],
      "mesh": 25
    },
    {
      "matrix": [
        -0.03709691109260538,
        0,
        0.9993116726964553,
        0,
        0,
        1,
        0,
        0,
        -0.9993116726964553,
        0,
        -0.03709691109260538,
        0,
        -124.96875,
        9.296875,
        64.046875,
        1
      ],
      "mesh": 25
    },
    {
      "matrix": [
        -0.9890057044881309,
        0,
        -0.14787736976946897,
        0,
        0,
        1,
        0,
        0,
        0.14787736976946897,
        0,
        -0.9890057044881309,
        0,
        -117.109375,
        7.03125,
        58.03125,
        1
      ],
      "mesh": 25
    },
    {
      "matrix": [
        -0.03709691109260538,
        0,
        0.9993116726964553,
        0,
        0,
        1,
        0,
        0,
        -0.9993116726964553,
        0,
        -0.03709691109260538,
        0,
        -17.6953125,
        0.546875,
        84.5,
        1
      ],
      "mesh": 24
    },
    {
      "matrix": [
        -0.03709691109260538,
        0,
        0.9993116726964553,
        0,
        0,
        1,
        0,
        0,
        -0.9993116726964553,
        0,
        -0.03709691109260538,
        0,
        -5.4453125,
        0,
        87.03125,
        1
      ],
      "mesh": 31
    },
    {
      "matrix": [
        -0.9987764162142614,
        0,
        0.04945371992273924,
        0,
        0,
        1,
        0,
        0,
        -0.04945371992273924,
        0,
        -0.9987764162142614,
        0,
        -16.109375,
        4.6875,
        31.953125,
        1
      ],
      "mesh": 35
    },
    {
      "matrix": [
        -0.9996940572530832,
        0,
        -0.024734427279995138,
        0,
        0,
        1,
        0,
        0,
        0.024734427279995138,
        0,
        -0.9996940572530832,
        0,
        -8.5,
        0,
        81.03125,
        1
      ],
      "mesh": 35
    },
    {
      "matrix": [
        -0.9996940572530832,
        0,
        -0.024734427279995138,
        0,
        0,
        1,
        0,
        0,
        0.024734427279995138,
        0,
        -0.9996940572530832,
        0,
        -10.5,
        0,
        81.03125,
        1
      ],
      "mesh": 35
    },
    {
      "matrix": [
        -0.1356338783736255,
        0,
        0.9907590277344579,
        0,
        0,
        1,
        0,
        0,
        -0.9907590277344579,
        0,
        -0.1356338783736255,
        0,
        -23.5,
        5,
        53.5,
        1
      ],
      "mesh": 36
    },
    {
      "matrix": [
        0.23284398260064132,
        0,
        0.9725141026055469,
        0,
        0,
        1,
        0,
        0,
        -0.9725141026055469,
        0,
        0.23284398260064132,
        0,
        -23.5,
        5,
        51.5,
        1
      ],
      "mesh": 36
    },
    {
      "matrix": [
        -0.012368159663362688,
        0,
        0.9999235113880167,
        0,
        0,
        1,
        0,
        0,
        -0.9999235113880167,
        0,
        -0.012368159663362688,
        0,
        -18.5,
        5,
        53.5,
        1
      ],
      "mesh": 36
    },
    {
      "matrix": [
        0.20871816632333529,
        0,
        0.9779758315248002,
        0,
        0,
        1,
        0,
        0,
        -0.9779758315248002,
        0,
        0.20871816632333529,
        0,
        -18.5,
        5,
        51.5,
        1
      ],
      "mesh": 36
    },
    {
      "matrix": [
        0.08647119949074578,
        0,
        0.996254350885672,
        0,
        0,
        1,
        0,
        0,
        -0.996254350885672,
        0,
        0.08647119949074578,
        0,
        -13.3828125,
        4.5,
        52.5,
        1
      ],
      "mesh": 21
    },
    {
      "matrix": [
        -0.16009823929579747,
        0,
        -0.9871010858946442,
        0,
        0,
        1,
        0,
        0,
        0.9871010858946442,
        0,
        -0.16009823929579747,
        0,
        -35.5,
        5,
        44.5,
        1
      ],
      "mesh": 18
    },
    {
      "matrix": [
        0.3277762482701767,
        0,
        -0.94475538160411,
        0,
        0,
        1,
        0,
        0,
        0.94475538160411,
        0,
        0.3277762482701767,
        0,
        -35.5,
        5,
        42.5,
        1
      ],
      "mesh": 18
    },
    {
      "matrix": [
        -0.03709691109260538,
        0,
        -0.9993116726964553,
        0,
        0,
        1,
        0,
        0,
        0.9993116726964553,
        0,
        -0.03709691109260538,
        0,
        -41.5,
        5,
        44.5,
        1
      ],
      "mesh": 20
    },
    {
      "matrix": [
        0.08647119949074578,
        0,
        -0.996254350885672,
        0,
        0,
        1,
        0,
        0,
        0.996254350885672,
        0,
        0.08647119949074578,
        0,
        -42.5,
        5,
        42.5,
        1
      ],
      "mesh": 20
    },
    {
      "matrix": [
        1,
        0,
        0,
        0,
        0,
        1,
        0,
        0,
        0,
        0,
        1,
        0,
        64,
        -5.25,
        -64,
        1
      ],
      "children": [
        0,
        1,
        2,
        3,
        4,
        5,
        6,
        7,
        8,
        9,
        10,
        11,
        12,
        13,
        14,
        15,
        16,
        17,
        18,
        19,
        20,
        21,
        22,
        23,
        24,
        25,
        26,
        27,
        28,
        29,
        30,
        31,
        32,
        33,
        34,
        35,
        36,
        37,
        38,
        39,
        40,
        41,
        42,
        43,
        44,
        45,
        46,
        47,
        48,
        49,
