{
  "asset": {
    "version": "2.0",
    "generator": "THREE.GLTFExporter"
  },
  "scenes": [
    {
      "nodes": [
        1083
      ]
    }
  ],
  "scene": 0,
  "nodes": [
    {
      "mesh": 0
    },
    {
      "mesh": 1
    },
    {
      "mesh": 2
    },
    {
      "mesh": 3
    },
    {
      "mesh": 4
    },
    {
      "mesh": 5
    },
    {
      "mesh": 6
    },
    {
      "mesh": 7
    },
    {
      "mesh": 8
    },
    {
      "mesh": 9
    },
    {
      "mesh": 10
    },
    {
      "matrix": [
        -0.03709691109260538,
        0,
        -0.9993116726964553,
        0,
        0,
        1,
        0,
        0,
        0.9993116726964553,
        0,
        -0.03709691109260538,
        0,
        -25.5,
        0.4296875,
        2.9921875,
        1
      ],
      "mesh": 11
    },
    {
      "matrix": [
        -0.03709691109260538,
        0,
        -0.9993116726964553,
        0,
        0,
        1,
        0,
        0,
        0.9993116726964553,
        0,
        -0.03709691109260538,
        0,
        -17.5,
        0.4296875,
        2.9921875,
        1
      ],
      "mesh": 11
    },
    {
      "matrix": [
        -0.03709691109260538,
        0,
        -0.9993116726964553,
        0,
        0,
        1,
        0,
        0,
        0.9993116726964553,
        0,
        -0.03709691109260538,
        0,
        -10.5,
        0.4296875,
        2.9921875,
        1
      ],
      "mesh": 11
    },
    {
      "matrix": [
        0.7370451816173639,
        0,
        -0.6758434731908174,
        0,
        0,
        1,
        0,
        0,
        0.6758434731908174,
        0,
        0.7370451816173639,
        0,
        -31.890625,
        1.25,
        2.328125,
        1
      ],
      "mesh": 12
    },
    {
      "matrix": [
        1,
        0,
        0,
        0,
        0,
        1,
        0,
        0,
        0,
        0,
        1,
        0,
        -23.890625,
        0.5859375,
        16.5,
        1
      ],
      "mesh": 13
    },
    {
      "matrix": [
        1,
        0,
        0,
        0,
        0,
        1,
        0,
        0,
        0,
        0,
        1,
        0,
        -22.5,
        0.5859375,
        16.5,
        1
      ],
      "mesh": 13
    },
    {
      "matrix": [
        1,
        0,
        0,
        0,
        0,
        1,
        0,
        0,
        0,
        0,
        1,
        0,
        -16.5,
        0.5859375,
        16.5,
        1
      ],
      "mesh": 13
    },
    {
      "matrix": [
        1,
        0,
        0,
        0,
        0,
        1,
        0,
        0,
        0,
        0,
        1,
        0,
        -11.890625,
        0.5859375,
        16.5,
        1
      ],
      "mesh": 13
    },
    {
      "matrix": [
        1,
        0,
        0,
        0,
        0,
        1,
        0,
        0,
        0,
        0,
        1,
        0,
        -10.5,
        0.5859375,
        16.5,
        1
      ],
      "mesh": 13
    },
    {
      "matrix": [
        1,
        0,
        0,
        0,
        0,
        1,
        0,
        0,
        0,
        0,
        1,
        0,
        -37.5,
        0.4296875,
        8.5,
        1
      ],
      "mesh": 14
    },
    {
      "matrix": [
        1,
        0,
        0,
        0,
        0,
        1,
        0,
        0,
        0,
        0,
        1,
        0,
        -38.5,
        0.390625,
        7.5,
        1
      ],
      "mesh": 15
    },
    {
      "matrix": [
        -0.9999235113880167,
        0,
        -0.012368159663363043,
        0,
        0,
        1,
        0,
        0,
        0.012368159663363043,
        0,
        -0.9999235113880167,
        0,
        -39.5,
        0.5859375,
        2.875,
        1
      ],
      "mesh": 16
    },
    {
      "matrix": [
        -0.9987764162142614,
        0,
        -0.04945371992273924,
        0,
        0,
        1,
        0,
        0,
        0.04945371992273924,
        0,
        -0.9987764162142614,
        0,
        -44.046875,
        0.390625,
        5.5,
        1
      ],
      "mesh": 11
    },
    {
      "matrix": [
        -0.9987764162142614,
        0,
        -0.04945371992273924,
        0,
        0,
        1,
        0,
        0,
        0.04945371992273924,
        0,
        -0.9987764162142614,
        0,
        -44.046875,
        0.390625,
        9.5,
        1
      ],
      "mesh": 11
    },
    {
      "matrix": [
        1,
        0,
        0,
        0,
        0,
        1,
        0,
        0,
        0,
        0,
        1,
        0,
        -52.5,
        0,
        12.5,
        1
      ],
      "mesh": 17
    },
    {
      "matrix": [
        1,
        0,
        0,
        0,
        0,
        1,
        0,
        0,
        0,
        0,
        1,
        0,
        -46.5,
        0.546875,
        8.03125,
        1
      ],
      "mesh": 13
    },
    {
      "matrix": [
        1,
        0,
        0,
        0,
        0,
        1,
        0,
        0,
        0,
        0,
        1,
        0,
        -46.5,
        0.546875,
        9.109375,
        1
      ],
      "mesh": 13
    },
    {
      "matrix": [
        1,
        0,
        0,
        0,
        0,
        1,
        0,
        0,
        0,
        0,
        1,
        0,
        -46.5,
        0.546875,
        10.5,
        1
      ],
      "mesh": 13
    },
    {
      "matrix": [
        0.07414275255164626,
        0,
        -0.9972476383747747,
        0,
        0,
        1,
        0,
        0,
        0.9972476383747747,
        0,
        0.07414275255164626,
        0,
        -59.5,
        0.46875,
        7.890625,
        1
      ],
      "mesh": 18
    },
    {
      "matrix": [
        0.07414275255164626,
        0,
        -0.9972476383747747,
        0,
        0,
        1,
        0,
        0,
        0.9972476383747747,
        0,
        0.07414275255164626,
        0,
        -59.5,
        0.46875,
        5.5,
        1
      ],
      "mesh": 18
    },
    {
      "matrix": [
        1,
        0,
        0,
        0,
        0,
        1,
        0,
        0,
        0,
        0,
        1,
        0,
        -64.703125,
        0.46875,
        3.5,
        1
      ],
      "mesh": 18
    },
    {
      "matrix": [
        1,
        0,
        0,
        0,
        0,
        1,
        0,
        0,
        0,
        0,
        1,
        0,
        -62.5,
        0.234375,
        23.5,
        1
      ],
      "mesh": 19
    },
    {
      "matrix": [
        1,
        0,
        0,
        0,
        0,
        1,
        0,
        0,
        0,
        0,
        1,
        0,
        -60.5,
        0.234375,
        23.5,
        1
      ],
      "mesh": 19
    },
    {
      "matrix": [
        1,
        0,
        0,
        0,
        0,
        1,
        0,
        0,
        0,
        0,
        1,
        0,
        -60.5,
        0.4296875,
        26.5,
        1
      ],
      "mesh": 14
    },
    {
      "matrix": [
        1,
        0,
        0,
        0,
        0,
        1,
        0,
        0,
        0,
        0,
        1,
        0,
        -117.5,
        0.4296875,
        10.5,
        1
      ],
      "mesh": 15
    },
    {
      "matrix": [
        1.942890293094024e-16,
        0,
        0.875,
        0,
        0,
        0.875,
        0,
        0,
        -0.875,
        0,
        1.942890293094024e-16,
        0,
        -125.5,
        0.6640625,
        14.8125,
        1
      ],
      "mesh": 20
    },
    {
      "matrix": [
        1.942890293094024e-16,
        0,
        0.875,
        0,
        0,
        0.875,
        0,
        0,
        -0.875,
        0,
        1.942890293094024e-16,
        0,
        -125.5,
        0.6640625,
        23.5,
        1
      ],
      "mesh": 20
    },
    {
      "matrix": [
        -0.03709691109260538,
        0,
        -0.9993116726964553,
        0,
        0,
        1,
        0,
        0,
        0.9993116726964553,
        0,
        -0.03709691109260538,
        0,
        -122.734375,
        0.1953125,
        12.109375,
        1
      ],
      "mesh": 19
    },
    {
      "matrix": [
        -0.03709691109260538,
        0,
        -0.9993116726964553,
        0,
        0,
        1,
        0,
        0,
        0.9993116726964553,
        0,
        -0.03709691109260538,
        0,
        -122.734375,
        0.1953125,
        20.5,
        1
      ],
      "mesh": 19
    },
    {
      "matrix": [
        -0.024734427279994975,
        0,
        0.9996940572530831,
        0,
        0,
        1,
        0,
        0,
        -0.9996940572530831,
        0,
        -0.024734427279994975,
        0,
        -125.109375,
        0.546875,
        12.109375,
        1
      ],
      "mesh": 16
    },
    {
      "matrix": [
        -0.024734427279994975,
        0,
        0.9996940572530831,
        0,
        0,
        1,
        0,
        0,
        -0.9996940572530831,
        0,
        -0.024734427279994975,
        0,
        -125.109375,
        0.546875,
        20.5,
        1
      ],
      "mesh": 16
    },
    {
      "matrix": [
        0.8147933014790244,
        0,
        -0.5797515639176074,
        0,
        0,
        1,
        0,
        0,
        0.5797515639176074,
        0,
        0.8147933014790244,
        0,
        -125.8671875,
        1.2109375,
        26.5,
        1
      ],
      "mesh": 12
    },
    {
      "matrix": [
        1,
        0,
        0,
        0,
        0,
        1,
        0,
        0,
        0,
        0,
        1,
        0,
        -118.5,
        0.7421875,
        26.5,
        1
      ],
      "mesh": 13
    },
    {
      "matrix": [
        1,
        0,
        0,
        0,
        0,
        1,
        0,
        0,
        0,
        0,
        1,
        0,
        -118.5,
        0.7421875,
        27.6171875,
        1
      ],
      "mesh": 13
    },
    {
      "matrix": [
        0.8800926628551884,
        0,
        0.4748019637580112,
        0,
        0,
        1,
        0,
        0,
        -0.4748019637580112,
        0,
        0.8800926628551884,
        0,
        -107.5,
        0.6640625,
        27.5,
        1
      ],
      "mesh": 21
    },
    {
      "matrix": [
        0.8800926628551884,
        0,
        0.4748019637580112,
        0,
        0,
        1,
        0,
        0,
        -0.4748019637580112,
        0,
        0.8800926628551884,
        0,
        -107.5,
        0.6640625,
        26.5,
        1
      ],
      "mesh": 21
    },
    {
      "matrix": [
        1,
        0,
        0,
        0,
        0,
        1,
        0,
        0,
        0,
        0,
        1,
        0,
        -110.5,
        0.625,
        49.03125,
        1
      ],
      "mesh": 22
    },
    {
      "matrix": [
        0.4375,
        0,
        0,
        0,
        0,
        0.4375,
        0,
        0,
        0,
        0,
        0.4375,
        0,
        -120.6484375,
        1.484375,
        37.5,
        1
      ],
      "mesh": 23
    },
    {
      "matrix": [
        0.4375,
        0,
        0,
        0,
        0,
        0.4375,
        0,
        0,
        0,
        0,
        0.4375,
        0,
        -120.6484375,
        1.484375,
        41.5,
        1
      ],
      "mesh": 23
    },
    {
      "matrix": [
        1,
        0,
        0,
        0,
        0,
        1,
        0,
        0,
        0,
        0,
        1,
        0,
        -121.5,
        0.5078125,
        36.5,
        1
      ],
      "mesh": 14
    },
    {
      "matrix": [
        1,
        0,
        0,
        0,
        0,
        1,
        0,
        0,
        0,
        0,
        1,
        0,
        -119.5,
        0.5078125,
        36.5,
        1
      ],
      "mesh": 14
    },
    {
      "matrix": [
        1,
        0,
        0,
        0,
        0,
        1,
        0,
        0,
        0,
        0,
        1,
        0,
        -121.5,
        0.5078125,
        38.5,
        1
      ],
      "mesh": 14
    },
    {
      "matrix": [
        1,
        0,
        0,
        0,
        0,
        1,
        0,
        0,
        0,
        0,
        1,
        0,
        -119.5,
        0.5078125,
        38.5,
        1
      ],
      "mesh": 14
    },
    {
      "matrix": [
        1,
        0,
        0,
        0,
        0,
        1,
        0,
        0,
        0,
        0,
        1,
        0,
        -121.5,
        0.5078125,
        40.5,
        1
      ],
      "mesh": 14
    },
    {
      "matrix": [
        1,
        0,
        0,
        0,
        0,
        1,
        0,
        0,
        0,
        0,
        1,
        0,
        -119.5,
        0.5078125,
        40.5,
        1
      ],
      "mesh": 14
    },
    {
      "matrix": [
        1,
        0,
        0,
        0,
        0,
        1,
        0,
        0,
        0,
        0,
        1,
        0,
        -121.5,
        0.5078125,
        42.4453125,
        1
      ],
      "mesh": 14
    },
    {
      "matrix": [
        1,
        0,
        0,
        0,
        0,
        1,
        0,
        0,
        0,
        0,
        1,
        0,
        -119.5,
        0.5078125,
        42.4453125,
        1
      ],
      "mesh": 14
    },
    {
      "matrix": [
        1,
        0,
        0,
        0,
        0,
        1,
        0,
        0,
        0,
        0,
        1,
        0,
        -120.71875,
        0,
        37.28125,
        1
      ],
      "mesh": 17
    },
    {
      "matrix": [
        1,
        0,
        0,
        0,
        0,
        1,
        0,
        0,
        0,
        0,
        1,
        0,
        -120.71875,
        0,
        41.28125,
        1
      ],
      "mesh": 17
    },
    {
      "matrix": [
        1,
        0,
        0,
        0,
        0,
        1,
        0,
        0,
        0,
        0,
        1,
        0,
        -125.3984375,
        0.7421875,
        34.2890625,
        1
      ],
      "mesh": 24
    },
    {
      "matrix": [
        1,
        0,
        0,
        0,
        0,
        1,
        0,
        0,
        0,
        0,
        1,
        0,
        -125.3984375,
        0.7421875,
        35.2890625,
        1
      ],
      "mesh": 24
    },
    {
      "matrix": [
        1,
        0,
        0,
        0,
        0,
        1,
        0,
        0,
        0,
        0,
        1,
        0,
        -125.3984375,
        0.7421875,
        36.2890625,
        1
      ],
      "mesh": 24
    },
    {
      "matrix": [
        0.625,
        0,
        0,
        0,
        0,
        0.625,
        0,
        0,
        0,
        0,
        0.625,
        0,
        -113.28125,
        1.6796875,
        34.640625,
        1
      ],
      "mesh": 25
    },
    {
      "matrix": [
        0.625,
        0,
        0,
        0,
        0,
        0.625,
        0,
        0,
        0,
        0,
        0.625,
        0,
        -113.671875,
        1.6796875,
        34.03125,
        1
      ],
      "mesh": 25
    },
    {
      "matrix": [
        0.625,
        0,
        0,
        0,
        0,
        0.625,
        0,
        0,
        0,
        0,
        0.625,
        0,
        -113.28125,
        1.6796875,
        44.640625,
        1
      ],
      "mesh": 25
    },
    {
      "matrix": [
        0.625,
        0,
        0,
        0,
        0,
        0.625,
        0,
        0,
        0,
        0,
        0.625,
        0,
        -113.671875,
        1.6796875,
        44.03125,
        1
      ],
      "mesh": 25
    },
    {
      "matrix": [
        1,
        0,
        0,
        0,
        0,
        1,
        0,
        0,
        0,
        0,
        1,
        0,
        -113.5,
        0.46875,
        35.5,
        1
      ],
      "mesh": 14
    },
    {
      "matrix": [
        1,
        0,
        0,
        0,
        0,
        1,
        0,
        0,
        0,
        0,
        1,
        0,
        -113.5,
        0.46875,
        45.5,
        1
      ],
      "mesh": 14
    },
    {
      "matrix": [
        1,
        0,
        0,
        0,
        0,
        1,
        0,
        0,
        0,
        0,
        1,
        0,
        -113.5,
        0.46875,
        44.5,
        1
      ],
      "mesh": 15
    },
    {
      "matrix": [
        1,
        0,
        0,
        0,
        0,
        1,
        0,
        0,
        0,
        0,
        1,
        0,
        -113.5,
        0.46875,
        34.5,
        1
      ],
      "mesh": 15
    },
    {
      "matrix": [
        1,
        0,
        0,
        0,
        0,
        1,
        0,
        0,
        0,
        0,
        1,
        0,
        -110.5,
        0.15625,
        43.5,
        1
      ],
      "mesh": 19
    },
    {
      "matrix": [
        1,
        0,
        0,
        0,
        0,
        1,
        0,
        0,
        0,
        0,
        1,
        0,
        -110.5,
        0.15625,
        41.5,
        1
      ],
      "mesh": 19
    },
    {
      "matrix": [
        -0.9996940572530832,
        0,
        0.024734427279995138,
        0,
        0,
        1,
        0,
        0,
        -0.024734427279995138,
        0,
        -0.9996940572530832,
        0,
        -108.5,
        0.625,
        43.796875,
        1
      ],
      "mesh": 16
    },
    {
      "matrix": [
        1,
        0,
        0,
        0,
        0,
        1,
        0,
        0,
        0,
        0,
        1,
        0,
        -108.5,
        0.625,
        41.046875,
        1
      ],
      "mesh": 16
    },
    {
      "matrix": [
        0.7370451816173639,
        0,
        -0.6758434731908174,
        0,
        0,
        1,
        0,
        0,
        0.6758434731908174,
        0,
        0.7370451816173639,
        0,
        -116.640625,
        1.171875,
        63.6328125,
        1
      ],
      "mesh": 12
    },
    {
      "matrix": [
        0.855535072408516,
        0,
        0.5177448598286181,
        0,
        0,
        1,
        0,
        0,
        -0.5177448598286181,
        0,
        0.855535072408516,
        0,
        -116.71875,
        0.8984375,
        48.5234375,
        1
      ],
      "mesh": 12
    },
    {
      "matrix": [
        -0.9987764162142614,
        0,
        -0.04945371992273924,
        0,
        0,
        1,
        0,
        0,
        0.04945371992273924,
        0,
        -0.9987764162142614,
        0,
        -119.5,
        0.390625,
        81.5,
        1
      ],
      "mesh": 26
    },
    {
      "matrix": [
        1,
        0,
        0,
        0,
        0,
        1,
        0,
        0,
        0,
        0,
        1,
        0,
        -114.0703125,
        0.4296875,
        71.5,
        1
      ],
      "mesh": 11
    },
    {
      "matrix": [
        1,
        0,
        0,
        0,
        0,
        1,
        0,
        0,
        0,
        0,
        1,
        0,
        -110.671875,
        1.6796875,
        77.5,
        1
      ],
      "mesh": 27
    },
    {
      "matrix": [
        0.75,
        0,
        0,
        0,
        0,
        0.75,
        0,
        0,
        0,
        0,
        0.75,
        0,
        -110.5,
        0.78125,
        77.5,
        1
      ],
      "mesh": 15
    },
    {
      "matrix": [
        -0.03709691109260538,
        0,
        -0.9993116726964553,
        0,
        0,
        1,
        0,
        0,
        0.9993116726964553,
        0,
        -0.03709691109260538,
        0,
        -111.5,
        0.1953125,
        73.5,
        1
      ],
      "mesh": 19
    },
    {
      "matrix": [
        -0.03709691109260538,
        0,
        -0.9993116726964553,
        0,
        0,
        1,
        0,
        0,
        0.9993116726964553,
        0,
        -0.03709691109260538,
        0,
        -111.5,
        0.1953125,
        81.5,
        1
      ],
      "mesh": 19
    },
    {
      "matrix": [
        -0.03709691109260538,
        0,
        -0.9993116726964553,
        0,
        0,
        1,
        0,
        0,
        0.9993116726964553,
        0,
        -0.03709691109260538,
        0,
        -111.5,
        0.1953125,
        89.5,
        1
      ],
      "mesh": 19
    },
    {
      "matrix": [
        -0.08647119949074589,
        0,
        0.996254350885672,
        0,
        0,
        1,
        0,
        0,
        -0.996254350885672,
        0,
        -0.08647119949074589,
        0,
        -110.9921875,
        0.5859375,
        71.5,
        1
      ],
      "mesh": 16
    },
    {
      "matrix": [
        -0.08647119949074589,
        0,
        0.996254350885672,
        0,
        0,
        1,
        0,
        0,
        -0.996254350885672,
        0,
        -0.08647119949074589,
        0,
        -110.9921875,
        0.5859375,
        79.5,
        1
      ],
      "mesh": 16
    },
    {
      "matrix": [
        -0.08647119949074589,
        0,
        0.996254350885672,
        0,
        0,
        1,
        0,
        0,
        -0.996254350885672,
        0,
        -0.08647119949074589,
        0,
        -110.9921875,
        0.5859375,
        87.5,
        1
      ],
      "mesh": 16
    },
    {
      "matrix": [
        -1,
        0,
        -1.2246467991473532e-16,
        0,
        0,
        1,
        0,
        0,
        1.2246467991473532e-16,
        0,
        -1,
        0,
        -57.5,
        0.46875,
        76.0703125,
        1
      ],
      "mesh": 28
    },
    {
      "matrix": [
        -1,
        0,
        -1.2246467991473532e-16,
        0,
        0,
        1,
        0,
        0,
        1.2246467991473532e-16,
        0,
        -1,
        0,
        -55.5,
        0.46875,
        76.0703125,
        1
      ],
      "mesh": 28
    },
    {
      "matrix": [
        0.08647119949074578,
        0,
        0.996254350885672,
        0,
        0,
        1,
        0,
        0,
        -0.996254350885672,
        0,
        0.08647119949074578,
        0,
        -59.96875,
        0.546875,
        78.5,
        1
      ],
      "mesh": 29
    },
    {
      "matrix": [
        0.08647119949074578,
        0,
        0.996254350885672,
        0,
        0,
        1,
        0,
        0,
        -0.996254350885672,
        0,
        0.08647119949074578,
        0,
        -59.96875,
        0.546875,
        82.5,
        1
      ],
      "mesh": 29
    },
    {
      "matrix": [
        0.6480361721016052,
        0,
        -0.7616095585323878,
        0,
        0,
        1,
        0,
        0,
        0.7616095585323878,
        0,
        0.6480361721016052,
        0,
        -56.59375,
        1.171875,
        69.5,
        1
      ],
      "mesh": 12
    },
    {
      "matrix": [
        -0.9890057044881309,
        0,
        0.14787736976946897,
        0,
        0,
        1,
        0,
        0,
        -0.14787736976946897,
        0,
        -0.9890057044881309,
        0,
        -61.5,
        0.4296875,
        69.03125,
        1
      ],
      "mesh": 28
    },
    {
      "matrix": [
        -0.9890057044881309,
        0,
        0.14787736976946897,
        0,
        0,
        1,
        0,
        0,
        -0.14787736976946897,
        0,
        -0.9890057044881309,
        0,
        -59.5,
        0.4296875,
        69.03125,
        1
      ],
      "mesh": 28
    },
    {
      "matrix": [
        -0.9996940572530832,
        0,
        -0.024734427279995138,
        0,
        0,
        1,
        0,
        0,
        0.024734427279995138,
        0,
        -0.9996940572530832,
        0,
        -51.9140625,
        0.3515625,
        77.5234375,
        1
      ],
      "mesh": 11
    },
    {
      "matrix": [
        -0.03709691109260538,
        0,
        -0.9993116726964553,
        0,
        0,
        1,
        0,
        0,
        0.9993116726964553,
        0,
        -0.03709691109260538,
        0,
        -54.5,
        0.625,
        88.5,
        1
      ],
      "mesh": 18
    },
    {
      "matrix": [
        -0.03709691109260538,
        0,
        -0.9993116726964553,
        0,
        0,
        1,
        0,
        0,
        0.9993116726964553,
        0,
        -0.03709691109260538,
        0,
        -54.5,
        0.625,
        91.5,
        1
      ],
      "mesh": 18
    },
    {
      "matrix": [
        0.05944894964988772,
        0,
        -0.6849248662338996,
        0,
        0,
        0.6875,
        0,
        0,
        0.6849248662338996,
        0,
        0.05944894964988772,
        0,
        -25.0703125,
        2.265625,
        78.5,
        1
      ],
      "mesh": 30
    },
    {
      "matrix": [
        1,
        0,
        0,
        0,
        0,
        1,
        0,
        0,
        0,
        0,
        1,
        0,
        -25.8515625,
        0.8203125,
        81.9296875,
        1
      ],
      "mesh": 24
    },
    {
      "matrix": [
        1,
        0,
        0,
        0,
        0,
        1,
        0,
        0,
        0,
        0,
        1,
        0,
        -25.8515625,
        0.8203125,
        80.5,
        1
      ],
      "mesh": 24
    },
    {
      "matrix": [
        0.8125,
        0,
        0,
        0,
        0,
        0.8125,
        0,
        0,
        0,
        0,
        0.8125,
        0,
        -31.71875,
        1.953125,
        81.3359375,
        1
      ],
      "mesh": 27
    },
    {
      "matrix": [
        0.8125,
        0,
        0,
        0,
        0,
        0.8125,
        0,
        0,
        0,
        0,
        0.8125,
        0,
        -31.84375,
        1.953125,
        77.0390625,
        1
      ],
      "mesh": 27
    },
    {
      "matrix": [
        -0.020867012489590525,
        0,
        -0.5621128158917561,
        0,
        0,
        0.5625,
        0,
        0,
        0.5621128158917561,
        0,
        -0.020867012489590525,
        0,
        -31.3828125,
        1.640625,
        79.265625,
        1
      ],
      "mesh": 23
    },
    {
      "matrix": [
        0.875,
        0,
        0,
        0,
        0,
        0.875,
        0,
        0,
        0,
        0,
        0.875,
        0,
        -30.8125,
        1.875,
        80.4140625,
        1
      ],
      "mesh": 31
    },
    {
      "matrix": [
        0.875,
        0,
        0,
        0,
        0,
        0.875,
        0,
        0,
        0,
        0,
        0.875,
        0,
        -31.8125,
        1.875,
        80.4140625,
        1
      ],
      "mesh": 31
    },
    {
      "matrix": [
        0.875,
        0,
        0,
        0,
        0,
        0.875,
        0,
        0,
        0,
        0,
        0.875,
        0,
        -31.8125,
        1.875,
        78.0859375,
        1
      ],
      "mesh": 31
    },
    {
      "matrix": [
        0.875,
        0,
        0,
        0,
        0,
        0.875,
        0,
        0,
        0,
        0,
        0.875,
        0,
        -30.8125,
        1.875,
        78.0859375,
        1
      ],
      "mesh": 31
    },
    {
      "matrix": [
        0.8147933014790244,
        0,
        0.5797515639176074,
        0,
        0,
        1,
        0,
        0,
        -0.5797515639176074,
        0,
        0.8147933014790244,
        0,
        -11.5,
        0.546875,
        80.5,
        1
      ],
      "mesh": 21
    },
    {
      "matrix": [
        0.8147933014790244,
        0,
        0.5797515639176074,
        0,
        0,
        1,
        0,
        0,
        -0.5797515639176074,
        0,
        0.8147933014790244,
        0,
        -10.5,
        0.546875,
        80.5,
        1
      ],
      "mesh": 21
    },
    {
      "matrix": [
        0.5625,
        0,
        0,
        0,
        0,
        0.5625,
        0,
        0,
        0,
        0,
        0.5625,
        0,
        -11.359375,
        1.6015625,
        72.328125,
        1
      ],
      "mesh": 25
    },
    {
      "matrix": [
        0.5625,
        0,
        0,
        0,
        0,
        0.5625,
        0,
        0,
        0,
        0,
        0.5625,
        0,
        -10.359375,
        1.6015625,
        73.109375,
        1
      ],
      "mesh": 25
    },
    {
      "matrix": [
        0.6480361721016052,
        0,
        -0.7616095585323878,
        0,
        0,
        1,
        0,
        0,
        0.7616095585323878,
        0,
        0.6480361721016052,
        0,
        -11.0625,
        1.6796875,
        70.15625,
        1
      ],
      "mesh": 27
    },
    {
      "matrix": [
        1,
        0,
        0,
        0,
        0,
        1,
        0,
        0,
        0,
        0,
        1,
        0,
        -10.125,
        1.9140625,
        71.328125,
        1
      ],
      "mesh": 31
    },
    {
      "matrix": [
        0.8800926628551884,
        0,
        0.4748019637580112,
        0,
        0,
        1,
        0,
        0,
        -0.4748019637580112,
        0,
        0.8800926628551884,
        0,
        -8.5,
        0.625,
        70.5,
        1
      ],
      "mesh": 32
    },
    {
      "matrix": [
        0.9319455943394346,
        0,
        -0.362598137324667,
        0,
        0,
        1,
        0,
        0,
        0.362598137324667,
        0,
        0.9319455943394346,
        0,
        -8.71875,
        0.5859375,
        82.890625,
        1
      ],
      "mesh": 33
    },
    {
      "matrix": [
        1,
        0,
        0,
        0,
        0,
        1,
        0,
        0,
        0,
        0,
        1,
        0,
        -10.5,
        0.5859375,
        82.890625,
        1
      ],
      "mesh": 33
    },
    {
      "matrix": [
        0.6875,
        0,
        0,
        0,
        0,
        0.6875,
        0,
        0,
        0,
        0,
        0.6875,
        0,
        -9.2421875,
        1.328125,
        92.3359375,
        1
      ],
      "mesh": 25
    },
    {
      "matrix": [
        0.6875,
        0,
        0,
        0,
        0,
        0.6875,
        0,
        0,
        0,
        0,
        0.6875,
        0,
        -8.2421875,
        1.328125,
        91.9453125,
        1
      ],
      "mesh": 25
    },
    {
      "matrix": [
        1,
        0,
        0,
        0,
        0,
        1,
        0,
        0,
        0,
        0,
        1,
        0,
        -8.5,
        0,
        92.0859375,
        1
      ],
      "mesh": 17
    },
    {
      "matrix": [
        -0.912873454093249,
        0,
        -0.4082426445287906,
        0,
        0,
        1,
        0,
        0,
        0.4082426445287906,
        0,
        -0.912873454093249,
        0,
        -19.5,
        1.171875,
        100.90625,
        1
      ],
      "mesh": 12
    },
    {
      "matrix": [
        1,
        0,
        0,
        0,
        0,
        1,
        0,
        0,
        0,
        0,
        1,
        0,
        -14.1015625,
        0.625,
        91.5,
        1
      ],
      "mesh": 13
    },
    {
      "matrix": [
        1,
        0,
        0,
        0,
        0,
        1,
        0,
        0,
        0,
        0,
        1,
        0,
        -18.0703125,
        0.625,
        91.5,
        1
      ],
      "mesh": 13
    },
    {
      "matrix": [
        1,
        0,
        0,
        0,
        0,
        1,
        0,
        0,
        0,
        0,
        1,
        0,
        -19.5,
        0.625,
        91.5,
        1
      ],
      "mesh": 13
    },
    {
      "matrix": [
        1,
        0,
        0,
        0,
        0,
        1,
        0,
        0,
        0,
        0,
        1,
        0,
        -22.125,
        0.4296875,
        106.5,
        1
      ],
      "mesh": 11
    },
    {
      "matrix": [
        1,
        0,
        0,
        0,
        0,
        1,
        0,
        0,
        0,
        0,
        1,
        0,
        -22.0859375,
        0.4296875,
        101.5,
        1
      ],
      "mesh": 11
    },
    {
      "matrix": [
        1,
        0,
        0,
        0,
        0,
        1,
        0,
        0,
        0,
        0,
        1,
        0,
        -16.5390625,
        1.640625,
        103.328125,
        1
      ],
      "mesh": 27
    },
    {
      "matrix": [
        1,
        0,
        0,
        0,
        0,
        1,
        0,
        0,
        0,
        0,
        1,
        0,
        -16.5,
        0.546875,
        103.2265625,
        1
      ],
      "mesh": 15
    },
    {
      "matrix": [
        -0.03709691109260538,
        0,
        -0.9993116726964553,
        0,
        0,
        1,
        0,
        0,
        0.9993116726964553,
        0,
        -0.03709691109260538,
        0,
        -16.640625,
        0.1953125,
        106.65625,
        1
      ],
      "mesh": 19
    },
    {
      "matrix": [
        -0.9987764162142614,
        0,
        -0.04945371992273924,
        0,
        0,
        1,
        0,
        0,
        0.04945371992273924,
        0,
        -0.9987764162142614,
        0,
        -93.5,
        0.703125,
        96.953125,
        1
      ],
      "mesh": 16
    },
    {
      "matrix": [
        1,
        0,
        0,
        0,
        0,
        1,
        0,
        0,
        0,
        0,
        1,
        0,
        -115.9375,
        1.640625,
        100.4765625,
        1
      ],
      "mesh": 27
    },
    {
      "matrix": [
        0.8971005572818211,
        0,
        -0.4418264253353867,
        0,
        0,
        1,
        0,
        0,
        0.4418264253353867,
        0,
        0.8971005572818211,
        0,
        -115.9375,
        1.640625,
        102.5,
        1
      ],
      "mesh": 27
    },
    {
      "matrix": [
        1,
        0,
        0,
        0,
        0,
        1,
        0,
        0,
        0,
        0,
        1,
        0,
        -116.328125,
        1.796875,
        103.28125,
        1
      ],
      "mesh": 31
    },
    {
      "matrix": [
        1,
        0,
        0,
        0,
        0,
        1,
        0,
        0,
        0,
        0,
        1,
        0,
        -116.328125,
        1.796875,
        99.71875,
        1
      ],
      "mesh": 31
    },
    {
      "matrix": [
        -0.9987764162142614,
        0,
        -0.04945371992273924,
        0,
        0,
        1,
        0,
        0,
        0.04945371992273924,
        0,
        -0.9987764162142614,
        0,
        -116.5,
        0.5859375,
        104.0859375,
        1
      ],
      "mesh": 32
    },
    {
      "matrix": [
        1,
        0,
        0,
        0,
        0,
        1,
        0,
        0,
        0,
        0,
        1,
        0,
        -116.5,
        0.5859375,
        98.9921875,
        1
      ],
      "mesh": 32
    },
    {
      "matrix": [
        1,
        0,
        0,
        0,
        0,
        1,
        0,
        0,
        0,
        0,
        1,
        0,
        -104.578125,
        0.6640625,
        96.578125,
        1
      ],
      "mesh": 13
    },
    {
      "matrix": [
        1,
        0,
        0,
        0,
        0,
        1,
        0,
        0,
        0,
        0,
        1,
        0,
        -83.5,
        1.3671875,
        106.6875,
        1
      ],
      "mesh": 27
    },
    {
      "matrix": [
        1,
        0,
        0,
        0,
        0,
        1,
        0,
        0,
        0,
        0,
        1,
        0,
        -83.890625,
        1.3671875,
        107.6875,
        1
      ],
      "mesh": 27
    },
    {
      "matrix": [
        1,
        0,
        0,
        0,
        0,
        1,
        0,
        0,
        0,
        0,
        1,
        0,
        -84.203125,
        1.5234375,
        107.0625,
        1
      ],
      "mesh": 31
    },
    {
      "matrix": [
        1,
        0,
        0,
        0,
        0,
        1,
        0,
        0,
        0,
        0,
        1,
        0,
        -82.4609375,
        1.5234375,
        107.0625,
        1
      ],
      "mesh": 31
    },
    {
      "matrix": [
        0.75,
        0,
        0,
        0,
        0,
        0.75,
        0,
        0,
        0,
        0,
        0.75,
        0,
        -84.34375,
        1.953125,
        97.71875,
        1
      ],
      "mesh": 25
    },
    {
      "matrix": [
        -0.9996940572530832,
        0,
        -0.024734427279995138,
        0,
        0,
        1,
        0,
        0,
        0.024734427279995138,
        0,
        -0.9996940572530832,
        0,
        -121.9921875,
        0.3125,
        103.5,
        1
      ],
      "mesh": 11
    },
    {
      "matrix": [
        -0.9996940572530832,
        0,
        -0.024734427279995138,
        0,
        0,
        1,
        0,
        0,
        0.024734427279995138,
        0,
        -0.9996940572530832,
        0,
        -112.953125,
        0.3125,
        99.5,
        1
      ],
      "mesh": 11
    },
    {
      "matrix": [
        -0.9996940572530832,
        0,
        -0.024734427279995138,
        0,
        0,
        1,
        0,
        0,
        0.024734427279995138,
        0,
        -0.9996940572530832,
        0,
        -97.9921875,
        0.3125,
        104.3984375,
        1
      ],
      "mesh": 11
    },
    {
      "matrix": [
        -0.9996940572530832,
        0,
        -0.024734427279995138,
        0,
        0,
        1,
        0,
        0,
        0.024734427279995138,
        0,
        -0.9996940572530832,
        0,
        -86.953125,
        0.3125,
        99.5,
        1
      ],
      "mesh": 11
    },
    {
      "matrix": [
        -0.9996940572530832,
        0,
        -0.024734427279995138,
        0,
        0,
        1,
        0,
        0,
        0.024734427279995138,
        0,
        -0.9996940572530832,
        0,
        -86.9140625,
        0.3125,
        103.5,
        1
      ],
      "mesh": 11
    },
    {
      "matrix": [
        0.5491261904230725,
        0.8173329827942122,
        -0.1744340053663832,
        0,
        -5.551115123125783e-17,
        0.2087181663233354,
        0.9779758315248003,
        0,
        0.8357394492253213,
        -0.5370321426910502,
        0.1146126115452224,
        0,
        -53.5,
        0.703125,
        123.5,
        1
      ],
      "mesh": 14
    },
    {
      "matrix": [
        -0.03709691109260538,
        0,
        -0.9993116726964553,
        0,
        0,
        1,
        0,
        0,
        0.9993116726964553,
        0,
        -0.03709691109260538,
        0,
        -54.359375,
        0,
        121.5,
        1
      ],
      "mesh": 17
    },
    {
      "matrix": [
        0.5625,
        0,
        0,
        0,
        0,
        0.5625,
        0,
        0,
        0,
        0,
        0.5625,
        0,
        -36.0625,
        1.875,
        118.5,
        1
      ],
      "mesh": 25
    },
    {
      "matrix": [
        1,
        0,
        0,
        0,
        0,
        1,
        0,
        0,
        0,
        0,
        1,
        0,
        -32.5,
        0.625,
        124.5,
        1
      ],
      "mesh": 16
    },
    {
      "matrix": [
        -0.49070341383740945,
        -0.3820924859390461,
        -0.06197170190685473,
        0,
        -3.469446951953614e-17,
        -0.10006139955987328,
        0.6169381786841526,
        0,
