{
  "asset": {
    "version": "2.0",
    "generator": "THREE.GLTFExporter"
  },
  "scenes": [
    {
      "nodes": [
        114
      ]
    }
  ],
  "scene": 0,
  "nodes": [
    {
      "mesh": 0
    },
    {
      "mesh": 1
    },
    {
      "mesh": 2
    },
    {
      "mesh": 3
    },
    {
      "mesh": 4
    },
    {
      "mesh": 5
    },
    {
      "mesh": 6
    },
    {
      "mesh": 7
    },
    {
      "mesh": 8
    },
    {
      "mesh": 9
    },
    {
      "mesh": 10
    },
    {
      "mesh": 11
    },
    {
      "mesh": 12
    },
    {
      "mesh": 13
    },
    {
      "mesh": 14
    },
    {
      "mesh": 15
    },
    {
      "mesh": 16
    },
    {
      "matrix": [
        -0.03709691109260538,
        0,
        0.9993116726964553,
        0,
        0,
        1,
        0,
        0,
        -0.9993116726964553,
        0,
        -0.03709691109260538,
        0,
        -3.03125,
        0.234375,
        84.890625,
        1
      ],
      "mesh": 17
    },
    {
      "matrix": [
        -0.03709691109260538,
        0,
        -0.9993116726964553,
        0,
        0,
        1,
        0,
        0,
        0.9993116726964553,
        0,
        -0.03709691109260538,
        0,
        -12.03125,
        5.1953125,
        35.5,
        1
      ],
      "mesh": 18
    },
    {
      "matrix": [
        0.06180296346008418,
        0,
        -0.9980883696885519,
        0,
        0,
        1,
        0,
        0,
        0.9980883696885519,
        0,
        0.06180296346008418,
        0,
        -12.03125,
        5.1171875,
        52.5,
        1
      ],
      "mesh": 18
    },
    {
      "matrix": [
        2.220446049250313e-16,
        0,
        1,
        0,
        0,
        1,
        0,
        0,
        -1,
        0,
        2.220446049250313e-16,
        0,
        -46.96875,
        5.234375,
        43.5,
        1
      ],
      "mesh": 18
    },
    {
      "matrix": [
        1,
        0,
        0,
        0,
        0,
        1,
        0,
        0,
        0,
        0,
        1,
        0,
        -26.5,
        2.734375,
        37.96875,
        1
      ],
      "mesh": 19
    },
    {
      "matrix": [
        -0.9996940572530832,
        0,
        -0.024734427279995138,
        0,
        0,
        1,
        0,
        0,
        0.024734427279995138,
        0,
        -0.9996940572530832,
        0,
        -20.5390625,
        7.421875,
        33.03125,
        1
      ],
      "mesh": 19
    },
    {
      "matrix": [
        1,
        0,
        0,
        0,
        0,
        1,
        0,
        0,
        0,
        0,
        1,
        0,
        -20.5,
        2.734375,
        37.96875,
        1
      ],
      "mesh": 19
    },
    {
      "matrix": [
        -0.9933071518253773,
        0,
        -0.11550282305016034,
        0,
        0,
        1,
        0,
        0,
        0.11550282305016034,
        0,
        -0.9933071518253773,
        0,
        -7.9296875,
        -0.01171875,
        113.546875,
        1
      ],
      "mesh": 20
    },
    {
      "matrix": [
        -0.9933071518253773,
        0,
        -0.11550282305016034,
        0,
        0,
        1,
        0,
        0,
        0.11550282305016034,
        0,
        -0.9933071518253773,
        0,
        -7.9296875,
        -0.01171875,
        113.546875,
        1
      ],
      "mesh": 20
    },
    {
      "matrix": [
        1,
        0,
        0,
        0,
        0,
        1,
        0,
        0,
        0,
        0,
        1,
        0,
        -124.96875,
        7.34375,
        71.5,
        1
      ],
      "mesh": 21
    },
    {
      "matrix": [
        1,
        0,
        0,
        0,
        0,
        1,
        0,
        0,
        0,
        0,
        1,
        0,
        -124.96875,
        7.34375,
        67.5,
        1
      ],
      "mesh": 21
    },
    {
      "matrix": [
        1,
        0,
        0,
        0,
        0,
        1,
        0,
        0,
        0,
        0,
        1,
        0,
        -11.5,
        2.734375,
        125.96875,
        1
      ],
      "mesh": 19
    },
    {
      "matrix": [
        0.08647119949074578,
        0,
        -0.996254350885672,
        0,
        0,
        1,
        0,
        0,
        0.996254350885672,
        0,
        0.08647119949074578,
        0,
        -3.03125,
        2.734375,
        117.5,
        1
      ],
      "mesh": 19
    },
    {
      "matrix": [
        1,
        0,
        0,
        0,
        0,
        1,
        0,
        0,
        0,
        0,
        1,
        0,
        -11.5,
        2.734375,
        112.96875,
        1
      ],
      "mesh": 19
    },
    {
      "matrix": [
        0.08647119949074578,
        0,
        0.996254350885672,
        0,
        0,
        1,
        0,
        0,
        -0.996254350885672,
        0,
        0.08647119949074578,
        0,
        -18.96875,
        2.734375,
        115.5,
        1
      ],
      "mesh": 19
    },
    {
      "matrix": [
        1,
        0,
        0,
        0,
        0,
        1,
        0,
        0,
        0,
        0,
        1,
        0,
        -23.5,
        2.734375,
        120.96875,
        1
      ],
      "mesh": 19
    },
    {
      "matrix": [
        1,
        0,
        0,
        0,
        0,
        1,
        0,
        0,
        0,
        0,
        1,
        0,
        -32.5,
        2.734375,
        120.96875,
        1
      ],
      "mesh": 19
    },
    {
      "matrix": [
        1,
        0,
        0,
        0,
        0,
        1,
        0,
        0,
        0,
        0,
        1,
        0,
        -40.5,
        2.734375,
        120.96875,
        1
      ],
      "mesh": 19
    },
    {
      "matrix": [
        1,
        0,
        0,
        0,
        0,
        1,
        0,
        0,
        0,
        0,
        1,
        0,
        -49.5,
        2.734375,
        120.96875,
        1
      ],
      "mesh": 19
    },
    {
      "matrix": [
        0.08647119949074578,
        0,
        0.996254350885672,
        0,
        0,
        1,
        0,
        0,
        -0.996254350885672,
        0,
        0.08647119949074578,
        0,
        -55.96875,
        2.734375,
        114.5,
        1
      ],
      "mesh": 19
    },
    {
      "matrix": [
        0.08647119949074578,
        0,
        -0.996254350885672,
        0,
        0,
        1,
        0,
        0,
        0.996254350885672,
        0,
        0.08647119949074578,
        0,
        -11.03125,
        2.734375,
        102.5,
        1
      ],
      "mesh": 19
    },
    {
      "matrix": [
        0.08647119949074578,
        0,
        -0.996254350885672,
        0,
        0,
        1,
        0,
        0,
        0.996254350885672,
        0,
        0.08647119949074578,
        0,
        -11.03125,
        2.734375,
        92.5,
        1
      ],
      "mesh": 19
    },
    {
      "matrix": [
        0.08647119949074578,
        0,
        -0.996254350885672,
        0,
        0,
        1,
        0,
        0,
        0.996254350885672,
        0,
        0.08647119949074578,
        0,
        -47.03125,
        2.734375,
        105.5,
        1
      ],
      "mesh": 19
    },
    {
      "matrix": [
        0.08647119949074578,
        0,
        -0.996254350885672,
        0,
        0,
        1,
        0,
        0,
        0.996254350885672,
        0,
        0.08647119949074578,
        0,
        -47.03125,
        2.734375,
        97.5,
        1
      ],
      "mesh": 19
    },
    {
      "matrix": [
        0.08647119949074578,
        0,
        -0.996254350885672,
        0,
        0,
        1,
        0,
        0,
        0.996254350885672,
        0,
        0.08647119949074578,
        0,
        -47.03125,
        2.734375,
        88.5,
        1
      ],
      "mesh": 19
    },
    {
      "matrix": [
        1,
        0,
        0,
        0,
        0,
        1,
        0,
        0,
        0,
        0,
        1,
        0,
        -7.5,
        2.734375,
        87.96875,
        1
      ],
      "mesh": 19
    },
    {
      "matrix": [
        -0.9996940572530832,
        0,
        -0.024734427279995138,
        0,
        0,
        1,
        0,
        0,
        0.024734427279995138,
        0,
        -0.9996940572530832,
        0,
        -12.5390625,
        2.734375,
        81.03125,
        1
      ],
      "mesh": 19
    },
    {
      "matrix": [
        0.08647119949074578,
        0,
        -0.996254350885672,
        0,
        0,
        1,
        0,
        0,
        0.996254350885672,
        0,
        0.08647119949074578,
        0,
        -2.03125,
        2.734375,
        81.5,
        1
      ],
      "mesh": 19
    },
    {
      "matrix": [
        -0.9996940572530832,
        0,
        -0.024734427279995138,
        0,
        0,
        1,
        0,
        0,
        0.024734427279995138,
        0,
        -0.9996940572530832,
        0,
        -6.5390625,
        2.734375,
        75.03125,
        1
      ],
      "mesh": 19
    },
    {
      "matrix": [
        -0.9996940572530832,
        0,
        -0.024734427279995138,
        0,
        0,
        1,
        0,
        0,
        0.024734427279995138,
        0,
        -0.9996940572530832,
        0,
        -16.5390625,
        2.734375,
        75.03125,
        1
      ],
      "mesh": 19
    },
    {
      "matrix": [
        -0.9996940572530832,
        0,
        -0.024734427279995138,
        0,
        0,
        1,
        0,
        0,
        0.024734427279995138,
        0,
        -0.9996940572530832,
        0,
        -24.5390625,
        2.734375,
        75.03125,
        1
      ],
      "mesh": 19
    },
    {
      "matrix": [
        0.08647119949074578,
        0,
        -0.996254350885672,
        0,
        0,
        1,
        0,
        0,
        0.996254350885672,
        0,
        0.08647119949074578,
        0,
        -28.03125,
        2.734375,
        72.5,
        1
      ],
      "mesh": 19
    },
    {
      "matrix": [
        0.08647119949074578,
        0,
        -0.996254350885672,
        0,
        0,
        1,
        0,
        0,
        0.996254350885672,
        0,
        0.08647119949074578,
        0,
        -28.03125,
        2.734375,
        65.5,
        1
      ],
      "mesh": 19
    },
    {
      "matrix": [
        0.08647119949074578,
        0,
        -0.996254350885672,
        0,
        0,
        1,
        0,
        0,
        0.996254350885672,
        0,
        0.08647119949074578,
        0,
        -27.9921875,
        6.640625,
        57.5,
        1
      ],
      "mesh": 19
    },
    {
      "matrix": [
        -0.9996940572530832,
        0,
        -0.024734427279995138,
        0,
        0,
        1,
        0,
        0,
        0.024734427279995138,
        0,
        -0.9996940572530832,
        0,
        -20.5390625,
        7.421875,
        50.03125,
        1
      ],
      "mesh": 19
    },
    {
      "matrix": [
        1,
        0,
        0,
        0,
        0,
        1,
        0,
        0,
        0,
        0,
        1,
        0,
        -20.5,
        2.734375,
        54.96875,
        1
      ],
      "mesh": 19
    },
    {
      "matrix": [
        1,
        0,
        0,
        0,
        0,
        1,
        0,
        0,
        0,
        0,
        1,
        0,
        -26.5,
        2.734375,
        54.96875,
        1
      ],
      "mesh": 19
    },
    {
      "matrix": [
        -0.9996940572530832,
        0,
        -0.024734427279995138,
        0,
        0,
        1,
        0,
        0,
        0.024734427279995138,
        0,
        -0.9996940572530832,
        0,
        -26.5390625,
        7.421875,
        50.03125,
        1
      ],
      "mesh": 19
    },
    {
      "matrix": [
        0.08647119949074578,
        0,
        -0.996254350885672,
        0,
        0,
        1,
        0,
        0,
        0.996254350885672,
        0,
        0.08647119949074578,
        0,
        -28.03125,
        7.421875,
        43.5,
        1
      ],
      "mesh": 19
    },
    {
      "matrix": [
        1,
        0,
        0,
        0,
        0,
        1,
        0,
        0,
        0,
        0,
        1,
        0,
        -32.5,
        2.734375,
        45.96875,
        1
      ],
      "mesh": 19
    },
    {
      "matrix": [
        -0.9996940572530832,
        0,
        -0.024734427279995138,
        0,
        0,
        1,
        0,
        0,
        0.024734427279995138,
        0,
        -0.9996940572530832,
        0,
        -32.5390625,
        7.421875,
        41.03125,
        1
      ],
      "mesh": 19
    },
    {
      "matrix": [
        -0.9996940572530832,
        0,
        -0.024734427279995138,
        0,
        0,
        1,
        0,
        0,
        0.024734427279995138,
        0,
        -0.9996940572530832,
        0,
        -38.5390625,
        7.421875,
        41.03125,
        1
      ],
      "mesh": 19
    },
    {
      "matrix": [
        1,
        0,
        0,
        0,
        0,
        1,
        0,
        0,
        0,
        0,
        1,
        0,
        -38.5,
        2.734375,
        45.96875,
        1
      ],
      "mesh": 19
    },
    {
      "matrix": [
        -0.9996940572530832,
        0,
        -0.024734427279995138,
        0,
        0,
        1,
        0,
        0,
        0.024734427279995138,
        0,
        -0.9996940572530832,
        0,
        -26.5390625,
        7.421875,
        33.03125,
        1
      ],
      "mesh": 19
    },
    {
      "matrix": [
        0.08647119949074578,
        0,
        -0.996254350885672,
        0,
        0,
        1,
        0,
        0,
        0.996254350885672,
        0,
        0.08647119949074578,
        0,
        -28.03125,
        6.25,
        29.5,
        1
      ],
      "mesh": 19
    },
    {
      "matrix": [
        0.08647119949074578,
        0,
        -0.996254350885672,
        0,
        0,
        1,
        0,
        0,
        0.996254350885672,
        0,
        0.08647119949074578,
        0,
        -28.03125,
        2.734375,
        20.5,
        1
      ],
      "mesh": 19
    },
    {
      "matrix": [
        0.08647119949074578,
        0,
        -0.996254350885672,
        0,
        0,
        1,
        0,
        0,
        0.996254350885672,
        0,
        0.08647119949074578,
        0,
        -19.03125,
        2.734375,
        8.5,
        1
      ],
      "mesh": 19
    },
    {
      "matrix": [
        -0.9850454633172632,
        0,
        -0.17229461743791677,
        0,
        0,
        1,
        0,
        0,
        0.17229461743791677,
        0,
        -0.9850454633172632,
        0,
        -29.5,
        2.734375,
        2.03125,
        1
      ],
      "mesh": 19
    },
    {
      "matrix": [
        1,
        0,
        0,
        0,
        0,
        1,
        0,
        0,
        0,
        0,
        1,
        0,
        -43.953125,
        1.171875,
        10.96875,
        1
      ],
      "mesh": 19
    },
    {
      "matrix": [
        1,
        0,
        0,
        0,
        0,
        1,
        0,
        0,
        0,
        0,
        1,
        0,
        -66.421875,
        -4.296875,
        10.96875,
        1
      ],
      "mesh": 19
    },
    {
      "matrix": [
        -0.03709691109260538,
        0,
        0.9993116726964553,
        0,
        0,
        1,
        0,
        0,
        -0.9993116726964553,
        0,
        -0.03709691109260538,
        0,
        -98.96875,
        -3.515625,
        9.5,
        1
      ],
      "mesh": 19
    },
    {
      "matrix": [
        1,
        0,
        0,
        0,
        0,
        1,
        0,
        0,
        0,
        0,
        1,
        0,
        -83.421875,
        -4.296875,
        11.96875,
        1
      ],
      "mesh": 19
    },
    {
      "matrix": [
        -0.9987764162142614,
        0,
        -0.04945371992273924,
        0,
        0,
        1,
        0,
        0,
        0.04945371992273924,
        0,
        -0.9987764162142614,
        0,
        -83.6171875,
        -4.296875,
        7.03125,
        1
      ],
      "mesh": 19
    },
    {
      "matrix": [
        1,
        0,
        0,
        0,
        0,
        1,
        0,
        0,
        0,
        0,
        1,
        0,
        -56.421875,
        -4.296875,
        10.96875,
        1
      ],
      "mesh": 19
    },
    {
      "matrix": [
        1,
        0,
        0,
        0,
        0,
        1,
        0,
        0,
        0,
        0,
        1,
        0,
        -89.9296875,
        -5.7421875,
        16.5,
        1
      ],
      "mesh": 22
    },
    {
      "matrix": [
        1,
        0,
        0,
        0,
        0,
        1,
        0,
        0,
        0,
        0,
        1,
        0,
        -84.953125,
        -5.7421875,
        16.5,
        1
      ],
      "mesh": 22
    },
    {
      "matrix": [
        1,
        0,
        0,
        0,
        0,
        1,
        0,
        0,
        0,
        0,
        1,
        0,
        -79.9765625,
        -5.7421875,
        16.5,
        1
      ],
      "mesh": 22
    },
    {
      "matrix": [
        1,
        0,
        0,
        0,
        0,
        1,
        0,
        0,
        0,
        0,
        1,
        0,
        -75.8984375,
        -5.7421875,
        16.5,
        1
      ],
      "mesh": 22
    },
    {
      "matrix": [
        1,
        0,
        0,
        0,
        0,
        1,
        0,
        0,
        0,
        0,
        1,
        0,
        -75.8984375,
        -5.7421875,
        2.5,
        1
      ],
      "mesh": 22
    },
    {
      "matrix": [
        1,
        0,
        0,
        0,
        0,
        1,
        0,
        0,
        0,
        0,
        1,
        0,
        -79.9765625,
        -5.7421875,
        2.5,
        1
      ],
      "mesh": 22
    },
    {
      "matrix": [
        1,
        0,
        0,
        0,
        0,
        1,
        0,
        0,
        0,
        0,
        1,
        0,
        -84.953125,
        -5.7421875,
        2.5,
        1
      ],
      "mesh": 22
    },
    {
      "matrix": [
        1,
        0,
        0,
        0,
        0,
        1,
        0,
        0,
        0,
        0,
        1,
        0,
        -89.9296875,
        -5.7421875,
        2.5,
        1
      ],
      "mesh": 22
    },
    {
      "matrix": [
        1,
        0,
        0,
        0,
        0,
        1,
        0,
        0,
        0,
        0,
        1,
        0,
        -37.28125,
        0.390625,
        14.5,
        1
      ],
      "mesh": 23
    },
    {
      "matrix": [
        1,
        0,
        0,
        0,
        0,
        1,
        0,
        0,
        0,
        0,
        1,
        0,
        -34.0703125,
        0.5078125,
        14.9296875,
        1
      ],
      "mesh": 18
    },
    {
      "matrix": [
        1,
        0,
        0,
        0,
        0,
        1,
        0,
        0,
        0,
        0,
        1,
        0,
        -35.8125,
        0.5078125,
        14.9296875,
        1
      ],
      "mesh": 18
    },
    {
      "matrix": [
        -0.6095788197507077,
        0.28744077693921144,
        0.7387770044227937,
        0,
        -2.7755575615628914e-17,
        0.9319455943394346,
        -0.362598137324667,
        0,
        -0.7927254647804207,
        -0.22103214459417558,
        -0.5680942954693042,
        0,
        -39.609375,
        0.859375,
        4.890625,
        1
      ],
      "mesh": 24
    },
    {
      "matrix": [
        -0.03709691109260538,
        0,
        -0.9993116726964553,
        0,
        0,
        1,
        0,
        0,
        0.9993116726964553,
        0,
        -0.03709691109260538,
        0,
        -32.578125,
        0,
        3.125,
        1
      ],
      "mesh": 25
    },
    {
      "matrix": [
        -0.03709691109260538,
        0,
        -0.9993116726964553,
        0,
        0,
        1,
        0,
        0,
        0.9993116726964553,
        0,
        -0.03709691109260538,
        0,
        -26.5390625,
        0,
        3.1640625,
        1
      ],
      "mesh": 25
    },
    {
      "matrix": [
        0.9024965190774262,
        0,
        0.43069714771882195,
        0,
        0,
        1,
        0,
        0,
        -0.43069714771882195,
        0,
        0.9024965190774262,
        0,
        -19.5,
        0.7421875,
        4.9921875,
        1
      ],
      "mesh": 26
    },
    {
      "matrix": [
        0.9695598647982466,
        0.24468584242671407,
        -0.009083341253915536,
        0,
        0,
        -0.03709691109260538,
        -0.9993116726964553,
        0,
        -0.2448543823835012,
        0.9688924902708849,
        -0.03596767610337892,
        0,
        -19.5,
        0.7421875,
        6.421875,
        1
      ],
      "mesh": 26
    },
    {
      "matrix": [
        0.996254350885672,
        0,
        -0.08647119949074573,
        0,
        0,
        1,
        0,
        0,
        0.08647119949074573,
        0,
        0.996254350885672,
        0,
        -19.5,
        0.7421875,
        7.96875,
        1
      ],
      "mesh": 26
    },
    {
      "matrix": [
        1,
        0,
        0,
        0,
        0,
        1,
        0,
        0,
        0,
        0,
        1,
        0,
        -19.5,
        0.5859375,
        11.640625,
        1
      ],
      "mesh": 27
    },
    {
      "matrix": [
        1,
        0,
        0,
        0,
        0,
        1,
        0,
        0,
        0,
        0,
        1,
        0,
        -19.5,
        0.5859375,
        10.1328125,
        1
      ],
      "mesh": 27
    },
    {
      "matrix": [
        1,
        0,
        0,
        0,
        0,
        1,
        0,
        0,
        0,
        0,
        1,
        0,
        -15.734375,
        5.46875,
        38.5,
        1
      ],
      "mesh": 24
    },
    {
      "matrix": [
        1,
        0,
        0,
        0,
        0,
        1,
        0,
        0,
        0,
        0,
        1,
        0,
        -44.046875,
        0.3125,
        110.5234375,
        1
      ],
      "mesh": 25
    },
    {
      "matrix": [
        1,
        0,
        0,
        0,
        0,
        1,
        0,
        0,
        0,
        0,
        1,
        0,
        -44.046875,
        0.3125,
        114.328125,
        1
      ],
      "mesh": 25
    },
    {
      "matrix": [
        1,
        0,
        0,
        0,
        0,
        1,
        0,
        0,
        0,
        0,
        1,
        0,
        -53.8125,
        0.6640625,
        110.5,
        1
      ],
      "mesh": 28
    },
    {
      "matrix": [
        -0.03709691109260538,
        0,
        -0.9993116726964553,
        0,
        0,
        1,
        0,
        0,
        0.9993116726964553,
        0,
        -0.03709691109260538,
        0,
        -47.03125,
        2.734375,
        77.5,
        1
      ],
      "mesh": 19
    },
    {
      "matrix": [
        -0.03709691109260538,
        0,
        -0.9993116726964553,
        0,
        0,
        1,
        0,
        0,
        0.9993116726964553,
        0,
        -0.03709691109260538,
        0,
        -47.03125,
        2.734375,
        69.5,
        1
      ],
      "mesh": 19
    },
    {
      "matrix": [
        -0.9996940572530832,
        0,
        -0.024734427279995138,
        0,
        0,
        1,
        0,
        0,
        0.024734427279995138,
        0,
        -0.9996940572530832,
        0,
        -54.6171875,
        2.578125,
        66.03125,
        1
      ],
      "mesh": 19
    },
    {
      "matrix": [
        1,
        0,
        0,
        0,
        0,
        1,
        0,
        0,
        0,
        0,
        1,
        0,
        -58.3828125,
        2.734375,
        72.96875,
        1
      ],
      "mesh": 19
    },
    {
      "matrix": [
        -0.9996940572530832,
        0,
        -0.024734427279995138,
        0,
        0,
        1,
        0,
        0,
        0.024734427279995138,
        0,
        -0.9996940572530832,
        0,
        -62.6171875,
        2.578125,
        66.03125,
        1
      ],
      "mesh": 19
    },
    {
      "matrix": [
        1,
        0,
        0,
        0,
        0,
        1,
        0,
        0,
        0,
        0,
        1,
        0,
        -66.3828125,
        2.734375,
        72.96875,
        1
      ],
      "mesh": 19
    },
    {
      "matrix": [
        -0.9996940572530832,
        0,
        -0.024734427279995138,
        0,
        0,
        1,
        0,
        0,
        0.024734427279995138,
        0,
        -0.9996940572530832,
        0,
        -70.6171875,
        2.578125,
        66.03125,
        1
      ],
      "mesh": 19
    },
    {
      "matrix": [
        1,
        0,
        0,
        0,
        0,
        1,
        0,
        0,
        0,
        0,
        1,
        0,
        -74.3828125,
        2.734375,
        72.96875,
        1
      ],
      "mesh": 19
    },
    {
      "matrix": [
        -0.9890057044881309,
        0,
        -0.14787736976946897,
        0,
        0,
        1,
        0,
        0,
        0.14787736976946897,
        0,
        -0.9890057044881309,
        0,
        -97.0859375,
        7.03125,
        58.03125,
        1
      ],
      "mesh": 19
    },
    {
      "matrix": [
        1,
        0,
        0,
        0,
        0,
        1,
        0,
        0,
        0,
        0,
        1,
        0,
        -96.9296875,
        7.03125,
        80.96875,
        1
      ],
      "mesh": 19
    },
    {
      "matrix": [
        1,
        0,
        0,
        0,
        0,
        1,
        0,
        0,
        0,
        0,
        1,
        0,
        -116.9296875,
        7.03125,
        80.96875,
        1
      ],
      "mesh": 19
    },
    {
      "matrix": [
        -0.03709691109260538,
        0,
        0.9993116726964553,
        0,
        0,
        1,
        0,
        0,
        -0.9993116726964553,
        0,
        -0.03709691109260538,
        0,
        -124.96875,
        9.296875,
        75.046875,
        1
      ],
      "mesh": 19
    },
    {
      "matrix": [
        -0.03709691109260538,
        0,
        0.9993116726964553,
        0,
        0,
        1,
        0,
        0,
        -0.9993116726964553,
        0,
        -0.03709691109260538,
        0,
        -124.96875,
        9.296875,
        64.046875,
        1
      ],
      "mesh": 19
    },
    {
      "matrix": [
        -0.9890057044881309,
        0,
        -0.14787736976946897,
        0,
        0,
        1,
        0,
        0,
        0.14787736976946897,
        0,
        -0.9890057044881309,
        0,
        -117.109375,
        7.03125,
        58.03125,
        1
      ],
      "mesh": 19
    },
    {
      "matrix": [
        -0.03709691109260538,
        0,
        0.9993116726964553,
        0,
        0,
        1,
        0,
        0,
        -0.9993116726964553,
        0,
        -0.03709691109260538,
        0,
        -17.6953125,
        0.546875,
        84.5,
        1
      ],
      "mesh": 18
    },
    {
      "matrix": [
        -0.03709691109260538,
        0,
        0.9993116726964553,
        0,
        0,
        1,
        0,
        0,
        -0.9993116726964553,
        0,
        -0.03709691109260538,
        0,
        -5.4453125,
        0,
        87.03125,
        1
      ],
      "mesh": 25
    },
    {
      "matrix": [
        -0.9987764162142614,
        0,
        0.04945371992273924,
        0,
        0,
        1,
        0,
        0,
        -0.04945371992273924,
        0,
        -0.9987764162142614,
        0,
        -16.109375,
        4.6875,
        31.953125,
        1
      ],
      "mesh": 29
    },
    {
      "matrix": [
        -0.9996940572530832,
        0,
        -0.024734427279995138,
        0,
        0,
        1,
        0,
        0,
        0.024734427279995138,
        0,
        -0.9996940572530832,
        0,
        -8.5,
        0,
        81.03125,
        1
      ],
      "mesh": 29
    },
    {
      "matrix": [
        -0.9996940572530832,
        0,
        -0.024734427279995138,
        0,
        0,
        1,
        0,
        0,
        0.024734427279995138,
        0,
        -0.9996940572530832,
        0,
        -10.5,
        0,
        81.03125,
        1
      ],
      "mesh": 29
    },
    {
      "matrix": [
        0.08647119949074578,
        0,
        0.996254350885672,
        0,
        0,
        1,
        0,
        0,
        -0.996254350885672,
        0,
        0.08647119949074578,
        0,
        -13.3828125,
        4.5,
        52.5,
        1
      ],
      "mesh": 17
    },
    {
      "matrix": [
        1,
        0,
        0,
        0,
        0,
        1,
        0,
        0,
        0,
        0,
        1,
        0,
        64,
        -5.25,
        -64,
        1
      ],
      "children": [
        0,
        1,
        2,
        3,
        4,
        5,
        6,
        7,
        8,
        9,
        10,
        11,
        12,
        13,
        14,
        15,
        16,
        17,
        18,
        19,
        20,
        21,
        22,
        23,
        24,
        25,
        26,
        27,
        28,
        29,
        30,
        31,
        32,
        33,
        34,
        35,
        36,
        37,
        38,
        39,
        40,
        41,
        42,
        43,
        44,
        45,
        46,
        47,
        48,
        49,
        50,
        51,
        52,
        53,
        54,
        55,
        56,
        57,
        58,
        59,
        60,
        61,
        62,
        63,
        64,
        65,
        66,
        67,
        68,
        69,
        70,
        71,
        72,
        73,
        74,
        75,
        76,
        77,
        78,
        79,
        80,
        81,
        82,
        83,
        84,
        85,
        86,
        87,
        88,
        89,
        90,
        91,
        92,
        93,
        94,
        95,
        96,
        97,
        98,
        99,
        100,
        101,
        102,
        103,
        104,
        105,
        106,
        107,
        108,
        109,
        110,
        111,
        112,
        113
      ]
    }
  ],
  "bufferViews": [
    {
      "buffer": 0,
      "byteOffset": 0,
      "byteLength": 306528,
      "target": 34962,
      "byteStride": 12
    },
    {
      "buffer": 0,
      "byteOffset": 306528,
      "byteLength": 204352,
      "target": 34962,
      "byteStride": 8
    },
    {
      "buffer": 0,
      "byteOffset": 510880,
      "byteLength": 76632,
      "target": 34963
    },
    {
      "buffer": 0,
      "byteOffset": 587512,
      "byteLength": 768,
      "target": 34962,
      "byteStride": 12
    },
    {
      "buffer": 0,
      "byteOffset": 588280,
      "byteLength": 512,
      "target": 34962,
      "byteStride": 8
    },
    {
      "buffer": 0,
      "byteOffset": 588792,
      "byteLength": 192,
      "target": 34963
    },
    {
      "buffer": 0,
      "byteOffset": 588984,
      "byteLength": 73008,
      "target": 34962,
      "byteStride": 12
    },
    {
      "buffer": 0,
      "byteOffset": 661992,
      "byteLength": 48672,
      "target": 34962,
      "byteStride": 8
    },
    {
      "buffer": 0,
      "byteOffset": 710664,
      "byteLength": 18252,
      "target": 34963
    },
    {
      "buffer": 0,
      "byteOffset": 728916,
      "byteLength": 27408,
      "target": 34962,
      "byteStride": 12
    },
    {
      "buffer": 0,
      "byteOffset": 756324,
      "byteLength": 18272,
      "target": 34962,
      "byteStride": 8
    },
    {
      "buffer": 0,
      "byteOffset": 774596,
      "byteLength": 6852,
      "target": 34963
    },
    {
      "buffer": 0,
      "byteOffset": 781448,
      "byteLength": 43392,
      "target": 34962,
      "byteStride": 12
    },
    {
      "buffer": 0,
      "byteOffset": 824840,
      "byteLength": 28928,
      "target": 34962,
      "byteStride": 8
    },
    {
      "buffer": 0,
      "byteOffset": 853768,
      "byteLength": 10848,
      "target": 34963
    },
    {
      "buffer": 0,
      "byteOffset": 864616,
      "byteLength": 2640,
      "target": 34962,
      "byteStride": 12
    },
    {
      "buffer": 0,
      "byteOffset": 867256,
      "byteLength": 1760,
      "target": 34962,
      "byteStride": 8
    },
    {
      "buffer": 0,
      "byteOffset": 869016,
      "byteLength": 660,
      "target": 34963
    },
    {
      "buffer": 0,
      "byteOffset": 869676,
      "byteLength": 5280,
      "target": 34962,
      "byteStride": 12
    },
    {
      "buffer": 0,
      "byteOffset": 874956,
      "byteLength": 3520,
      "target": 34962,
      "byteStride": 8
    },
    {
      "buffer": 0,
      "byteOffset": 878476,
      "byteLength": 1320,
      "target": 34963
    },
    {
      "buffer": 0,
      "byteOffset": 879796,
      "byteLength": 54384,
      "target": 34962,
      "byteStride": 12
    },
    {
      "buffer": 0,
      "byteOffset": 934180,
      "byteLength": 36256,
      "target": 34962,
      "byteStride": 8
    },
    {
      "buffer": 0,
      "byteOffset": 970436,
      "byteLength": 13596,
      "target": 34963
    },
    {
      "buffer": 0,
      "byteOffset": 984032,
      "byteLength": 1104,
      "target": 34962,
      "byteStride": 12
    },
    {
      "buffer": 0,
      "byteOffset": 985136,
      "byteLength": 736,
      "target": 34962,
      "byteStride": 8
    },
    {
      "buffer": 0,
      "byteOffset": 985872,
      "byteLength": 276,
      "target": 34963
    },
    {
      "buffer": 0,
      "byteOffset": 986148,
      "byteLength": 35328,
      "target": 34962,
      "byteStride": 12
    },
    {
      "buffer": 0,
      "byteOffset": 1021476,
      "byteLength": 23552,
      "target": 34962,
      "byteStride": 8
    },
    {
      "buffer": 0,
      "byteOffset": 1045028,
      "byteLength": 8832,
      "target": 34963
    },
    {
      "buffer": 0,
      "byteOffset": 1053860,
      "byteLength": 39648,
      "target": 34962,
      "byteStride": 12
    },
    {
      "buffer": 0,
      "byteOffset": 1093508,
      "byteLength": 26432,
      "target": 34962,
      "byteStride": 8
    },
    {
      "buffer": 0,
      "byteOffset": 1119940,
      "byteLength": 9912,
      "target": 34963
    },
    {
      "buffer": 0,
      "byteOffset": 1129852,
      "byteLength": 1632,
      "target": 34962,
      "byteStride": 12
    },
    {
      "buffer": 0,
      "byteOffset": 1131484,
      "byteLength": 1088,
      "target": 34962,
      "byteStride": 8
    },
    {
      "buffer": 0,
      "byteOffset": 1132572,
      "byteLength": 408,
      "target": 34963
    },
    {
      "buffer": 0,
      "byteOffset": 1132980,
      "byteLength": 480,
      "target": 34962,
      "byteStride": 12
    },
    {
      "buffer": 0,
      "byteOffset": 1133460,
      "byteLength": 320,
      "target": 34962,
      "byteStride": 8
    },
    {
      "buffer": 0,
      "byteOffset": 1133780,
      "byteLength": 120,
      "target": 34963
    },
    {
      "buffer": 0,
      "byteOffset": 1133900,
      "byteLength": 10320,
      "target": 34962,
      "byteStride": 12
    },
    {
      "buffer": 0,
      "byteOffset": 1144220,
      "byteLength": 6880,
      "target": 34962,
      "byteStride": 8
    },
    {
      "buffer": 0,
      "byteOffset": 1151100,
      "byteLength": 2580,
      "target": 34963
    },
    {
      "buffer": 0,
      "byteOffset": 1153680,
      "byteLength": 6864,
      "target": 34962,
      "byteStride": 12
    },
    {
      "buffer": 0,
      "byteOffset": 1160544,
      "byteLength": 4576,
      "target": 34962,
      "byteStride": 8
    },
    {
      "buffer": 0,
      "byteOffset": 1165120,
      "byteLength": 1716,
      "target": 34963
    },
    {
      "buffer": 0,
      "byteOffset": 1166836,
      "byteLength": 5664,
      "target": 34962,
      "byteStride": 12
    },
    {
      "buffer": 0,
      "byteOffset": 1172500,
      "byteLength": 3776,
      "target": 34962,
      "byteStride": 8
    },
    {
      "buffer": 0,
      "byteOffset": 1176276,
      "byteLength": 1416,
      "target": 34963
    },
    {
      "buffer": 0,
      "byteOffset": 1177692,
      "byteLength": 2976,
      "target": 34962,
      "byteStride": 12
    },
    {
      "buffer": 0,
      "byteOffset": 1180668,
      "byteLength": 1984,
      "target": 34962,
      "byteStride": 8
    },
    {
      "buffer": 0,
      "byteOffset": 1182652,
      "byteLength": 744,
      "target": 34963
    },
    {
      "buffer": 0,
      "byteOffset": 1183396,
      "byteLength": 936,
      "target": 34962,
      "byteStride": 12
    },
    {
      "buffer": 0,
      "byteOffset": 1184332,
      "byteLength": 936,
      "target": 34962,
      "byteStride": 12
    },
    {
      "buffer": 0,
      "byteOffset": 1185268,
      "byteLength": 936,
      "target": 34962,
      "byteStride": 12
    },
    {
      "buffer": 0,
      "byteOffset": 1186204,
      "byteLength": 624,
      "target": 34962,
      "byteStride": 8
    },
    {
      "buffer": 0,
      "byteOffset": 1186828,
      "byteLength": 1224,
      "target": 34962,
      "byteStride": 12
    },
    {
      "buffer": 0,
      "byteOffset": 1188052,
      "byteLength": 1224,
      "target": 34962,
      "byteStride": 12
    },
    {
      "buffer": 0,
      "byteOffset": 1189276,
      "byteLength": 1224,
      "target": 34962,
      "byteStride": 12
    },
    {
      "buffer": 0,
      "byteOffset": 1190500,
      "byteLength": 816,
      "target": 34962,
      "byteStride": 8
    },
    {
      "buffer": 0,
      "byteOffset": 1191316,
      "byteLength": 1152,
      "target": 34962,
      "byteStride": 12
    },
    {
      "buffer": 0,
      "byteOffset": 1192468,
      "byteLength": 1152,
      "target": 34962,
      "byteStride": 12
    },
    {
      "buffer": 0,
      "byteOffset": 1193620,
      "byteLength": 1152,
      "target": 34962,
      "byteStride": 12
    },
    {
      "buffer": 0,
      "byteOffset": 1194772,
      "byteLength": 768,
      "target": 34962,
      "byteStride": 8
    },
    {
      "buffer": 0,
      "byteOffset": 1195540,
      "byteLength": 1008,
      "target": 34962,
      "byteStride": 12
    },
    {
      "buffer": 0,
      "byteOffset": 1196548,
      "byteLength": 1008,
      "target": 34962,
      "byteStride": 12
    },
    {
      "buffer": 0,
      "byteOffset": 1197556,
      "byteLength": 1008,
      "target": 34962,
      "byteStride": 12
    },
    {
      "buffer": 0,
      "byteOffset": 1198564,
      "byteLength": 672,
      "target": 34962,
      "byteStride": 8
    },
    {
      "buffer": 0,
      "byteOffset": 1199236,
      "byteLength": 1044,
      "target": 34962,
      "byteStride": 12
    },
    {
      "buffer": 0,
      "byteOffset": 1200280,
      "byteLength": 1044,
      "target": 34962,
      "byteStride": 12
    },
    {
      "buffer": 0,
      "byteOffset": 1201324,
      "byteLength": 1044,
      "target": 34962,
      "byteStride": 12
    },
    {
      "buffer": 0,
      "byteOffset": 1202368,
      "byteLength": 696,
      "target": 34962,
      "byteStride": 8
    },
    {
      "buffer": 0,
