[gd_scene load_steps=34 format=3 uid="uid://bqqw24otpgqc"]

[ext_resource type="PackedScene" uid="uid://el6ellq54rkr" path="res://game/levels/delfhide/delfhideStatic.tscn" id="1_gvmw7"]
[ext_resource type="Script" path="res://game/components/levelchange_activator/levelchange_activator.gd" id="2_erj1n"]
[ext_resource type="PackedScene" uid="uid://v7e4nba81sy1" path="res://game/actors/characters/generated_characters/169_monsters__villager_prisoner/169_monsters__villager_prisoner.tscn" id="2_qk0xi"]
[ext_resource type="Environment" uid="uid://dhku8dhhyvp0u" path="res://game/assets/world_environments/interior.tres" id="3_1hxdc"]
[ext_resource type="PackedScene" uid="uid://bq02ij6p0uxe4" path="res://game/actors/characters/generated_characters/107_monsters__chef/107_monsters__chef.tscn" id="3_at432"]
[ext_resource type="PackedScene" uid="uid://bp73fbv23g5pf" path="res://game/actors/characters/generated_characters/169_monsters__villager_prisoner4/169_monsters__villager_prisoner4.tscn" id="5_1q8ly"]
[ext_resource type="PackedScene" uid="uid://c1aqlnbajmkvo" path="res://game/actors/characters/generated_characters/169_monsters__villager_prisoner3/169_monsters__villager_prisoner3.tscn" id="6_rpj8u"]
[ext_resource type="PackedScene" uid="uid://kghvi1t8n50s" path="res://game/actors/characters/generated_characters/169_monsters__villager_prisoner2/169_monsters__villager_prisoner2.tscn" id="7_0wfnf"]
[ext_resource type="PackedScene" uid="uid://cuoqwjhdmwpta" path="res://game/actors/characters/generated_characters/169_monsters__villager_prisoner1/169_monsters__villager_prisoner1.tscn" id="8_2m3lb"]
[ext_resource type="PackedScene" uid="uid://0h06qgm4d76f" path="res://game/actors/objects/door/door.tscn" id="8_njewu"]
[ext_resource type="PackedScene" uid="uid://da385r7h6kjti" path="res://game/actors/characters/generated_characters/169_delfhide__heather/169_delfhide__heather.tscn" id="9_ist4o"]
[ext_resource type="PackedScene" uid="uid://ct4m473pgfxv5" path="res://game/actors/characters/generated_characters/106_monsters__bandit_brawler/106_monsters__bandit_brawler.tscn" id="10_isc0n"]
[ext_resource type="PackedScene" uid="uid://bwxo8a1sfnm8x" path="res://game/actors/characters/generated_characters/118_monsters__bandit_mage/118_monsters__bandit_mage.tscn" id="11_57ddl"]
[ext_resource type="PackedScene" uid="uid://cbv67uq4eqxbi" path="res://game/actors/characters/generated_characters/114_monsters__archer/114_monsters__archer.tscn" id="12_62uv5"]
[ext_resource type="PackedScene" uid="uid://p4rsaosirnor" path="res://game/actors/characters/generated_characters/109_delfhide__delfran/109_delfhide__delfran.tscn" id="13_j23fl"]
[ext_resource type="PackedScene" uid="uid://c3w64sfblh7wq" path="res://game/actors/characters/generated_characters/106_delfhide__dh_guard_talk/106_delfhide__dh_guard_talk.tscn" id="14_axvom"]
[ext_resource type="PackedScene" uid="uid://cy5wivknublbk" path="res://game/actors/characters/generated_characters/138_monsters__skelos_undriel/138_monsters__skelos_undriel.tscn" id="15_x1be2"]
[ext_resource type="PackedScene" uid="uid://beax8xx5um3qh" path="res://game/actors/characters/generated_characters/170_monsters__birgidda/170_monsters__birgidda.tscn" id="16_dsv3q"]
[ext_resource type="PackedScene" uid="uid://bq14w7sp5vbfw" path="res://game/actors/characters/generated_characters/107_monsters__bandit_thug/107_monsters__bandit_thug.tscn" id="17_k0dse"]
[ext_resource type="PackedScene" uid="uid://eriqbvbkh1bn" path="res://game/actors/characters/generated_characters/106_delfhide__lt_jolais/106_delfhide__lt_jolais.tscn" id="18_iuq2a"]
[ext_resource type="PackedScene" uid="uid://bk76p2hvammu7" path="res://game/actors/characters/generated_characters/107_monsters__blanden_grizzle/107_monsters__blanden_grizzle.tscn" id="19_5nxmv"]
[ext_resource type="PackedScene" uid="uid://qr2kmm7tcs4n" path="res://game/actors/characters/generated_characters/107_delfhide__bandit_thug/107_delfhide__bandit_thug.tscn" id="20_vusx7"]
[ext_resource type="PackedScene" uid="uid://df4wnh5ggoavq" path="res://game/actors/characters/generated_characters/203_monsters__assault_rat/203_monsters__assault_rat.tscn" id="21_eu3c2"]
[ext_resource type="PackedScene" uid="uid://xgpubh4asctk" path="res://game/actors/characters/generated_characters/275_monsters__umbric_rats/275_monsters__umbric_rats.tscn" id="22_haxfn"]
[ext_resource type="PackedScene" uid="uid://kihfbbiront6" path="res://game/actors/characters/generated_characters/114_delfhide__sgt_grell/114_delfhide__sgt_grell.tscn" id="23_y1qvw"]
[ext_resource type="PackedScene" uid="uid://l73jvbfr2lny" path="res://game/actors/characters/generated_characters/142_monsters__villager_prisoner/142_monsters__villager_prisoner.tscn" id="24_p7off"]
[ext_resource type="PackedScene" uid="uid://cpjwhh2puu6k7" path="res://game/actors/characters/generated_characters/3206_monsters__weak_makor/3206_monsters__weak_makor.tscn" id="25_8fbvi"]
[ext_resource type="PackedScene" uid="uid://dingl2nc8cf30" path="res://game/actors/characters/generated_characters/114_delfhide__archer_guard/114_delfhide__archer_guard.tscn" id="26_uhvpy"]
[ext_resource type="PackedScene" uid="uid://bckcrstacu2nh" path="res://game/actors/characters/generated_characters/107_delfhide__lt_breser/107_delfhide__lt_breser.tscn" id="27_0cw4y"]
[ext_resource type="PackedScene" uid="uid://uh1porxrhyvj" path="res://game/tools/object_position_marker.tscn" id="29_aopbp"]
[ext_resource type="PackedScene" uid="uid://dddrothxl62m" path="res://game/tools/character_position_marker.tscn" id="31_e8yyr"]

[sub_resource type="BoxMesh" id="BoxMesh_i3mve"]
size = Vector3(0.1, 0.1, 0.1)

[sub_resource type="BoxShape3D" id="BoxShape3D_f7j42"]
size = Vector3(3, 5, 1)

[node name="delfhide" type="Node3D"]

[node name="delfhide" parent="." instance=ExtResource("1_gvmw7")]
transform = Transform3D(1, 0, 0, 0, 1, 0, 0, 0, 1, 0, -49.75, 0)

[node name="actors" type="Node3D" parent="."]

[node name="named_characters" type="Node3D" parent="actors"]

[node name="opponents" type="Node3D" parent="actors"]

[node name="169_placeholder9" parent="actors/opponents" instance=ExtResource("2_qk0xi")]
transform = Transform3D(0.396921, 0, -0.917853, 0, 1, 0, 0.917853, 0, 0.396921, -52.5, -33, 54.375)

[node name="169_placeholder10" parent="actors/opponents" instance=ExtResource("2_qk0xi")]
transform = Transform3D(0.995109, 0, -0.0987864, 0, 1, 0, 0.0987864, 0, 0.995109, -46.5, -33, 56.4531)

[node name="107_placeholder17" parent="actors/opponents" instance=ExtResource("3_at432")]
transform = Transform3D(-0.327776, 0, 0.944755, 0, 1, 0, -0.944755, 0, -0.327776, -29.4531, -33, 1.97656)

[node name="169_placeholder11" parent="actors/opponents" instance=ExtResource("5_1q8ly")]
transform = Transform3D(0.609579, 0, -0.792726, 0, 1, 0, 0.792726, 0, 0.609579, -52.5, -33, -11.5)

[node name="169_placeholder12" parent="actors/opponents" instance=ExtResource("6_rpj8u")]
transform = Transform3D(-0.327776, 0, -0.944755, 0, 1, 0, 0.944755, 0, -0.327776, -52.5, -33, -6.5)

[node name="169_placeholder13" parent="actors/opponents" instance=ExtResource("7_0wfnf")]
transform = Transform3D(0.160098, 0, -0.987101, 0, 1, 0, 0.987101, 0, 0.160098, -52.5, -33, -1.5)

[node name="169_placeholder14" parent="actors/opponents" instance=ExtResource("8_2m3lb")]
transform = Transform3D(-0.327776, 0, -0.944755, 0, 1, 0, 0.944755, 0, -0.327776, -52.5, -33, 3.5)

[node name="169_placeholder15" parent="actors/opponents" instance=ExtResource("9_ist4o")]
transform = Transform3D(-0.0864712, 0, -0.996254, 0, 1, 0, 0.996254, 0, -0.0864712, -52.5, -33, 8.5)

[node name="106_placeholder38" parent="actors/opponents" instance=ExtResource("10_isc0n")]
transform = Transform3D(-0.855535, 0, -0.517745, 0, 1, 0, 0.517745, 0, -0.855535, 9.9375, -34.5, -54.4531)

[node name="106_placeholder39" parent="actors/opponents" instance=ExtResource("10_isc0n")]
transform = Transform3D(-0.891567, 0, -0.452888, 0, 1, 0, 0.452888, 0, -0.891567, -4.90625, -34.5, -39.3906)

[node name="118_placeholder8" parent="actors/opponents" instance=ExtResource("11_57ddl")]
transform = Transform3D(-0.880093, 0, -0.474802, 0, 1, 0, 0.474802, 0, -0.880093, 27.5625, -34.5625, -44.5)

[node name="114_placeholder10" parent="actors/opponents" instance=ExtResource("12_62uv5")]
transform = Transform3D(-0.997248, 0, -0.0741429, 0, 1, 0, 0.0741429, 0, -0.997248, -4.20312, -29.5, 29.6719)

[node name="106_placeholder40" parent="actors/opponents" instance=ExtResource("10_isc0n")]
transform = Transform3D(0.256827, 0, -0.966457, 0, 1, 0, 0.966457, 0, 0.256827, -4.32812, -29.5, 26.8906)

[node name="106_placeholder41" parent="actors/opponents" instance=ExtResource("10_isc0n")]
transform = Transform3D(0.990759, 0, 0.135634, 0, 1, 0, -0.135634, 0, 0.990759, -1.28125, -29.5, 26.7188)

[node name="109_placeholder2" parent="actors/opponents" instance=ExtResource("13_j23fl")]
transform = Transform3D(1, 0, -8.74228e-08, 0, 1, 0, 8.74228e-08, 0, 1, -2.5, -29.5, 31.4062)

[node name="106_placeholder42" parent="actors/opponents" instance=ExtResource("14_axvom")]
transform = Transform3D(0.912874, 0, 0.408243, 0, 1, 0, -0.408243, 0, 0.912874, -3.45703, -34.5, -47.5)

[node name="138_placeholder2" parent="actors/opponents" instance=ExtResource("15_x1be2")]
transform = Transform3D(0.96956, 0, -0.244854, 0, 1, 0, 0.244854, 0, 0.96956, 1.5, -29.5, 33.5)

[node name="170_placeholder2" parent="actors/opponents" instance=ExtResource("16_dsv3q")]
transform = Transform3D(0.993811, 0, -0.111087, 0, 1, 0, 0.111087, 0, 0.993811, -7.5, -29.5, 33.5)

[node name="107_placeholder18" parent="actors/opponents" instance=ExtResource("17_k0dse")]
transform = Transform3D(0.999694, 0, 0.0247345, 0, 1, 0, -0.0247345, 0, 0.999694, -2.5, -29.5, 5.5)

[node name="107_placeholder19" parent="actors/opponents" instance=ExtResource("17_k0dse")]
transform = Transform3D(-0.396921, 0, -0.917853, 0, 1, 0, 0.917853, 0, -0.396921, -9.5, -29.5, 5.5)

[node name="107_placeholder20" parent="actors/opponents" instance=ExtResource("17_k0dse")]
transform = Transform3D(-1, 0, -8.74228e-08, 0, 1, 0, 8.74228e-08, 0, -1, -45.5, -33, 10.5)

[node name="107_placeholder21" parent="actors/opponents" instance=ExtResource("17_k0dse")]
transform = Transform3D(-1, 0, -8.74228e-08, 0, 1, 0, 8.74228e-08, 0, -1, -42, -33, -9.5)

[node name="118_placeholder9" parent="actors/opponents" instance=ExtResource("11_57ddl")]
transform = Transform3D(-1, 0, -8.74228e-08, 0, 1, 0, 8.74228e-08, 0, -1, -41.5, -33, 5.5)

[node name="106_placeholder43" parent="actors/opponents" instance=ExtResource("10_isc0n")]
transform = Transform3D(0.956265, 0, 0.292503, 0, 1, 0, -0.292503, 0, 0.956265, -45.5, -33, -2.46875)

[node name="106_placeholder44" parent="actors/opponents" instance=ExtResource("10_isc0n")]
transform = Transform3D(-0.208718, 0, 0.977976, 0, 1, 0, -0.977976, 0, -0.208718, -46.8672, -33.1094, 1.5)

[node name="106_placeholder45" parent="actors/opponents" instance=ExtResource("10_isc0n")]
transform = Transform3D(0.0370971, 0, -0.999312, 0, 1, 0, 0.999312, 0, 0.0370971, -43.1328, -33, 1.5)

[node name="107_placeholder22" parent="actors/opponents" instance=ExtResource("17_k0dse")]
transform = Transform3D(-0.666676, 0, -0.745348, 0, 1, 0, 0.745348, 0, -0.666676, 35.8242, -33, -19.4492)

[node name="107_placeholder23" parent="actors/opponents" instance=ExtResource("17_k0dse")]
transform = Transform3D(-0.902497, 0, -0.430697, 0, 1, 0, 0.430697, 0, -0.902497, 3.5, -33, -33.5)

[node name="106_placeholder46" parent="actors/opponents" instance=ExtResource("18_iuq2a")]
transform = Transform3D(0.0370969, 0, 0.999312, 0, 1, 0, -0.999312, 0, 0.0370969, 9.89062, -33, -21.5)

[node name="106_placeholder47" parent="actors/opponents" instance=ExtResource("10_isc0n")]
transform = Transform3D(-0.997248, 0, -0.0741429, 0, 1, 0, 0.0741429, 0, -0.997248, 54.5, -34.5, -53.5)

[node name="106_placeholder48" parent="actors/opponents" instance=ExtResource("10_isc0n")]
transform = Transform3D(-0.998776, 0, -0.0494537, 0, 1, 0, 0.0494537, 0, -0.998776, 53.5, -34.5, -52.5)

[node name="106_placeholder49" parent="actors/opponents" instance=ExtResource("10_isc0n")]
transform = Transform3D(-0.997248, 0, -0.0741429, 0, 1, 0, 0.0741429, 0, -0.997248, 48.5, -34.5, -54.5)

[node name="106_placeholder50" parent="actors/opponents" instance=ExtResource("10_isc0n")]
transform = Transform3D(-0.998776, 0, -0.0494537, 0, 1, 0, 0.0494537, 0, -0.998776, 48.5, -34.5, -50.6719)

[node name="106_placeholder51" parent="actors/opponents" instance=ExtResource("10_isc0n")]
transform = Transform3D(-0.999694, 0, -0.0247344, 0, 1, 0, 0.0247344, 0, -0.999694, 36.5, -34.5, -54.5)

[node name="106_placeholder52" parent="actors/opponents" instance=ExtResource("10_isc0n")]
transform = Transform3D(-0.999694, 0, -0.0247344, 0, 1, 0, 0.0247344, 0, -0.999694, 35.5, -34.5, -50.5)

[node name="114_placeholder11" parent="actors/opponents" instance=ExtResource("12_62uv5")]
transform = Transform3D(-0.999694, 0, -0.0247344, 0, 1, 0, 0.0247344, 0, -0.999694, 38.5, -34.5, -50.5)

[node name="107_placeholder24" parent="actors/opponents" instance=ExtResource("19_5nxmv")]
transform = Transform3D(0.855535, 0, -0.517745, 0, 1, 0, 0.517745, 0, 0.855535, 18.5, -34.5, -51.5)

[node name="107_placeholder25" parent="actors/opponents" instance=ExtResource("20_vusx7")]
transform = Transform3D(0.160098, 0, 0.987101, 0, 1, 0, -0.987101, 0, 0.160098, 57.1875, -34.5, -35.3281)

[node name="106_placeholder53" parent="actors/opponents" instance=ExtResource("10_isc0n")]
transform = Transform3D(-0.96956, 0, -0.244854, 0, 1, 0, 0.244854, 0, -0.96956, 54.5, -33, -22.8438)

[node name="106_placeholder54" parent="actors/opponents" instance=ExtResource("10_isc0n")]
transform = Transform3D(0.0370969, 0, 0.999312, 0, 1, 0, -0.999312, 0, 0.0370969, 46.9375, -33, -19.5)

[node name="106_placeholder55" parent="actors/opponents" instance=ExtResource("10_isc0n")]
transform = Transform3D(0.0370969, 0, 0.999312, 0, 1, 0, -0.999312, 0, 0.0370969, 46.9375, -33, -22.5)

[node name="106_placeholder56" parent="actors/opponents" instance=ExtResource("10_isc0n")]
transform = Transform3D(-1, 0, -8.74228e-08, 0, 1, 0, 8.74228e-08, 0, -1, 54.4531, -33, -19.6719)

[node name="106_placeholder57" parent="actors/opponents" instance=ExtResource("10_isc0n")]
transform = Transform3D(-0.814793, 0, -0.579752, 0, 1, 0, 0.579752, 0, -0.814793, 55.4531, -33, -17.5)

[node name="203_placeholder9" parent="actors/opponents" instance=ExtResource("21_eu3c2")]
transform = Transform3D(-1, 0, -8.74228e-08, 0, 1, 0, 8.74228e-08, 0, -1, 48.5, -33, 9.5)

[node name="203_placeholder10" parent="actors/opponents" instance=ExtResource("21_eu3c2")]
transform = Transform3D(-1, 0, -8.74228e-08, 0, 1, 0, 8.74228e-08, 0, -1, 49.5, -33, 11.5)

[node name="203_placeholder11" parent="actors/opponents" instance=ExtResource("21_eu3c2")]
transform = Transform3D(-1, 0, -8.74228e-08, 0, 1, 0, 8.74228e-08, 0, -1, 47.5, -33, 13.5)

[node name="203_placeholder12" parent="actors/opponents" instance=ExtResource("21_eu3c2")]
transform = Transform3D(-1, 0, -8.74228e-08, 0, 1, 0, 8.74228e-08, 0, -1, 36.5, -33, 17.5)

[node name="203_placeholder13" parent="actors/opponents" instance=ExtResource("21_eu3c2")]
transform = Transform3D(-1, 0, -8.74228e-08, 0, 1, 0, 8.74228e-08, 0, -1, 38.5, -33, 19.5)

[node name="118_placeholder10" parent="actors/opponents" instance=ExtResource("11_57ddl")]
transform = Transform3D(-0.374097, 0, 0.92739, 0, 1, 0, -0.92739, 0, -0.374097, 55.5, -33, 24.5)

[node name="114_placeholder12" parent="actors/opponents" instance=ExtResource("12_62uv5")]
transform = Transform3D(-0.256827, 0, 0.966457, 0, 1, 0, -0.966457, 0, -0.256827, 55.5, -33, 26.5)

[node name="118_placeholder11" parent="actors/opponents" instance=ExtResource("11_57ddl")]
transform = Transform3D(0.785125, 0, 0.619337, 0, 1, 0, -0.619337, 0, 0.785125, 41.5, -33, 46.5)

[node name="118_placeholder12" parent="actors/opponents" instance=ExtResource("11_57ddl")]
transform = Transform3D(0.528287, 0, 0.849066, 0, 1, 0, -0.849066, 0, 0.528287, 39.5, -33, 46.5)

[node name="107_placeholder26" parent="actors/opponents" instance=ExtResource("17_k0dse")]
transform = Transform3D(0.280653, 0, -0.959809, 0, 1, 0, 0.959809, 0, 0.280653, 39.5, -33, 42.5)

[node name="275_placeholder5" parent="actors/opponents" instance=ExtResource("22_haxfn")]
transform = Transform3D(-0.999694, 0, 0.0247345, 0, 1, 0, -0.0247345, 0, -0.999694, 41.5, -33, 55.5)

[node name="275_placeholder6" parent="actors/opponents" instance=ExtResource("22_haxfn")]
transform = Transform3D(-1, 0, -8.74228e-08, 0, 1, 0, 8.74228e-08, 0, -1, 37.375, -33, 59.7188)

[node name="275_placeholder7" parent="actors/opponents" instance=ExtResource("22_haxfn")]
transform = Transform3D(-1, 0, -8.74228e-08, 0, 1, 0, 8.74228e-08, 0, -1, 52.3125, -33, 50.125)

[node name="275_placeholder8" parent="actors/opponents" instance=ExtResource("22_haxfn")]
transform = Transform3D(-1, 0, -8.74228e-08, 0, 1, 0, 8.74228e-08, 0, -1, 49.5, -33, 56.7188)

[node name="107_placeholder27" parent="actors/opponents" instance=ExtResource("17_k0dse")]
transform = Transform3D(-0.419502, 0, 0.907754, 0, 1, 0, -0.907754, 0, -0.419502, 29.5, -33, 55.5)

[node name="106_placeholder58" parent="actors/opponents" instance=ExtResource("10_isc0n")]
transform = Transform3D(-0.999694, 0, -0.0247344, 0, 1, 0, 0.0247344, 0, -0.999694, 9.5, -33, 45.5)

[node name="106_placeholder59" parent="actors/opponents" instance=ExtResource("10_isc0n")]
transform = Transform3D(-0.999694, 0, -0.0247344, 0, 1, 0, 0.0247344, 0, -0.999694, 7.5, -33, 44.5)

[node name="106_placeholder60" parent="actors/opponents" instance=ExtResource("10_isc0n")]
transform = Transform3D(-0.997248, 0, -0.0741429, 0, 1, 0, 0.0741429, 0, -0.997248, 1.5, -33, 42.5)

[node name="114_placeholder13" parent="actors/opponents" instance=ExtResource("23_y1qvw")]
transform = Transform3D(0.737045, 0, 0.675843, 0, 1, 0, -0.675843, 0, 0.737045, -0.5, -30.75, 56.5)

[node name="106_placeholder61" parent="actors/opponents" instance=ExtResource("10_isc0n")]
transform = Transform3D(0.56963, 0, 0.821902, 0, 1, 0, -0.821902, 0, 0.56963, -3.5, -33, 51.5)

[node name="106_placeholder62" parent="actors/opponents" instance=ExtResource("10_isc0n")]
transform = Transform3D(-0.629, 0, -0.777406, 0, 1, 0, 0.777406, 0, -0.629, -6.92188, -33, 50.3281)

[node name="107_placeholder28" parent="actors/opponents" instance=ExtResource("17_k0dse")]
transform = Transform3D(-0.999694, 0, 0.0247345, 0, 1, 0, -0.0247345, 0, -0.999694, -4.96875, -33.0039, -28.5)

[node name="107_placeholder29" parent="actors/opponents" instance=ExtResource("17_k0dse")]
transform = Transform3D(-1, 0, -8.74228e-08, 0, 1, 0, 8.74228e-08, 0, -1, 41.2344, -33, -28.5)

[node name="114_placeholder14" parent="actors/opponents" instance=ExtResource("12_62uv5")]
transform = Transform3D(-0.999694, 0, 0.0247345, 0, 1, 0, -0.0247345, 0, -0.999694, 31.5, -33.0625, -28.5)

[node name="118_placeholder13" parent="actors/opponents" instance=ExtResource("11_57ddl")]
transform = Transform3D(-1, 0, -8.74228e-08, 0, 1, 0, 8.74228e-08, 0, -1, 21.9062, -33, -29.5)

[node name="106_placeholder63" parent="actors/opponents" instance=ExtResource("10_isc0n")]
transform = Transform3D(-1, 0, -8.74228e-08, 0, 1, 0, 8.74228e-08, 0, -1, 12.5, -33, -28.5)

[node name="106_placeholder64" parent="actors/opponents" instance=ExtResource("10_isc0n")]
transform = Transform3D(-0.999694, 0, 0.0247345, 0, 1, 0, -0.0247345, 0, -0.999694, 4.5, -33, -28.5)

[node name="106_placeholder65" parent="actors/opponents" instance=ExtResource("10_isc0n")]
transform = Transform3D(-0.868079, 0, -0.496425, 0, 1, 0, 0.496425, 0, -0.868079, -39.5156, -34.5625, -43.375)

[node name="106_placeholder66" parent="actors/opponents" instance=ExtResource("10_isc0n")]
transform = Transform3D(-0.842467, 0, -0.538748, 0, 1, 0, 0.538748, 0, -0.842467, -21.5, -34.5, -45.7656)

[node name="106_placeholder67" parent="actors/opponents" instance=ExtResource("10_isc0n")]
transform = Transform3D(-0.842467, 0, -0.538748, 0, 1, 0, 0.538748, 0, -0.842467, -19.7656, -34.5938, -53.0156)

[node name="106_placeholder68" parent="actors/opponents" instance=ExtResource("10_isc0n")]
transform = Transform3D(-0.891567, 0, -0.452888, 0, 1, 0, 0.452888, 0, -0.891567, -25.4141, -34.5, -54.0156)

[node name="114_placeholder15" parent="actors/opponents" instance=ExtResource("12_62uv5")]
transform = Transform3D(-0.992361, 0, -0.12337, 0, 1, 0, 0.12337, 0, -0.992361, -31.5, -34.5, -53.5)

[node name="114_placeholder16" parent="actors/opponents" instance=ExtResource("12_62uv5")]
transform = Transform3D(-0.998776, 0, -0.0494537, 0, 1, 0, 0.0494537, 0, -0.998776, -33.5, -34.5, -53.5)

[node name="114_placeholder17" parent="actors/opponents" instance=ExtResource("12_62uv5")]
transform = Transform3D(-0.998776, 0, -0.0494537, 0, 1, 0, 0.0494537, 0, -0.998776, -35.5, -34.5, -53.5)

[node name="107_placeholder30" parent="actors/opponents" instance=ExtResource("17_k0dse")]
transform = Transform3D(-0.999694, 0, 0.0247345, 0, 1, 0, -0.0247345, 0, -0.999694, -46.5, -34.5, -49.5)

[node name="203_placeholder14" parent="actors/opponents" instance=ExtResource("21_eu3c2")]
transform = Transform3D(-1, 0, -8.74228e-08, 0, 1, 0, 8.74228e-08, 0, -1, -56.5, -34.5625, -54.5)

[node name="203_placeholder15" parent="actors/opponents" instance=ExtResource("21_eu3c2")]
transform = Transform3D(-1, 0, -8.74228e-08, 0, 1, 0, 8.74228e-08, 0, -1, -58.5, -34.75, -55.5)

[node name="118_placeholder14" parent="actors/opponents" instance=ExtResource("11_57ddl")]
transform = Transform3D(0.891567, 0, 0.452888, 0, 1, 0, -0.452888, 0, 0.891567, -56.5, -38, -23.5)

[node name="106_placeholder69" parent="actors/opponents" instance=ExtResource("10_isc0n")]
transform = Transform3D(0.985045, 0, -0.172294, 0, 1, 0, 0.172294, 0, 0.985045, -57.5, -33, 3.5)

[node name="106_placeholder70" parent="actors/opponents" instance=ExtResource("10_isc0n")]
transform = Transform3D(-1, 0, -8.74228e-08, 0, 1, 0, 8.74228e-08, 0, -1, -57.5, -33, 10.5)

[node name="106_placeholder71" parent="actors/opponents" instance=ExtResource("10_isc0n")]
transform = Transform3D(-1, 0, -8.74228e-08, 0, 1, 0, 8.74228e-08, 0, -1, -57.5, -33, 7.5)

[node name="106_placeholder72" parent="actors/opponents" instance=ExtResource("10_isc0n")]
transform = Transform3D(-1, 0, -8.74228e-08, 0, 1, 0, 8.74228e-08, 0, -1, -57.5, -33, 6.5)

[node name="106_placeholder73" parent="actors/opponents" instance=ExtResource("10_isc0n")]
transform = Transform3D(-0.061803, 0, 0.998088, 0, 1, 0, -0.998088, 0, -0.061803, -56.5, -33, 42.6484)

[node name="169_placeholder16" parent="actors/opponents" instance=ExtResource("2_qk0xi")]
transform = Transform3D(-0.989006, 0, -0.147877, 0, 1, 0, 0.147877, 0, -0.989006, -57.625, -33, 41.5)

[node name="203_placeholder16" parent="actors/opponents" instance=ExtResource("21_eu3c2")]
transform = Transform3D(-0.304308, 0, -0.952574, 0, 1, 0, 0.952574, 0, -0.304308, -56.5, -33, 48.5)

[node name="107_placeholder31" parent="actors/opponents" instance=ExtResource("17_k0dse")]
transform = Transform3D(-0.999694, 0, -0.0247344, 0, 1, 0, 0.0247344, 0, -0.999694, -29.5, -33, 54.5)

[node name="142_placeholder2" parent="actors/opponents" instance=ExtResource("24_p7off")]
transform = Transform3D(7.54979e-08, 0, 1, 0, 1, 0, -1, 0, 7.54979e-08, 57.5, -33, 1.5)

[node name="3206_placeholder2" parent="actors/opponents" instance=ExtResource("25_8fbvi")]
transform = Transform3D(-1, 0, -8.74228e-08, 0, 1, 0, 8.74228e-08, 0, -1, 51.0312, -33, -8.30469)

[node name="114_placeholder18" parent="actors/opponents" instance=ExtResource("26_uhvpy")]
transform = Transform3D(-0.396921, 0, 0.917853, 0, 1, 0, -0.917853, 0, -0.396921, 16.7969, -33, 57.6094)

[node name="107_placeholder32" parent="actors/opponents" instance=ExtResource("27_0cw4y")]
transform = Transform3D(-0.999694, 0, -0.0247344, 0, 1, 0, 0.0247344, 0, -0.999694, 29.5, -33, -36.5)

[node name="106_placeholder74" parent="actors/opponents" instance=ExtResource("14_axvom")]
transform = Transform3D(-0.485651, 0, 0.874153, 0, 1, 0, -0.874153, 0, -0.485651, -0.765625, -34.5, -47.7031)

[node name="objects" type="Node3D" parent="actors"]

[node name="door" parent="actors/objects" instance=ExtResource("8_njewu")]
transform = Transform3D(1, 0, 0, 0, 1, 0, 0, 0, 1, -1.0011, -34.0924, -46.3328)

[node name="door2" parent="actors/objects" instance=ExtResource("8_njewu")]
transform = Transform3D(1, 0, 0, 0, 1, 0, 0, 0, 1, -4.08356, -29.4063, 3.59486)

[node name="door3" parent="actors/objects" instance=ExtResource("8_njewu")]
transform = Transform3D(1, 0, 0, 0, 1, 0, 0, 0, 1, -0.72445, -29.4063, 3.59486)

[node name="door4" parent="actors/objects" instance=ExtResource("8_njewu")]
transform = Transform3D(1, 0, 0, 0, 1, 0, 0, 0, 1, -7.31652, -29.4063, 3.59486)

[node name="placeholders" type="Node3D" parent="actors"]
transform = Transform3D(1, 0, 0, 0, 1, 0, 0, 0, 1, 0, -35, 0)
visible = false

[node name="1_placeholder" parent="actors/placeholders" instance=ExtResource("29_aopbp")]
transform = Transform3D(-1, 0, -8.74228e-08, 0, 1, 0, 8.74228e-08, 0, -1, -2.5, 1.5, -59.9219)
mesh = SubResource("BoxMesh_i3mve")
type = 1
scriptname = "!EMPTY_CHEST"

[node name="169_placeholder" parent="actors/placeholders" instance=ExtResource("31_e8yyr")]
transform = Transform3D(0.396921, 0, -0.917853, 0, 1, 0, 0.917853, 0, 0.396921, -52.5, 2, 54.375)
type = 2
scriptname = "monsters\\Villager_Prisoner.s"

[node name="169_placeholder2" parent="actors/placeholders" instance=ExtResource("31_e8yyr")]
transform = Transform3D(0.995109, 0, -0.0987864, 0, 1, 0, 0.0987864, 0, 0.995109, -46.5, 2, 56.4531)
type = 2
scriptname = "monsters\\Villager_Prisoner.s"

[node name="304_placeholder" parent="actors/placeholders" instance=ExtResource("29_aopbp")]
transform = Transform3D(-1, 0, -8.74228e-08, 0, 1, 0, 8.74228e-08, 0, -1, -36.5, 1.5, -0.5)
mesh = SubResource("BoxMesh_i3mve")
type = 8
scriptname = "Loot_Wine.s"

[node name="304_placeholder2" parent="actors/placeholders" instance=ExtResource("29_aopbp")]
transform = Transform3D(-1, 0, -8.74228e-08, 0, 1, 0, 8.74228e-08, 0, -1, -36.5, 1.5, -1.5)
mesh = SubResource("BoxMesh_i3mve")
type = 8
scriptname = "Loot_Wine.s"

[node name="304_placeholder3" parent="actors/placeholders" instance=ExtResource("29_aopbp")]
transform = Transform3D(-1, 0, -8.74228e-08, 0, 1, 0, 8.74228e-08, 0, -1, -36.7188, 1.5, 7.98438)
mesh = SubResource("BoxMesh_i3mve")
type = 8
scriptname = "Loot_Wine.s"

[node name="1431_placeholder" parent="actors/placeholders" instance=ExtResource("29_aopbp")]
transform = Transform3D(-1, 0, -8.74228e-08, 0, 1, 0, 8.74228e-08, 0, -1, -15.8906, 6.91406, 11.2734)
mesh = SubResource("BoxMesh_i3mve")
type = 1
scriptname = "mug_Wine.s"

[node name="1431_placeholder2" parent="actors/placeholders" instance=ExtResource("29_aopbp")]
transform = Transform3D(-1, 0, -8.74228e-08, 0, 1, 0, 8.74228e-08, 0, -1, -16.1875, 6.91406, 9.10156)
mesh = SubResource("BoxMesh_i3mve")
type = 1
scriptname = "mug_Wine.s"

[node name="1431_placeholder3" parent="actors/placeholders" instance=ExtResource("29_aopbp")]
transform = Transform3D(0.855535, 0, -0.517745, 0, 1, 0, 0.517745, 0, 0.855535, -15.1094, 6.91406, 9.10156)
mesh = SubResource("BoxMesh_i3mve")
type = 1
scriptname = "mug_Wine.s"

[node name="1431_placeholder4" parent="actors/placeholders" instance=ExtResource("29_aopbp")]
transform = Transform3D(-0.931946, 0, -0.362598, 0, 1, 0, 0.362598, 0, -0.931946, -10.5, 6.91406, 11.375)
mesh = SubResource("BoxMesh_i3mve")
type = 1
scriptname = "mug_Wine.s"

[node name="1431_placeholder5" parent="actors/placeholders" instance=ExtResource("29_aopbp")]
transform = Transform3D(-1, 0, -8.74228e-08, 0, 1, 0, 8.74228e-08, 0, -1, -11.1094, 6.91406, 9.71094)
mesh = SubResource("BoxMesh_i3mve")
type = 1
scriptname = "mug_Wine.s"

[node name="1431_placeholder6" parent="actors/placeholders" instance=ExtResource("29_aopbp")]
transform = Transform3D(0.599728, 0, 0.800204, 0, 1, 0, -0.800204, 0, 0.599728, -10.1094, 6.91406, 9.375)
mesh = SubResource("BoxMesh_i3mve")
type = 1
scriptname = "mug_Wine.s"

[node name="1431_placeholder7" parent="actors/placeholders" instance=ExtResource("29_aopbp")]
transform = Transform3D(-1, 0, -8.74228e-08, 0, 1, 0, 8.74228e-08, 0, -1, -1.34375, 6.91406, 11.3906)
mesh = SubResource("BoxMesh_i3mve")
type = 1
scriptname = "mug_Wine.s"

[node name="1431_placeholder8" parent="actors/placeholders" instance=ExtResource("29_aopbp")]
transform = Transform3D(0.874153, 0, -0.485651, 0, 1, 0, 0.485651, 0, 0.874153, -0.5, 6.91406, 9.25781)
mesh = SubResource("BoxMesh_i3mve")
type = 1
scriptname = "mug_Wine.s"

[node name="1431_placeholder9" parent="actors/placeholders" instance=ExtResource("29_aopbp")]
transform = Transform3D(0.549126, 0, -0.835739, 0, 1, 0, 0.835739, 0, 0.549126, 4.5, 6.91406, 7.53906)
mesh = SubResource("BoxMesh_i3mve")
type = 1
scriptname = "mug_Wine.s"

[node name="1431_placeholder10" parent="actors/placeholders" instance=ExtResource("29_aopbp")]
transform = Transform3D(-1, 0, -8.74228e-08, 0, 1, 0, 8.74228e-08, 0, -1, 3.89062, 6.91406, 9.71094)
mesh = SubResource("BoxMesh_i3mve")
type = 1
scriptname = "mug_Wine.s"

[node name="1431_placeholder11" parent="actors/placeholders" instance=ExtResource("29_aopbp")]
transform = Transform3D(0.912874, 0, 0.408243, 0, 1, 0, -0.408243, 0, 0.912874, 4.5, 6.91406, 11.4922)
mesh = SubResource("BoxMesh_i3mve")
type = 1
scriptname = "mug_Wine.s"

[node name="1429_placeholder" parent="actors/placeholders" instance=ExtResource("29_aopbp")]
transform = Transform3D(0.528287, 0, -0.849066, 0, 1, 0, 0.849066, 0, 0.528287, -48.5, 1.17188, -40.1875)
mesh = SubResource("BoxMesh_i3mve")
type = 1
scriptname = "cornerwebslager_Prisoner.s"

[node name="1429_placeholder2" parent="actors/placeholders" instance=ExtResource("29_aopbp")]
transform = Transform3D(-0.0864712, 0, -0.996254, 0, 1, 0, 0.996254, 0, -0.0864712, -42.5, 1.16406, -38.4219)
mesh = SubResource("BoxMesh_i3mve")
type = 1
scriptname = "cornerwebslager_Prisoner.s"

[node name="1429_placeholder3" parent="actors/placeholders" instance=ExtResource("29_aopbp")]
transform = Transform3D(-1, 0, -8.74228e-08, 0, 1, 0, 8.74228e-08, 0, -1, -25.5781, 2.67188, -7.5)
mesh = SubResource("BoxMesh_i3mve")
type = 1
scriptname = "cornerwebslager_Prisoner.s"

[node name="1429_placeholder4" parent="actors/placeholders" instance=ExtResource("29_aopbp")]
transform = Transform3D(-0.0864711, 0, 0.996254, 0, 1, 0, -0.996254, 0, -0.0864711, -35.5, 2.67188, -15.5781)
mesh = SubResource("BoxMesh_i3mve")
type = 1
scriptname = "cornerwebslager_Prisoner.s"

[node name="1429_placeholder5" parent="actors/placeholders" instance=ExtResource("29_aopbp")]
transform = Transform3D(-0.208718, 0, -0.977976, 0, 1, 0, 0.977976, 0, -0.208718, -49.3047, 2.59375, -17.3828)
mesh = SubResource("BoxMesh_i3mve")
type = 1
scriptname = "cornerwebslager_Prisoner.s"

[node name="1429_placeholder6" parent="actors/placeholders" instance=ExtResource("29_aopbp")]
transform = Transform3D(0.985045, 0, -0.172294, 0, 1, 0, 0.172294, 0, 0.985045, -58.4219, 2.67188, -14.5)
mesh = SubResource("BoxMesh_i3mve")
type = 1
scriptname = "cornerwebslager_Prisoner.s"

[node name="1429_placeholder7" parent="actors/placeholders" instance=ExtResource("29_aopbp")]
transform = Transform3D(-0.0864712, 0, -0.996254, 0, 1, 0, 0.996254, 0, -0.0864712, -51.5, 2.67188, 11.5781)
mesh = SubResource("BoxMesh_i3mve")
type = 1
scriptname = "cornerwebslager_Prisoner.s"

[node name="1429_placeholder8" parent="actors/placeholders" instance=ExtResource("29_aopbp")]
transform = Transform3D(-1, 0, -8.74228e-08, 0, 1, 0, 8.74228e-08, 0, -1, -56.5781, 2.67188, -1.5)
mesh = SubResource("BoxMesh_i3mve")
type = 1
scriptname = "cornerwebslager_Prisoner.s"

[node name="1429_placeholder9" parent="actors/placeholders" instance=ExtResource("29_aopbp")]
transform = Transform3D(-1, 0, -8.74228e-08, 0, 1, 0, 8.74228e-08, 0, -1, -56.5781, 2.67188, 20.5)
mesh = SubResource("BoxMesh_i3mve")
type = 1
scriptname = "cornerwebslager_Prisoner.s"

[node name="1429_placeholder10" parent="actors/placeholders" instance=ExtResource("29_aopbp")]
transform = Transform3D(-0.0864712, 0, -0.996254, 0, 1, 0, 0.996254, 0, -0.0864712, -51.9922, 2.67188, 25.5781)
mesh = SubResource("BoxMesh_i3mve")
type = 1
scriptname = "cornerwebslager_Prisoner.s"

[node name="1429_placeholder11" parent="actors/placeholders" instance=ExtResource("29_aopbp")]
transform = Transform3D(-0.0864712, 0, -0.996254, 0, 1, 0, 0.996254, 0, -0.0864712, -33.5, 2.67188, 18.5781)
mesh = SubResource("BoxMesh_i3mve")
type = 1
scriptname = "cornerwebslager_Prisoner.s"

[node name="1429_placeholder12" parent="actors/placeholders" instance=ExtResource("29_aopbp")]
transform = Transform3D(-0.0864712, 0, -0.996254, 0, 1, 0, 0.996254, 0, -0.0864712, -29.5, 2.67188, 28.5781)
mesh = SubResource("BoxMesh_i3mve")
type = 1
scriptname = "cornerwebslager_Prisoner.s"

[node name="1429_placeholder13" parent="actors/placeholders" instance=ExtResource("29_aopbp")]
transform = Transform3D(-0.0864712, 0, -0.996254, 0, 1, 0, 0.996254, 0, -0.0864712, -37.5, 2.67188, 38.5781)
mesh = SubResource("BoxMesh_i3mve")
type = 1
scriptname = "cornerwebslager_Prisoner.s"

[node name="1429_placeholder14" parent="actors/placeholders" instance=ExtResource("29_aopbp")]
transform = Transform3D(-1, 0, -8.74228e-08, 0, 1, 0, 8.74228e-08, 0, -1, -38.5781, 2.67188, 26.5)
mesh = SubResource("BoxMesh_i3mve")
type = 1
scriptname = "cornerwebslager_Prisoner.s"

[node name="1429_placeholder15" parent="actors/placeholders" instance=ExtResource("29_aopbp")]
transform = Transform3D(-1, 0, -8.74228e-08, 0, 1, 0, 8.74228e-08, 0, -1, -25.5781, 2.67188, 36.5)
mesh = SubResource("BoxMesh_i3mve")
type = 1
scriptname = "cornerwebslager_Prisoner.s"

[node name="1429_placeholder16" parent="actors/placeholders" instance=ExtResource("29_aopbp")]
transform = Transform3D(-1, 0, -8.74228e-08, 0, 1, 0, 8.74228e-08, 0, -1, -34.5781, 2.67188, 26.5)
mesh = SubResource("BoxMesh_i3mve")
type = 1
scriptname = "cornerwebslager_Prisoner.s"

[node name="1429_placeholder17" parent="actors/placeholders" instance=ExtResource("29_aopbp")]
transform = Transform3D(-1, 0, -8.74228e-08, 0, 1, 0, 8.74228e-08, 0, -1, -30.5781, 2.67188, 16.5)
mesh = SubResource("BoxMesh_i3mve")
type = 1
scriptname = "cornerwebslager_Prisoner.s"

[node name="1429_placeholder18" parent="actors/placeholders" instance=ExtResource("29_aopbp")]
transform = Transform3D(0.0370971, 0, -0.999312, 0, 1, 0, 0.999312, 0, 0.0370971, -49.1094, 2.67188, 47.5)
mesh = SubResource("BoxMesh_i3mve")
type = 1
scriptname = "cornerwebslager_Prisoner.s"

[node name="1429_placeholder19" parent="actors/placeholders" instance=ExtResource("29_aopbp")]
transform = Transform3D(-0.0864712, 0, -0.996254, 0, 1, 0, 0.996254, 0, -0.0864712, -32.1094, 2.67188, 47.5391)
mesh = SubResource("BoxMesh_i3mve")
type = 1
scriptname = "cornerwebslager_Prisoner.s"

[node name="1429_placeholder20" parent="actors/placeholders" instance=ExtResource("29_aopbp")]
transform = Transform3D(-0.0864711, 0, 0.996254, 0, 1, 0, -0.996254, 0, -0.0864711, -22.5, 2.14062, 49.4219)
mesh = SubResource("BoxMesh_i3mve")
type = 1
scriptname = "cornerwebslager_Prisoner.s"

[node name="1429_placeholder21" parent="actors/placeholders" instance=ExtResource("29_aopbp")]
transform = Transform3D(0.995109, 0, -0.0987864, 0, 1, 0, 0.0987864, 0, 0.995109, -13.4219, 2.17969, 57.5)
mesh = SubResource("BoxMesh_i3mve")
type = 1
scriptname = "cornerwebslager_Prisoner.s"

[node name="1429_placeholder22" parent="actors/placeholders" instance=ExtResource("29_aopbp")]
transform = Transform3D(-0.0864711, 0, 0.996254, 0, 1, 0, -0.996254, 0, -0.0864711, -10.8906, 2.67188, 45.3438)
mesh = SubResource("BoxMesh_i3mve")
type = 1
scriptname = "cornerwebslager_Prisoner.s"

[node name="1429_placeholder23" parent="actors/placeholders" instance=ExtResource("29_aopbp")]
transform = Transform3D(-0.0864712, 0, -0.996254, 0, 1, 0, 0.996254, 0, -0.0864712, 2.5, 2.67188, 38.5)
mesh = SubResource("BoxMesh_i3mve")
type = 1
scriptname = "cornerwebslager_Prisoner.s"

[node name="1429_placeholder24" parent="actors/placeholders" instance=ExtResource("29_aopbp")]
transform = Transform3D(-0.0864711, 0, 0.996254, 0, 1, 0, -0.996254, 0, -0.0864711, 20.5, 2.08594, 53.4219)
mesh = SubResource("BoxMesh_i3mve")
type = 1
scriptname = "cornerwebslager_Prisoner.s"

[node name="1429_placeholder25" parent="actors/placeholders" instance=ExtResource("29_aopbp")]
transform = Transform3D(0.985045, 0, -0.172294, 0, 1, 0, 0.172294, 0, 0.985045, 29.5, 2.6875, 42.5)
mesh = SubResource("BoxMesh_i3mve")
type = 1
scriptname = "cornerwebslager_Prisoner.s"

[node name="1429_placeholder26" parent="actors/placeholders" instance=ExtResource("29_aopbp")]
transform = Transform3D(-0.0864711, 0, 0.996254, 0, 1, 0, -0.996254, 0, -0.0864711, 14.5, 2.67188, 40.4219)
mesh = SubResource("BoxMesh_i3mve")
type = 1
scriptname = "cornerwebslager_Prisoner.s"

[node name="1429_placeholder27" parent="actors/placeholders" instance=ExtResource("29_aopbp")]
transform = Transform3D(-0.0864711, 0, 0.996254, 0, 1, 0, -0.996254, 0, -0.0864711, 35.5, 2.67188, 37.4219)
mesh = SubResource("BoxMesh_i3mve")
type = 1
scriptname = "cornerwebslager_Prisoner.s"

[node name="1429_placeholder28" parent="actors/placeholders" instance=ExtResource("29_aopbp")]
transform = Transform3D(0.998776, 0, -0.0494539, 0, 1, 0, 0.0494539, 0, 0.998776, 27.5, 2.67188, 24.0312)
mesh = SubResource("BoxMesh_i3mve")
type = 1
scriptname = "cornerwebslager_Prisoner.s"

[node name="1429_placeholder29" parent="actors/placeholders" instance=ExtResource("29_aopbp")]
transform = Transform3D(-0.0864712, 0, -0.996254, 0, 1, 0, 0.996254, 0, -0.0864712, 51.5, 2.67188, 18.6953)
mesh = SubResource("BoxMesh_i3mve")
type = 1
scriptname = "cornerwebslager_Prisoner.s"

[node name="1429_placeholder30" parent="actors/placeholders" instance=ExtResource("29_aopbp")]
transform = Transform3D(-0.0864711, 0, 0.996254, 0, 1, 0, -0.996254, 0, -0.0864711, 51.5, 2.67188, 10.4609)
mesh = SubResource("BoxMesh_i3mve")
type = 1
scriptname = "cornerwebslager_Prisoner.s"

[node name="1429_placeholder31" parent="actors/placeholders" instance=ExtResource("29_aopbp")]
transform = Transform3D(0.985045, 0, -0.172294, 0, 1, 0, 0.172294, 0, 0.985045, 36.5781, 2.67188, 4.03906)
mesh = SubResource("BoxMesh_i3mve")
type = 1
scriptname = "cornerwebslager_Prisoner.s"

[node name="1429_placeholder32" parent="actors/placeholders" instance=ExtResource("29_aopbp")]
transform = Transform3D(-1, 0, -8.74228e-08, 0, 1, 0, 8.74228e-08, 0, -1, 45.4219, 2.67188, 0.5)
mesh = SubResource("BoxMesh_i3mve")
type = 1
scriptname = "cornerwebslager_Prisoner.s"

[node name="1429_placeholder33" parent="actors/placeholders" instance=ExtResource("29_aopbp")]
transform = Transform3D(-0.0864711, 0, 0.996254, 0, 1, 0, -0.996254, 0, -0.0864711, 7.67188, 2.20312, -10.5781)
mesh = SubResource("BoxMesh_i3mve")
type = 1
scriptname = "cornerwebslager_Prisoner.s"

[node name="1429_placeholder34" parent="actors/placeholders" instance=ExtResource("29_aopbp")]
transform = Transform3D(-0.0864712, 0, -0.996254, 0, 1, 0, 0.996254, 0, -0.0864712, 19.6719, 2.24219, -13.4609)
mesh = SubResource("BoxMesh_i3mve")
type = 1
scriptname = "cornerwebslager_Prisoner.s"

[node name="1429_placeholder35" parent="actors/placeholders" instance=ExtResource("29_aopbp")]
transform = Transform3D(-0.0864711, 0, 0.996254, 0, 1, 0, -0.996254, 0, -0.0864711, 25.5, 2.20312, -10.5391)
mesh = SubResource("BoxMesh_i3mve")
type = 1
scriptname = "cornerwebslager_Prisoner.s"

[node name="1432_placeholder" parent="actors/placeholders" instance=ExtResource("29_aopbp")]
transform = Transform3D(-1, 0, -8.74228e-08, 0, 1, 0, 8.74228e-08, 0, -1, -30.5, 1.05469, -56.5)
mesh = SubResource("BoxMesh_i3mve")
type = 1
scriptname = "rootswebslager_Prisoner.s"

[node name="1432_placeholder2" parent="actors/placeholders" instance=ExtResource("29_aopbp")]
