[gd_scene load_steps=37 format=3 uid="uid://el6ellq54rkr"]

[ext_resource type="PackedScene" uid="uid://c4vfwm117mbq3" path="res://game/assets/obj_models/levels/delfhideMap.tscn" id="1_c6bs2"]
[ext_resource type="PackedScene" uid="uid://d1h3rlf05urg4" path="res://game/assets/obj_models/objects/70_portcullis.tscn" id="52_ycdrg"]
[ext_resource type="PackedScene" uid="uid://c7im5vfh0kwjg" path="res://game/assets/obj_models/objects/8_table.tscn" id="53_lxg60"]
[ext_resource type="PackedScene" uid="uid://dwsum2bgos13p" path="res://game/assets/obj_models/objects/45_woodpile.tscn" id="54_s8pkr"]
[ext_resource type="PackedScene" uid="uid://btp3pv5hps6br" path="res://game/assets/obj_models/objects/7_door.tscn" id="55_ck1n5"]
[ext_resource type="PackedScene" uid="uid://cqd6577r2ktcn" path="res://game/assets/obj_models/objects/15_chest_closed.tscn" id="55_dulea"]
[ext_resource type="PackedScene" uid="uid://dh3bsij3hp31u" path="res://game/assets/obj_models/objects/10_chair.tscn" id="56_5it6j"]
[ext_resource type="PackedScene" uid="uid://b4qpvd8g16yp5" path="res://game/assets/obj_models/objects/46_aletap.tscn" id="56_c43ih"]
[ext_resource type="PackedScene" uid="uid://cpqgc8i4mf13q" path="res://game/assets/obj_models/objects/135_darkchest.tscn" id="56_cydep"]
[ext_resource type="PackedScene" uid="uid://bbgadkfwwjvc4" path="res://game/assets/obj_models/objects/195_roots.tscn" id="56_dxlr6"]
[ext_resource type="PackedScene" uid="uid://cnjsbxd8ldclp" path="res://game/assets/obj_models/objects/76_brazier.tscn" id="56_qqfk5"]
[ext_resource type="PackedScene" uid="uid://ddxvslgm0nka2" path="res://game/assets/obj_models/objects/43_torch.tscn" id="56_sh4g1"]
[ext_resource type="PackedScene" uid="uid://c4vakubr576pw" path="res://game/assets/obj_models/objects/39_longtable.tscn" id="57_1e1tk"]
[ext_resource type="PackedScene" uid="uid://dfk6cxelvkjxh" path="res://game/assets/obj_models/objects/35_coatarms.tscn" id="57_2ff40"]
[ext_resource type="PackedScene" uid="uid://c6papdgoewkjm" path="res://game/assets/obj_models/objects/47_grainbag.tscn" id="57_3dmi7"]
[ext_resource type="PackedScene" uid="uid://dydqjaqmjulbu" path="res://game/assets/obj_models/objects/33_celldoor.tscn" id="57_3ujco"]
[ext_resource type="PackedScene" uid="uid://djef6tff82h2f" path="res://game/assets/obj_models/objects/38_ironmaiden.tscn" id="57_5jun3"]
[ext_resource type="PackedScene" uid="uid://cbeso1otjx6wx" path="res://game/assets/obj_models/objects/32_cabinet.tscn" id="57_5u0i4"]
[ext_resource type="PackedScene" uid="uid://dh52c3dps4hiv" path="res://game/assets/obj_models/objects/41_stool.tscn" id="57_5xnx6"]
[ext_resource type="PackedScene" uid="uid://c52hwwxr3h33j" path="res://game/assets/obj_models/objects/17_bag.tscn" id="57_bsny0"]
[ext_resource type="PackedScene" uid="uid://boxaukl0uusj4" path="res://game/assets/obj_models/objects/37_fireplace.tscn" id="57_dujt4"]
[ext_resource type="PackedScene" uid="uid://c7g4474ko2quc" path="res://game/assets/obj_models/objects/71_shadowkey.tscn" id="57_hrlgn"]
[ext_resource type="PackedScene" uid="uid://duiv8qtfstbo3" path="res://game/assets/obj_models/objects/42_throne01.tscn" id="57_okodt"]
[ext_resource type="PackedScene" uid="uid://hju7k8cgoa0t" path="res://game/assets/obj_models/objects/194_mug.tscn" id="57_so4en"]
[ext_resource type="PackedScene" uid="uid://ccb4tgfm5eejy" path="res://game/assets/obj_models/objects/5_sbarrel.tscn" id="57_u1jo0"]
[ext_resource type="PackedScene" uid="uid://dxocggf78snf4" path="res://game/assets/obj_models/objects/121_candelabra.tscn" id="57_utdna"]
[ext_resource type="PackedScene" uid="uid://dxganwh7he137" path="res://game/assets/obj_models/objects/82_urn.tscn" id="57_yovqr"]
[ext_resource type="PackedScene" uid="uid://c40npwbpfe0tm" path="res://game/assets/obj_models/objects/4_bottle.tscn" id="57_yv07r"]
[ext_resource type="PackedScene" uid="uid://qe2rwf35h51o" path="res://game/assets/obj_models/objects/87_shadowdoor.tscn" id="58_2mhua"]
[ext_resource type="PackedScene" uid="uid://dl3smbto3vtvn" path="res://game/assets/obj_models/objects/102_desk.tscn" id="58_aus1r"]
[ext_resource type="PackedScene" uid="uid://ck8hhxos1n324" path="res://game/assets/obj_models/objects/192_cornerweb.tscn" id="58_g3r68"]
[ext_resource type="PackedScene" uid="uid://dspmndefk3bvj" path="res://game/assets/obj_models/objects/193_plate.tscn" id="58_hdtdg"]
[ext_resource type="PackedScene" uid="uid://c7gu63wsnvxs4" path="res://game/assets/obj_models/objects/48_crate.tscn" id="58_hwsyy"]
[ext_resource type="PackedScene" uid="uid://jmbvtt2afgyn" path="res://game/assets/obj_models/objects/44_weaponrack.tscn" id="58_l7ssm"]
[ext_resource type="PackedScene" uid="uid://b0vky6byoqjir" path="res://game/assets/obj_models/objects/31_bed.tscn" id="58_tuyx4"]
[ext_resource type="PackedScene" uid="uid://dii1ud018ih4m" path="res://game/assets/obj_models/objects/40_roundtable.tscn" id="58_wp13s"]

[node name="delfhide" type="Node3D"]

[node name="delfhideMap" parent="." instance=ExtResource("1_c6bs2")]

[node name="Crate" type="Node3D" parent="."]

[node name="48Crate" parent="Crate" instance=ExtResource("58_hwsyy")]
transform = Transform3D(1, 0, 0, 0, 1, 0, 0, 0, 1, 1.461, 15, -47.758)

[node name="48Crate2" parent="Crate" instance=ExtResource("58_hwsyy")]
transform = Transform3D(1, 0, 0, 0, 1, 0, 0, 0, 1, -10.148, 15, -55.266)

[node name="48Crate3" parent="Crate" instance=ExtResource("58_hwsyy")]
transform = Transform3D(1, 0, 0, 0, 1, 0, 0, 0, 1, 57.281, 16.5, 34.5)

[node name="48Crate4" parent="Crate" instance=ExtResource("58_hwsyy")]
transform = Transform3D(1, 0, 0, 0, 1, 0, 0, 0, 1, 57.281, 16.5, 36.5)

[node name="48Crate5" parent="Crate" instance=ExtResource("58_hwsyy")]
transform = Transform3D(0.737045, 0, 0.675844, 0, 1, 0, -0.675844, 0, 0.737045, 48.25, 16.5, 39.039)

[node name="48Crate6" parent="Crate" instance=ExtResource("58_hwsyy")]
transform = Transform3D(1, 0, 0, 0, 1, 0, 0, 0, 1, 54.5, 16.5, 31.914)

[node name="48Crate7" parent="Crate" instance=ExtResource("58_hwsyy")]
transform = Transform3D(1.3125, 0, 0, 0, 1.3125, 0, 0, 0, 1.3125, 53.539, 16.5, 39.047)

[node name="48Crate8" parent="Crate" instance=ExtResource("58_hwsyy")]
transform = Transform3D(1, 0, 0, 0, 1, 0, 0, 0, 1, 56.9922, 16.5, 26.9062)

[node name="48Crate9" parent="Crate" instance=ExtResource("58_hwsyy")]
transform = Transform3D(1, 0, 0, 0, 1, 0, 0, 0, 1, 57.3203, 16.5, 21.8359)

[node name="48Crate10" parent="Crate" instance=ExtResource("58_hwsyy")]
transform = Transform3D(1, 0, 0, 0, 1, 0, 0, 0, 1, 52.1016, 16.5, 29.3281)

[node name="48Crate11" parent="Crate" instance=ExtResource("58_hwsyy")]
transform = Transform3D(0.605064, 0, 0.326426, 0, 0.6875, 0, -0.326426, 0, 0.605064, 41.9688, 16.5, 49.1641)

[node name="48Crate12" parent="Crate" instance=ExtResource("58_hwsyy")]
transform = Transform3D(1, 0, 0, 0, 1, 0, 0, 0, 1, 38.3281, 16.5, 49.1797)

[node name="48Crate13" parent="Crate" instance=ExtResource("58_hwsyy")]
transform = Transform3D(0.737045, 0, 0.675844, 0, 1, 0, -0.675844, 0, 0.737045, 37.1094, 16.5, 44.5469)

[node name="48Crate14" parent="Crate" instance=ExtResource("58_hwsyy")]
transform = Transform3D(1, 0, 0, 0, 1, 0, 0, 0, 1, 45.125, 16.5, 44.1953)

[node name="48Crate15" parent="Crate" instance=ExtResource("58_hwsyy")]
transform = Transform3D(1, 0, 0, 0, 1, 0, 0, 0, 1, 27.1797, 16.5, 46.5)

[node name="48Crate16" parent="Crate" instance=ExtResource("58_hwsyy")]
transform = Transform3D(1, 0, 0, 0, 1, 0, 0, 0, 1, 27.2969, 16.5, 44.5)

[node name="48Crate17" parent="Crate" instance=ExtResource("58_hwsyy")]
transform = Transform3D(1, 0, 0, 0, 1, 0, 0, 0, 1, 14.8984, 16.5, 49.0078)

[node name="48Crate18" parent="Crate" instance=ExtResource("58_hwsyy")]
transform = Transform3D(1, 0, 0, 0, 1, 0, 0, 0, 1, 14.7969, 16.5, 44.5469)

[node name="48Crate19" parent="Crate" instance=ExtResource("58_hwsyy")]
transform = Transform3D(1, 0, 0, 0, 1, 0, 0, 0, 1, -25.9141, 16.5, 56.5)

[node name="48Crate20" parent="Crate" instance=ExtResource("58_hwsyy")]
transform = Transform3D(1, 0, 0, 0, 1, 0, 0, 0, 1, -25.9141, 16.5, 54.5)

[node name="48Crate21" parent="Crate" instance=ExtResource("58_hwsyy")]
transform = Transform3D(1, 0, 0, 0, 1, 0, 0, 0, 1, -51.5, 16.5, 36.125)

[node name="48Crate22" parent="Crate" instance=ExtResource("58_hwsyy")]
transform = Transform3D(1, 0, 0, 0, 1, 0, 0, 0, 1, -56.6406, 16.5, 29.6172)

[node name="48Crate23" parent="Crate" instance=ExtResource("58_hwsyy")]
transform = Transform3D(1, 0, 0, 0, 1, 0, 0, 0, 1, -27.453, 16.5, 0.891)

[node name="48Crate24" parent="Crate" instance=ExtResource("58_hwsyy")]
transform = Transform3D(1, 0, 0, 0, 1, 0, 0, 0, 1, -37.3828, 16.5, 9.07031)

[node name="48Crate25" parent="Crate" instance=ExtResource("58_hwsyy")]
transform = Transform3D(1, 0, 0, 0, 1, 0, 0, 0, 1, -37.3828, 16.5, 7.07031)

[node name="48Crate26" parent="Crate" instance=ExtResource("58_hwsyy")]
transform = Transform3D(1, 0, 0, 0, 1, 0, 0, 0, 1, -21.734, 20.5, 12.344)

[node name="48Crate27" parent="Crate" instance=ExtResource("58_hwsyy")]
transform = Transform3D(1, 0, 0, 0, 1, 0, 0, 0, 1, -42.8906, 15, -52.5)

[node name="48Crate28" parent="Crate" instance=ExtResource("58_hwsyy")]
transform = Transform3D(1, 0, 0, 0, 1, 0, 0, 0, 1, -51.1094, 15, -52.5)

[node name="48Crate29" parent="Crate" instance=ExtResource("58_hwsyy")]
transform = Transform3D(1, 0, 0, 0, 1, 0, 0, 0, 1, 40.5, 16.5, -17.891)

[node name="48Crate30" parent="Crate" instance=ExtResource("58_hwsyy")]
transform = Transform3D(1, 0, 0, 0, 1, 0, 0, 0, 1, 0.5, 16.5, -40.719)

[node name="48Crate31" parent="Crate" instance=ExtResource("58_hwsyy")]
transform = Transform3D(1, 0, 0, 0, 1, 0, 0, 0, 1, 39.5, 16.5, -40.719)

[node name="48Crate32" parent="Crate" instance=ExtResource("58_hwsyy")]
transform = Transform3D(-1.19209e-07, 0, -1, 0, 1, 0, 1, 0, -1.19209e-07, -25.8203, 16.5, 52.4531)

[node name="48Crate33" parent="Crate" instance=ExtResource("58_hwsyy")]
transform = Transform3D(-1.19209e-07, 0, -1, 0, 1, 0, 1, 0, -1.19209e-07, -33.0625, 16.5, 52.2734)

[node name="Chest" type="Node3D" parent="."]

[node name="15ChestClosed" parent="Chest" instance=ExtResource("55_dulea")]
transform = Transform3D(-0.0370969, 0, 0.999312, 0, 1, 0, -0.999312, 0, -0.0370969, -16.2266, 16.5, 55.5)

[node name="15ChestClosed2" parent="Chest" instance=ExtResource("55_dulea")]
transform = Transform3D(-0.0370969, 0, 0.999312, 0, 1, 0, -0.999312, 0, -0.0370969, -16.1484, 16.5, 52.5)

[node name="15ChestClosed3" parent="Chest" instance=ExtResource("55_dulea")]
transform = Transform3D(-0.0370969, 0, 0.999312, 0, 1, 0, -0.999312, 0, -0.0370969, -23.2031, 16.5, 52.5)

[node name="15ChestClosed4" parent="Chest" instance=ExtResource("55_dulea")]
transform = Transform3D(-0.0370969, 0, 0.999312, 0, 1, 0, -0.999312, 0, -0.0370969, -23.2031, 16.5, 55.5)

[node name="15ChestClosed5" parent="Chest" instance=ExtResource("55_dulea")]
transform = Transform3D(-0.0370969, 0, -0.999312, 0, 1, 0, 0.999312, 0, -0.0370969, -61.0625, 16.5, 55.5)

[node name="15ChestClosed6" parent="Chest" instance=ExtResource("55_dulea")]
transform = Transform3D(-0.0370969, 0, -0.999312, 0, 1, 0, 0.999312, 0, -0.0370969, -61.0625, 16.5, 52.5)

[node name="15ChestClosed7" parent="Chest" instance=ExtResource("55_dulea")]
transform = Transform3D(-0.0370969, 0, -0.999312, 0, 1, 0, 0.999312, 0, -0.0370969, -54.9375, 16.5, 55.5)

[node name="15ChestClosed8" parent="Chest" instance=ExtResource("55_dulea")]
transform = Transform3D(-0.0370969, 0, -0.999312, 0, 1, 0, 0.999312, 0, -0.0370969, -54.9375, 16.5, 52.5)

[node name="15ChestClosed9" parent="Chest" instance=ExtResource("55_dulea")]
transform = Transform3D(1, 0, 0, 0, 1, 0, 0, 0, 1, -51.5, 16.5, 44.5)

[node name="15ChestClosed10" parent="Chest" instance=ExtResource("55_dulea")]
transform = Transform3D(1, 0, 0, 0, 1, 0, 0, 0, 1, -57.5, 16.5, 44.5)

[node name="15ChestClosed11" parent="Chest" instance=ExtResource("55_dulea")]
transform = Transform3D(1, 0, 0, 0, 1, 0, 0, 0, 1, -54.5, 16.5, 44.5)

[node name="15ChestClosed12" parent="Chest" instance=ExtResource("55_dulea")]
transform = Transform3D(1, 0, 0, 0, 1, 0, 0, 0, 1, 31.5, 16.5, -41.477)

[node name="15ChestClosed13" parent="Chest" instance=ExtResource("55_dulea")]
transform = Transform3D(-0.0247345, 0, -0.999694, 0, 1, 0, 0.999694, 0, -0.0247345, -57.6328, 16.5, 34.5)

[node name="15ChestClosed14" parent="Chest" instance=ExtResource("55_dulea")]
transform = Transform3D(-0.0247345, 0, -0.999694, 0, 1, 0, 0.999694, 0, -0.0247345, -57.5938, 16.5, 31.5)

[node name="15ChestClosed15" parent="Chest" instance=ExtResource("55_dulea")]
transform = Transform3D(-0.0370969, 0, -0.999312, 0, 1, 0, 0.999312, 0, -0.0370969, 41.5, 15, -52.281)

[node name="15ChestClosed16" parent="Chest" instance=ExtResource("55_dulea")]
transform = Transform3D(1, 0, 0, 0, 1, 0, 0, 0, 1, 58.5, 15, -54.5)

[node name="15ChestClosed17" parent="Chest" instance=ExtResource("55_dulea")]
transform = Transform3D(-0.0123681, 0, -0.999924, 0, 1, 0, 0.999924, 0, -0.0123681, -44.3594, 16.5, -32.9297)

[node name="15ChestClosed18" parent="Chest" instance=ExtResource("55_dulea")]
transform = Transform3D(0.0123681, 0, -0.999924, 0, 1, 0, 0.999924, 0, 0.0123681, -44.3594, 16.5, -27.8984)

[node name="15ChestClosed19" parent="Chest" instance=ExtResource("55_dulea")]
transform = Transform3D(-0.0123681, 0, -0.999924, 0, 1, 0, 0.999924, 0, -0.0123681, -44.32, 16.5, -25.328)

[node name="15ChestClosed20" parent="Chest" instance=ExtResource("55_dulea")]
transform = Transform3D(-0.0123681, 0, -0.999924, 0, 1, 0, 0.999924, 0, -0.0123681, -44.4062, 16.5, -30.4375)

[node name="15ChestClosed21" parent="Chest" instance=ExtResource("55_dulea")]
transform = Transform3D(1, 0, 0, 0, 1, 0, 0, 0, 1, 59.031, 9.75, 7.148)

[node name="15ChestClosed22" parent="Chest" instance=ExtResource("55_dulea")]
transform = Transform3D(1, 0, 0, 0, 1, 0, 0, 0, 1, -55.969, 11.5, -19.937)

[node name="15ChestClosed23" parent="Chest" instance=ExtResource("55_dulea")]
transform = Transform3D(1, 0, 0, 0, 1, 0, 0, 0, 1, 37.5, 16.5, -15.766)

[node name="Torch" type="Node3D" parent="."]

[node name="43Torch" parent="Torch" instance=ExtResource("56_sh4g1")]
transform = Transform3D(-0.985046, 0, 0.172295, 0, 1, 0, -0.172295, 0, -0.985046, 57.4321, 12.6562, 6.0926)

[node name="43Torch2" parent="Torch" instance=ExtResource("56_sh4g1")]
transform = Transform3D(-0.985046, 0, 0.172295, 0, 1, 0, -0.172295, 0, -0.985046, 60.6274, 12.6562, 6.0926)

[node name="43Torch3" parent="Torch" instance=ExtResource("56_sh4g1")]
transform = Transform3D(0.0864711, 0, 0.996254, 0, 1, 0, -0.996254, 0, 0.0864711, 60.8404, 19.6875, 41.6289)

[node name="43Torch4" parent="Torch" instance=ExtResource("56_sh4g1")]
transform = Transform3D(-0.0370969, 0, 0.999312, 0, 1, 0, -0.999312, 0, -0.0370969, 53.9345, 19.8828, 48.0199)

[node name="43Torch5" parent="Torch" instance=ExtResource("56_sh4g1")]
transform = Transform3D(0.0864711, 0, 0.996254, 0, 1, 0, -0.996254, 0, 0.0864711, 49.9185, 19.8828, 55.5117)

[node name="43Torch6" parent="Torch" instance=ExtResource("56_sh4g1")]
transform = Transform3D(1, 0, 0, 0, 1, 0, 0, 0, 1, 41.4878, 19.8828, 57.9297)

[node name="43Torch7" parent="Torch" instance=ExtResource("56_sh4g1")]
transform = Transform3D(-0.998776, 0, 0.0494537, 0, 1, 0, -0.0494537, 0, -0.998776, -38.3708, 20.0391, -34.8452)

[node name="43Torch8" parent="Torch" instance=ExtResource("56_sh4g1")]
transform = Transform3D(1, 0, 0, 0, 1, 0, 0, 0, 1, -38.6294, 20.0391, -23.0703)

[node name="43Torch9" parent="Torch" instance=ExtResource("56_sh4g1")]
transform = Transform3D(-0.0370969, 0, -0.999312, 0, 1, 0, 0.999312, 0, -0.0370969, -44.9249, 19.8047, -29.6293)

[node name="43Torch10" parent="Torch" instance=ExtResource("56_sh4g1")]
transform = Transform3D(0.0864711, 0, -0.996254, 0, 1, 0, 0.996254, 0, 0.0864711, -51.9409, 18.4766, -52.6289)

[node name="43Torch11" parent="Torch" instance=ExtResource("56_sh4g1")]
transform = Transform3D(-0.985046, 0, 0.172295, 0, 1, 0, -0.172295, 0, -0.985046, -47.3726, 18.4766, -57.9074)

[node name="43Torch12" parent="Torch" instance=ExtResource("56_sh4g1")]
transform = Transform3D(0.0864711, 0, 0.996254, 0, 1, 0, -0.996254, 0, 0.0864711, -42.0815, 18.4766, -52.3711)

[node name="43Torch13" parent="Torch" instance=ExtResource("56_sh4g1")]
transform = Transform3D(0.0864711, 0, -0.996254, 0, 1, 0, 0.996254, 0, 0.0864711, -39.9409, 18.4766, -52.3164)

[node name="43Torch14" parent="Torch" instance=ExtResource("56_sh4g1")]
transform = Transform3D(0.0864711, 0, 0.996254, 0, 1, 0, -0.996254, 0, 0.0864711, -28.0815, 18.4766, -52.3711)

[node name="43Torch15" parent="Torch" instance=ExtResource("56_sh4g1")]
transform = Transform3D(-0.985046, 0, 0.172295, 0, 1, 0, -0.172295, 0, -0.985046, -34.3726, 18.4766, -55.9074)

[node name="43Torch16" parent="Torch" instance=ExtResource("56_sh4g1")]
transform = Transform3D(0.0864711, 0, 0.996254, 0, 1, 0, -0.996254, 0, 0.0864711, -50.0815, 16.9531, -32.3711)

[node name="43Torch17" parent="Torch" instance=ExtResource("56_sh4g1")]
transform = Transform3D(-0.998776, 0, 0.0494537, 0, 1, 0, -0.0494537, 0, -0.998776, -58.3708, 17.9297, -57.9233)

[node name="43Torch18" parent="Torch" instance=ExtResource("56_sh4g1")]
transform = Transform3D(0.0864711, 0, 0.996254, 0, 1, 0, -0.996254, 0, 0.0864711, -54.1206, 18.125, -50.3711)

[node name="43Torch19" parent="Torch" instance=ExtResource("56_sh4g1")]
transform = Transform3D(0.0864711, 0, -0.996254, 0, 1, 0, 0.996254, 0, 0.0864711, -61.9409, 18.2422, -42.0195)

[node name="43Torch20" parent="Torch" instance=ExtResource("56_sh4g1")]
transform = Transform3D(1, 0, 0, 0, 1, 0, 0, 0, 1, -55.6294, 15, -19.0703)

[node name="43Torch21" parent="Torch" instance=ExtResource("56_sh4g1")]
transform = Transform3D(-0.998776, 0, 0.0494537, 0, 1, 0, -0.0494537, 0, -0.998776, -50.3708, 18.3203, -45.9233)

[node name="43Torch22" parent="Torch" instance=ExtResource("56_sh4g1")]
transform = Transform3D(1, 0, 0, 0, 1, 0, 0, 0, 1, -33.8482, 18.2422, -40.0703)

[node name="43Torch23" parent="Torch" instance=ExtResource("56_sh4g1")]
transform = Transform3D(-0.998776, 0, 0.0494537, 0, 1, 0, -0.0494537, 0, -0.998776, -40.3708, 18.3203, -45.9233)

[node name="43Torch24" parent="Torch" instance=ExtResource("56_sh4g1")]
transform = Transform3D(0.0864711, 0, 0.996254, 0, 1, 0, -0.996254, 0, 0.0864711, -13.0815, 19.6875, -31.3711)

[node name="43Torch25" parent="Torch" instance=ExtResource("56_sh4g1")]
transform = Transform3D(-0.0370969, 0, -0.999312, 0, 1, 0, 0.999312, 0, -0.0370969, -26.9249, 18.125, -50.6293)

[node name="43Torch26" parent="Torch" instance=ExtResource("56_sh4g1")]
transform = Transform3D(0.0864711, 0, 0.996254, 0, 1, 0, -0.996254, 0, 0.0864711, -18.0815, 18.125, -50.3711)

[node name="43Torch27" parent="Torch" instance=ExtResource("56_sh4g1")]
transform = Transform3D(-0.985046, 0, 0.172295, 0, 1, 0, -0.172295, 0, -0.985046, -22.3726, 18.3594, -57.9465)

[node name="43Torch28" parent="Torch" instance=ExtResource("56_sh4g1")]
transform = Transform3D(-0.985046, 0, 0.172295, 0, 1, 0, -0.172295, 0, -0.985046, -38.3726, 18.3594, -38.9465)

[node name="43Torch29" parent="Torch" instance=ExtResource("56_sh4g1")]
transform = Transform3D(1, 0, 0, 0, 1, 0, 0, 0, 1, -21.6294, 18.125, -36.0312)

[node name="43Torch30" parent="Torch" instance=ExtResource("56_sh4g1")]
transform = Transform3D(0.0987864, 0, -0.995109, 0, 1, 0, 0.995109, 0, 0.0987864, -31.9425, 20, -25.6287)

[node name="43Torch31" parent="Torch" instance=ExtResource("56_sh4g1")]
transform = Transform3D(-0.985046, 0, 0.172295, 0, 1, 0, -0.172295, 0, -0.985046, -38.3726, 20, -21.9074)

[node name="43Torch32" parent="Torch" instance=ExtResource("56_sh4g1")]
transform = Transform3D(1, 0, 0, 0, 1, 0, 0, 0, 1, -21.6294, 20, -10.0703)

[node name="43Torch33" parent="Torch" instance=ExtResource("56_sh4g1")]
transform = Transform3D(-0.985046, 0, 0.172295, 0, 1, 0, -0.172295, 0, -0.985046, -22.3726, 20, -21.9074)

[node name="43Torch34" parent="Torch" instance=ExtResource("56_sh4g1")]
transform = Transform3D(0.0864711, 0, 0.996254, 0, 1, 0, -0.996254, 0, 0.0864711, -3.0815, 19.6875, -22.543)

[node name="43Torch35" parent="Torch" instance=ExtResource("56_sh4g1")]
transform = Transform3D(0.0864711, 0, 0.996254, 0, 1, 0, -0.996254, 0, 0.0864711, -3.0815, 18.2812, -38.3711)

[node name="43Torch36" parent="Torch" instance=ExtResource("56_sh4g1")]
transform = Transform3D(-0.999694, 0, -0.0247344, 0, 1, 0, 0.0247344, 0, -0.999694, -0.487872, 18.3203, -52.972)

[node name="43Torch37" parent="Torch" instance=ExtResource("56_sh4g1")]
transform = Transform3D(-0.999923, 0, 0.0123682, 0, 1, 0, -0.0123682, 0, -0.999923, -4.48784, 18.2812, -52.9672)

[node name="43Torch38" parent="Torch" instance=ExtResource("56_sh4g1")]
transform = Transform3D(-0.0370969, 0, 0.999312, 0, 1, 0, -0.999312, 0, -0.0370969, 4.97355, 18.1641, -49.5269)

[node name="43Torch39" parent="Torch" instance=ExtResource("56_sh4g1")]
transform = Transform3D(0.0864711, 0, 0.996254, 0, 1, 0, -0.996254, 0, 0.0864711, 4.95756, 18.1641, -52.4883)

[node name="43Torch40" parent="Torch" instance=ExtResource("56_sh4g1")]
transform = Transform3D(0.0741426, 0, -0.997248, 0, 1, 0, 0.997248, 0, 0.0741426, -9.97834, 18.2031, -49.5118)

[node name="43Torch41" parent="Torch" instance=ExtResource("56_sh4g1")]
transform = Transform3D(-0.0864711, 0, -0.996254, 0, 1, 0, 0.996254, 0, -0.0864711, -9.95756, 18.2031, -52.5117)

[node name="43Torch42" parent="Torch" instance=ExtResource("56_sh4g1")]
transform = Transform3D(-0.0370969, 0, -0.999312, 0, 1, 0, 0.999312, 0, -0.0370969, 13.036, 18.125, -52.0043)

[node name="43Torch43" parent="Torch" instance=ExtResource("56_sh4g1")]
transform = Transform3D(-0.0370969, 0, 0.999312, 0, 1, 0, -0.999312, 0, -0.0370969, 41.9345, 18.1641, -51.9801)

[node name="43Torch44" parent="Torch" instance=ExtResource("56_sh4g1")]
transform = Transform3D(-0.997248, 0, 0.0741428, 0, 1, 0, -0.0741428, 0, -0.997248, 57.629, 18.4375, -57.9201)

[node name="43Torch45" parent="Torch" instance=ExtResource("56_sh4g1")]
transform = Transform3D(-0.995109, 0, 0.0987864, 0, 1, 0, -0.0987864, 0, -0.995109, 52.5506, 18.4375, -57.956)

[node name="43Torch46" parent="Torch" instance=ExtResource("56_sh4g1")]
transform = Transform3D(1, 0, 0, 0, 1, 0, 0, 0, 1, 57.5425, 18.4375, -47.0312)

[node name="43Torch47" parent="Torch" instance=ExtResource("56_sh4g1")]
transform = Transform3D(1, 0, 0, 0, 1, 0, 0, 0, 1, 52.019, 18.4375, -47.0312)

[node name="43Torch48" parent="Torch" instance=ExtResource("56_sh4g1")]
transform = Transform3D(-0.0370969, 0, -0.999312, 0, 1, 0, 0.999312, 0, -0.0370969, 47.036, 18.125, -38.5746)

[node name="43Torch49" parent="Torch" instance=ExtResource("56_sh4g1")]
transform = Transform3D(-0.0370969, 0, -0.999312, 0, 1, 0, 0.999312, 0, -0.0370969, 47.036, 18.125, -35.2387)

[node name="43Torch50" parent="Torch" instance=ExtResource("56_sh4g1")]
transform = Transform3D(-0.0370969, 0, 0.999312, 0, 1, 0, -0.999312, 0, -0.0370969, 57.9345, 18.125, -37.3473)

[node name="43Torch51" parent="Torch" instance=ExtResource("56_sh4g1")]
transform = Transform3D(0.086471, 2.23517e-08, 0.996254, 0.122908, 0.992361, -0.0106679, -0.988644, 0.12337, 0.0858104, 57.9576, 19.6716, -21.1533)

[node name="43Torch52" parent="Torch" instance=ExtResource("56_sh4g1")]
transform = Transform3D(1, 0, 0, 0, 1, 0, 0, 0, 1, 52.4878, 20, 3.96875)

[node name="43Torch53" parent="Torch" instance=ExtResource("56_sh4g1")]
transform = Transform3D(-0.999694, 0, -0.0247344, 0, 1, 0, 0.0247344, 0, -0.999694, 52.5902, 20, -7.93289)

[node name="43Torch54" parent="Torch" instance=ExtResource("56_sh4g1")]
transform = Transform3D(0.0864711, 0, 0.996254, 0, 1, 0, -0.996254, 0, 0.0864711, 56.9576, 20, -3.48832)

[node name="43Torch55" parent="Torch" instance=ExtResource("56_sh4g1")]
transform = Transform3D(0.0864711, 0, 0.996254, 0, 1, 0, -0.996254, 0, 0.0864711, 57.9576, 19.6875, 24.0195)

[node name="43Torch56" parent="Torch" instance=ExtResource("56_sh4g1")]
transform = Transform3D(0.0864711, 0, 0.996254, 0, 1, 0, -0.996254, 0, 0.0864711, 57.9576, 19.8438, 35.9805)

[node name="43Torch57" parent="Torch" instance=ExtResource("56_sh4g1")]
transform = Transform3D(1, 0, 0, 0, 1, 0, 0, 0, 1, 39.3706, 19.8828, 49.9688)

[node name="43Torch58" parent="Torch" instance=ExtResource("56_sh4g1")]
transform = Transform3D(0.0864711, 0, 0.996254, 0, 1, 0, -0.996254, 0, 0.0864711, 45.9576, 19.8828, 41.8477)

[node name="43Torch59" parent="Torch" instance=ExtResource("56_sh4g1")]
transform = Transform3D(1, 0, 0, 0, 1, 0, 0, 0, 1, 16.3706, 19.8047, 49.9688)

[node name="43Torch60" parent="Torch" instance=ExtResource("56_sh4g1")]
transform = Transform3D(1, 0, 0, 0, 1, 0, 0, 0, 1, 25.3706, 19.8047, 49.9297)

[node name="43Torch61" parent="Torch" instance=ExtResource("56_sh4g1")]
transform = Transform3D(-0.0370969, 0, 0.999312, 0, 1, 0, -0.999312, 0, -0.0370969, -25.0655, 19.8828, 54.2387)

[node name="43Torch62" parent="Torch" instance=ExtResource("56_sh4g1")]
transform = Transform3D(1, 0, 0, 0, 1, 0, 0, 0, 1, -1.62936, 22.2266, 58.0078)

[node name="43Torch63" parent="Torch" instance=ExtResource("56_sh4g1")]
transform = Transform3D(1, 0, 0, 0, 1, 0, 0, 0, 1, -7.62936, 22.2266, 58.0078)

[node name="43Torch64" parent="Torch" instance=ExtResource("56_sh4g1")]
transform = Transform3D(-0.998776, 0, 0.0494537, 0, 1, 0, -0.0494537, 0, -0.998776, -6.98018, 20.0781, 47.0767)

[node name="43Torch65" parent="Torch" instance=ExtResource("56_sh4g1")]
transform = Transform3D(-0.998776, 0, 0.0494537, 0, 1, 0, -0.0494537, 0, -0.998776, -2.72236, 20.0781, 47.0767)

[node name="43Torch66" parent="Torch" instance=ExtResource("56_sh4g1")]
transform = Transform3D(1, 0, 0, 0, 1, 0, 0, 0, 1, -33.6294, 15.4297, 53.5)

[node name="43Torch67" parent="Torch" instance=ExtResource("56_sh4g1")]
transform = Transform3D(1, 0, 0, 0, 1, 0, 0, 0, 1, -25.6294, 15, 53.5)

[node name="43Torch68" parent="Torch" instance=ExtResource("56_sh4g1")]
transform = Transform3D(-0.998776, 0, 0.0494537, 0, 1, 0, -0.0494537, 0, -0.998776, -48.7614, 19.8828, 51.0376)

[node name="43Torch69" parent="Torch" instance=ExtResource("56_sh4g1")]
transform = Transform3D(-0.998776, 0, 0.0494537, 0, 1, 0, -0.0494537, 0, -0.998776, -53.3708, 19.9609, 47.1158)

[node name="43Torch70" parent="Torch" instance=ExtResource("56_sh4g1")]
transform = Transform3D(1, 0, 0, 0, 1, 0, 0, 0, 1, -54.6294, 19.7656, 45.9688)

[node name="43Torch71" parent="Torch" instance=ExtResource("56_sh4g1")]
transform = Transform3D(-0.985046, 0, 0.172295, 0, 1, 0, -0.172295, 0, -0.985046, -54.3726, 19.7656, 38.0535)

[node name="43Torch72" parent="Torch" instance=ExtResource("56_sh4g1")]
transform = Transform3D(1, 0, 0, 0, 1, 0, 0, 0, 1, -54.6294, 19.7656, 36.9688)

[node name="43Torch73" parent="Torch" instance=ExtResource("56_sh4g1")]
transform = Transform3D(-0.985046, 0, 0.172295, 0, 1, 0, -0.172295, 0, -0.985046, -54.3726, 19.7656, 29.0535)

[node name="43Torch74" parent="Torch" instance=ExtResource("56_sh4g1")]
transform = Transform3D(-0.0370969, 0, 0.999312, 0, 1, 0, -0.999312, 0, -0.0370969, -25.0655, 19.8828, 29.6293)

[node name="43Torch75" parent="Torch" instance=ExtResource("56_sh4g1")]
transform = Transform3D(-0.0370969, 0, 0.999312, 0, 1, 0, -0.999312, 0, -0.0370969, -25.0655, 19.8828, 20.0512)

[node name="43Torch76" parent="Torch" instance=ExtResource("56_sh4g1")]
transform = Transform3D(-0.160098, 0, 0.987101, 0, 1, 0, -0.987101, 0, -0.160098, -17.0887, 19.8828, 41.7839)

[node name="43Torch77" parent="Torch" instance=ExtResource("56_sh4g1")]
transform = Transform3D(-0.160098, 0, -0.987101, 0, 1, 0, 0.987101, 0, -0.160098, -48.8309, 19.8828, 37.7629)

[node name="43Torch78" parent="Torch" instance=ExtResource("56_sh4g1")]
transform = Transform3D(-0.0370969, 0, 0.999312, 0, 1, 0, -0.999312, 0, -0.0370969, -38.1046, 19.8828, 32.0824)

[node name="43Torch79" parent="Torch" instance=ExtResource("56_sh4g1")]
transform = Transform3D(-0.0370969, 0, 0.999312, 0, 1, 0, -0.999312, 0, -0.0370969, -38.1046, 19.8828, 22.059)

[node name="43Torch80" parent="Torch" instance=ExtResource("56_sh4g1")]
transform = Transform3D(-0.998776, 0, 0.0494537, 0, 1, 0, -0.0494537, 0, -0.998776, -46.8083, 19.8438, 15.1158)

[node name="43Torch81" parent="Torch" instance=ExtResource("56_sh4g1")]
transform = Transform3D(-0.160098, 0, -0.987101, 0, 1, 0, 0.987101, 0, -0.160098, -54.8699, 19.6875, 8.95826)

[node name="43Torch82" parent="Torch" instance=ExtResource("56_sh4g1")]
transform = Transform3D(-0.160098, 0, -0.987101, 0, 1, 0, 0.987101, 0, -0.160098, -54.8699, 19.6875, 2.95825)

[node name="43Torch83" parent="Torch" instance=ExtResource("56_sh4g1")]
transform = Transform3D(-0.160098, 0, -0.987101, 0, 1, 0, 0.987101, 0, -0.160098, -54.8699, 19.6875, -2.04175)

[node name="43Torch84" parent="Torch" instance=ExtResource("56_sh4g1")]
transform = Transform3D(-0.160098, 0, -0.987101, 0, 1, 0, 0.987101, 0, -0.160098, -54.8699, 19.6875, -7.04175)

[node name="43Torch85" parent="Torch" instance=ExtResource("56_sh4g1")]
transform = Transform3D(-0.160098, 0, -0.987101, 0, 1, 0, 0.987101, 0, -0.160098, -54.8699, 19.6875, -12.0418)

[node name="43Torch86" parent="Torch" instance=ExtResource("56_sh4g1")]
transform = Transform3D(-0.160098, 0, 0.987101, 0, 1, 0, -0.987101, 0, -0.160098, -40.0496, 19.8438, 1.97925)

[node name="43Torch87" parent="Torch" instance=ExtResource("56_sh4g1")]
transform = Transform3D(-0.160098, 0, 0.987101, 0, 1, 0, -0.987101, 0, -0.160098, -40.0496, 19.8438, 7.97925)

[node name="43Torch88" parent="Torch" instance=ExtResource("56_sh4g1")]
transform = Transform3D(-0.999694, 0, -0.0247344, 0, 1, 0, 0.0247344, 0, -0.999694, -40.5895, 19.8438, -13.9329)

[node name="43Torch89" parent="Torch" instance=ExtResource("56_sh4g1")]
transform = Transform3D(-0.0370969, 0, -0.999312, 0, 1, 0, 0.999312, 0, -0.0370969, -58.9249, 19.8047, 9.98014)

[node name="43Torch90" parent="Torch" instance=ExtResource("56_sh4g1")]
transform = Transform3D(-0.0370969, 0, -0.999312, 0, 1, 0, 0.999312, 0, -0.0370969, -58.9249, 19.8047, 0.980114)

[node name="43Torch91" parent="Torch" instance=ExtResource("56_sh4g1")]
transform = Transform3D(-0.998776, 0, 0.0494537, 0, 1, 0, -0.0494537, 0, -0.998776, -57.3708, 19.8438, -17.9233)

[node name="43Torch92" parent="Torch" instance=ExtResource("56_sh4g1")]
transform = Transform3D(-0.0370969, 0, -0.999312, 0, 1, 0, 0.999312, 0, -0.0370969, -58.9249, 19.8047, 18.9332)

[node name="43Torch93" parent="Torch" instance=ExtResource("56_sh4g1")]
transform = Transform3D(-0.0370969, 0, -0.999312, 0, 1, 0, 0.999312, 0, -0.0370969, -58.9249, 19.8047, 25.8004)

[node name="43Torch94" parent="Torch" instance=ExtResource("56_sh4g1")]
transform = Transform3D(0.0864711, 0, 0.996254, 0, 1, 0, -0.996254, 0, 0.0864711, -21.144, 23.7891, 9.06637)

[node name="43Torch95" parent="Torch" instance=ExtResource("56_sh4g1")]
transform = Transform3D(0.0864711, 0, 0.996254, 0, 1, 0, -0.996254, 0, 0.0864711, -21.144, 23.7891, -1.37113)

[node name="43Torch96" parent="Torch" instance=ExtResource("56_sh4g1")]
transform = Transform3D(-0.985046, 0, 0.172295, 0, 1, 0, -0.172295, 0, -0.985046, -37.3726, 19.8828, 47.0926)

[node name="43Torch97" parent="Torch" instance=ExtResource("56_sh4g1")]
transform = Transform3D(-0.985046, 0, 0.172295, 0, 1, 0, -0.172295, 0, -0.985046, -29.3726, 19.8828, 47.0926)

[node name="43Torch98" parent="Torch" instance=ExtResource("56_sh4g1")]
transform = Transform3D(-0.985046, 0, 0.172295, 0, 1, 0, -0.172295, 0, -0.985046, -18.3726, 19.8828, 47.0926)

[node name="43Torch99" parent="Torch" instance=ExtResource("56_sh4g1")]
transform = Transform3D(-0.0370969, 0, 0.999312, 0, 1, 0, -0.999312, 0, -0.0370969, -11.0655, 19.8828, 54.6293)

[node name="43Torch100" parent="Torch" instance=ExtResource("56_sh4g1")]
transform = Transform3D(1, 0, 0, 0, 1, 0, 0, 0, 1, -1.62936, 19.8828, 61.9297)

[node name="43Torch101" parent="Torch" instance=ExtResource("56_sh4g1")]
transform = Transform3D(-0.0370969, 0, 0.999312, 0, 1, 0, -0.999312, 0, -0.0370969, 4.93449, 19.8828, 56.6293)

[node name="43Torch102" parent="Torch" instance=ExtResource("56_sh4g1")]
transform = Transform3D(-0.985046, 0, 0.172295, 0, 1, 0, -0.172295, 0, -0.985046, 5.62742, 19.8828, 38.0926)

[node name="43Torch103" parent="Torch" instance=ExtResource("56_sh4g1")]
transform = Transform3D(1, 0, 0, 0, 1, 0, 0, 0, 1, -0.629354, 19.8828, 45.9297)

[node name="43Torch104" parent="Torch" instance=ExtResource("56_sh4g1")]
transform = Transform3D(1, 0, 0, 0, 1, 0, 0, 0, 1, -8.62935, 19.8828, 45.9297)

[node name="43Torch105" parent="Torch" instance=ExtResource("56_sh4g1")]
transform = Transform3D(-0.985046, 0, 0.172295, 0, 1, 0, -0.172295, 0, -0.985046, -9.37258, 19.8828, 38.0926)

[node name="43Torch106" parent="Torch" instance=ExtResource("56_sh4g1")]
transform = Transform3D(0.0864711, 0, 0.996254, 0, 1, 0, -0.996254, 0, 0.0864711, 12.9185, 19.8828, 44.6289)

[node name="43Torch107" parent="Torch" instance=ExtResource("56_sh4g1")]
transform = Transform3D(1, 0, 0, 0, 1, 0, 0, 0, 1, 9.37064, 19.8828, 53.9297)

[node name="43Torch108" parent="Torch" instance=ExtResource("56_sh4g1")]
transform = Transform3D(-0.985046, 0, 0.172295, 0, 1, 0, -0.172295, 0, -0.985046, 25.6274, 19.8828, 51.0926)

[node name="43Torch109" parent="Torch" instance=ExtResource("56_sh4g1")]
transform = Transform3D(0.0864711, 0, 0.996254, 0, 1, 0, -0.996254, 0, 0.0864711, 34.9185, 19.8828, 45.6289)

[node name="43Torch110" parent="Torch" instance=ExtResource("56_sh4g1")]
transform = Transform3D(1, 0, 0, 0, 1, 0, 0, 0, 1, 17.3706, 19.8828, 40.9297)

[node name="43Torch111" parent="Torch" instance=ExtResource("56_sh4g1")]
transform = Transform3D(-0.160098, 0, -0.987101, 0, 1, 0, 0.987101, 0, -0.160098, 27.1301, 19.8828, 34.3723)

[node name="43Torch112" parent="Torch" instance=ExtResource("56_sh4g1")]
transform = Transform3D(1, 0, 0, 0, 1, 0, 0, 0, 1, 42.3706, 19.8828, 37.9297)

[node name="43Torch113" parent="Torch" instance=ExtResource("56_sh4g1")]
transform = Transform3D(0.0864711, 0, 0.996254, 0, 1, 0, -0.996254, 0, 0.0864711, 45.9185, 19.8828, 30.6289)

[node name="43Torch114" parent="Torch" instance=ExtResource("56_sh4g1")]
transform = Transform3D(0.0864711, 0, -0.996254, 0, 1, 0, 0.996254, 0, 0.0864711, 27.0591, 19.8047, 26.3711)

[node name="43Torch115" parent="Torch" instance=ExtResource("56_sh4g1")]
transform = Transform3D(-0.985046, 0, 0.172295, 0, 1, 0, -0.172295, 0, -0.985046, 28.6274, 19.8047, 11.0926)

[node name="43Torch116" parent="Torch" instance=ExtResource("56_sh4g1")]
transform = Transform3D(-0.0370969, 0, 0.999312, 0, 1, 0, -0.999312, 0, -0.0370969, 53.9345, 19.8047, 13.1762)

[node name="43Torch117" parent="Torch" instance=ExtResource("56_sh4g1")]
transform = Transform3D(-0.985046, 0, 0.172295, 0, 1, 0, -0.172295, 0, -0.985046, 32.6274, 19.8047, 6.0926)

[node name="43Torch118" parent="Torch" instance=ExtResource("56_sh4g1")]
transform = Transform3D(0.208718, 0, 0.977976, 0, 1, 0, -0.977976, 0, 0.208718, 45.8636, 19.8047, -10.3735)

[node name="43Torch119" parent="Torch" instance=ExtResource("56_sh4g1")]
transform = Transform3D(-0.999694, 0, 0.0247344, 0, 1, 0, -0.0247344, 0, -0.999694, 33.6293, 19.8047, -13.9265)

[node name="43Torch120" parent="Torch" instance=ExtResource("56_sh4g1")]
transform = Transform3D(1, 0, 0, 0, 1, 0, 0, 0, 1, 20.3706, 19.8047, -10.0703)

[node name="43Torch121" parent="Torch" instance=ExtResource("56_sh4g1")]
transform = Transform3D(-0.999694, 0, 0.0247344, 0, 1, 0, -0.0247344, 0, -0.999694, 8.62931, 19.8047, -13.9265)

[node name="43Torch122" parent="Torch" instance=ExtResource("56_sh4g1")]
transform = Transform3D(1, 0, 0, 0, 1, 0, 0, 0, 1, -1.62936, 19.8047, -10.0703)

[node name="43Torch123" parent="Torch" instance=ExtResource("56_sh4g1")]
transform = Transform3D(1, 0, 0, 0, 1, 0, 0, 0, 1, -8.62936, 19.8047, -10.0703)

[node name="43Torch124" parent="Torch" instance=ExtResource("56_sh4g1")]
transform = Transform3D(0.0864711, 0, -0.996254, 0, 1, 0, 0.996254, 0, 0.0864711, 43.0982, 19.8828, -21.6289)

[node name="43Torch125" parent="Torch" instance=ExtResource("56_sh4g1")]
transform = Transform3D(0.0864711, 0, 0.996254, 0, 1, 0, -0.996254, 0, 0.0864711, 45.9576, 19.7656, -29.3711)

[node name="43Torch126" parent="Torch" instance=ExtResource("56_sh4g1")]
transform = Transform3D(-0.985046, 0, 0.172295, 0, 1, 0, -0.172295, 0, -0.985046, 51.6274, 18.3594, -45.9074)

[node name="43Torch127" parent="Torch" instance=ExtResource("56_sh4g1")]
transform = Transform3D(0.0864711, 0, -0.996254, 0, 1, 0, 0.996254, 0, 0.0864711, 43.0591, 18.3594, -51.6289)

[node name="43Torch128" parent="Torch" instance=ExtResource("56_sh4g1")]
transform = Transform3D(1, 0, 0, 0, 1, 0, 0, 0, 1, 34.3706, 18.3594, -43.0703)

[node name="43Torch129" parent="Torch" instance=ExtResource("56_sh4g1")]
transform = Transform3D(0.0864711, 0, 0.996254, 0, 1, 0, -0.996254, 0, 0.0864711, 27.9185, 18.3594, -49.3711)

[node name="43Torch130" parent="Torch" instance=ExtResource("56_sh4g1")]
transform = Transform3D(-0.998776, 0, 0.0494537, 0, 1, 0, -0.0494537, 0, -0.998776, 26.512, 18.3594, -57.9389)

[node name="43Torch131" parent="Torch" instance=ExtResource("56_sh4g1")]
transform = Transform3D(-0.985046, 0, 0.172295, 0, 1, 0, -0.172295, 0, -0.985046, 18.6274, 18.3594, -45.9074)

[node name="43Torch132" parent="Torch" instance=ExtResource("56_sh4g1")]
transform = Transform3D(0.0864711, 0, 0.996254, 0, 1, 0, -0.996254, 0, 0.0864711, 11.9185, 18.3594, -51.3711)

[node name="43Torch133" parent="Torch" instance=ExtResource("56_sh4g1")]
transform = Transform3D(-0.985046, 0, 0.172295, 0, 1, 0, -0.172295, 0, -0.985046, 2.62742, 18.3594, -45.9074)

[node name="43Torch134" parent="Torch" instance=ExtResource("56_sh4g1")]
transform = Transform3D(-0.985046, 0, 0.172295, 0, 1, 0, -0.172295, 0, -0.985046, -6.37258, 18.3594, -45.9074)

[node name="43Torch135" parent="Torch" instance=ExtResource("56_sh4g1")]
transform = Transform3D(-0.0370969, 0, 0.999312, 0, 1, 0, -0.999312, 0, -0.0370969, 41.9345, 19.8438, -36.3707)

[node name="43Torch136" parent="Torch" instance=ExtResource("56_sh4g1")]
transform = Transform3D(-0.160098, 0, -0.987101, 0, 1, 0, 0.987101, 0, -0.160098, 28.091, 19.8438, -36.6277)

[node name="43Torch137" parent="Torch" instance=ExtResource("56_sh4g1")]
transform = Transform3D(-0.985046, 0, 0.172295, 0, 1, 0, -0.172295, 0, -0.985046, 34.6274, 19.8438, -41.9074)

[node name="43Torch138" parent="Torch" instance=ExtResource("56_sh4g1")]
transform = Transform3D(-0.160098, 0, -0.987101, 0, 1, 0, 0.987101, 0, -0.160098, 14.091, 19.8438, -36.6277)

[node name="43Torch139" parent="Torch" instance=ExtResource("56_sh4g1")]
transform = Transform3D(-0.0370969, 0, 0.999312, 0, 1, 0, -0.999312, 0, -0.0370969, 25.9345, 19.8438, -36.3707)

[node name="43Torch140" parent="Torch" instance=ExtResource("56_sh4g1")]
transform = Transform3D(-0.985046, 0, 0.172295, 0, 1, 0, -0.172295, 0, -0.985046, 4.62742, 19.8438, -41.9074)

[node name="43Torch141" parent="Torch" instance=ExtResource("56_sh4g1")]
transform = Transform3D(-0.160098, 0, -0.987101, 0, 1, 0, 0.987101, 0, -0.160098, -1.90898, 19.8438, -34.6277)

[node name="43Torch142" parent="Torch" instance=ExtResource("56_sh4g1")]
transform = Transform3D(1, 0, 0, 0, 1, 0, 0, 0, 1, 5.37064, 20.2344, -17.0312)

[node name="43Torch143" parent="Torch" instance=ExtResource("56_sh4g1")]
transform = Transform3D(-0.160098, 0, -0.987101, 0, 1, 0, 0.987101, 0, -0.160098, -1.90898, 19.8438, -21.6277)

[node name="43Torch144" parent="Torch" instance=ExtResource("56_sh4g1")]
transform = Transform3D(-0.0370969, 0, 0.999312, 0, 1, 0, -0.999312, 0, -0.0370969, 11.9345, 19.8438, -21.3707)

[node name="43Torch145" parent="Torch" instance=ExtResource("56_sh4g1")]
transform = Transform3D(1, 0, 0, 0, 1, 0, 0, 0, 1, 20.3706, 19.8438, -15.0312)

[node name="43Torch146" parent="Torch" instance=ExtResource("56_sh4g1")]
transform = Transform3D(-0.0370969, 0, 0.999312, 0, 1, 0, -0.999312, 0, -0.0370969, 26.9345, 19.8438, -21.3707)

